0.011186
0.0035324
-0.00093234
-0.0066727
-0.024532
-0.018472
-0.0085862
-0.024532
-0.033142
-0.041115
-0.049726
-0.053234
-0.029634
-0.050044
-0.061206
-0.061525
-0.058017
-0.06025
-0.06025
-0.052277
-0.061525
-0.057379
-0.055147
-0.053552
-0.033142
-0.033142
-0.053234
-0.059293
-0.029953
-0.017835
-0.032504
-0.042391
-0.04845
-0.043028
-0.044304
-0.047812
-0.053234
-0.067903
-0.051958
-0.04558
-0.048769
-0.06025
-0.060569
-0.059931
-0.063758
-0.048131
-0.037607
-0.045899
-0.046855
-0.040477
-0.036331
-0.045899
-0.037926
-0.047812
-0.058017
-0.041434
-0.024851
-0.039202
-0.039839
-0.043028
-0.03665
-0.04271
-0.035056
-0.040477
-0.037607
-0.032186
-0.043347
-0.041753
-0.041434
-0.048131
-0.053234
-0.039202
-0.040158
-0.03665
-0.043666
-0.04845
-0.049088
-0.046218
-0.032823
-0.027402
-0.037926
-0.046218
-0.035694
-0.036331
-0.030272
-0.036331
-0.045899
-0.046536
-0.024851
-0.038245
-0.044623
-0.040158
-0.029634
-0.034099
-0.038245
-0.027083
-0.043028
-0.044623
-0.037288
-0.016559
-0.016878
-0.022937
-0.025488
-0.029953
-0.027721
-0.0105
-0.0047593
-0.0038025
-0.015283
-0.018472
-0.018472
-0.012732
-0.0060349
-0.032823
-0.037926
-0.030591
-0.039202
-0.038883
-0.050044
-0.056104
-0.071093
-0.057061
-0.054509
-0.053552
-0.059931
-0.056742
-0.053234
-0.05132
-0.044623
-0.027402
-0.017197
-0.027402
-0.019748
-0.017197
-0.016559
-0.013051
-0.011456
-0.022937
-0.0095429
-0.0031647
-0.0063538
-0.021661
-0.032186
-0.014327
-0.016559
-0.012413
-0.037926
-0.055147
-0.052277
-0.048769
-0.058655
-0.058336
-0.06025
-0.079065
-0.076833
-0.038883
-0.03378
-0.044942
-0.047493
-0.049088
-0.038883
-0.016559
0.0013
-0.015921
-0.014327
-0.0066727
-0.013051
-0.012094
-0.0073105
-0.0060349
-0.028359
-0.020386
-0.021024
-0.031548
-0.043347
-0.047493
-0.052277
-0.058655
-0.046536
-0.046536
-0.061206
-0.072687
-0.067903
-0.06886
-0.067585
-0.066628
-0.073006
-0.069817
-0.053871
-0.050044
-0.054828
-0.053552
-0.053234
-0.04558
-0.044304
-0.030591
-0.039839
-0.038883
-0.042072
-0.042391
-0.034099
-0.037607
-0.040477
-0.049407
-0.052277
-0.04271
-0.032504
-0.041434
-0.043666
-0.038245
-0.028996
-0.024213
-0.016559
-0.026126
-0.031548
-0.024851
-0.022618
-0.019429
-0.017835
-0.016878
-0.040477
-0.033461
-0.018791
-0.011775
-0.024532
-0.032186
-0.03091
-0.030591
-0.027402
-0.022618
-0.023575
-0.028996
-0.021343
-0.027083
-0.035694
-0.022937
0.0057648
-0.017197
-0.014327
-0.0079484
-0.010181
-0.022299
-0.021343
-0.014327
-0.021024
-0.0034836
-0.030591
-0.031229
-0.037926
-0.031548
-0.036331
-0.048131
-0.049407
-0.061206
-0.061844
-0.044623
-0.042072
-0.052596
-0.052915
-0.056423
-0.050044
-0.051958
-0.042391
-0.059293
-0.058017
-0.06312
-0.059612
-0.064714
-0.069817
-0.069179
-0.087995
-0.07173
-0.060569
-0.062163
-0.074282
-0.074601
-0.055466
-0.050044
-0.042391
-0.047174
-0.055466
-0.053234
-0.049088
-0.043985
-0.041434
-0.043347
-0.050363
-0.050682
-0.032504
-0.024532
-0.022299
-0.018153
-0.014008
-0.017197
-0.015921
-0.00061343
-0.010819
-0.0105
-0.0085862
-0.014645
-0.023894
-0.02804
-0.026126
-0.037926
-0.057061
-0.041434
-0.037607
-0.058974
-0.06312
-0.06312
-0.066947
-0.059293
-0.04845
-0.059612
-0.062163
-0.052277
-0.05419
-0.052277
-0.050682
-0.050363
-0.061844
-0.046218
-0.044304
-0.040477
-0.043985
-0.044623
-0.03952
-0.040158
-0.029315
-0.0031647
0.0067215
-0.021024
-0.013689
-0.0025269
-0.0069916
-0.0028458
-0.0038025
-0.012413
0.004808
0.012781
-0.0095429
-0.014008
-0.0069916
-0.010819
-0.036012
-0.03091
-0.043347
-0.042391
-0.050363
-0.057379
-0.066309
-0.074601
-0.066947
-0.085762
-0.088633
-0.070774
-0.069179
-0.075557
-0.075238
-0.072368
-0.063758
-0.053552
-0.032504
-0.034737
-0.04845
-0.038564
-0.028996
-0.028996
-0.028996
-0.026764
-0.040158
-0.021661
-0.020705
-0.01911
-0.023575
-0.042391
-0.038564
-0.03665
-0.031229
-0.030591
-0.042072
-0.049088
-0.041753
-0.050044
-0.033142
-0.030591
-0.037926
-0.021661
-0.017835
-0.026764
-0.022618
-0.017835
-0.013051
-0.010819
-0.010819
-0.013689
-0.022618
-0.026126
-0.023894
-0.019748
-0.02517
-0.040796
-0.056742
-0.066309
-0.040158
-0.047174
-0.053552
-0.057379
-0.052277
-0.047493
-0.049407
-0.043347
-0.032504
-0.041434
-0.034737
-0.030591
-0.030272
-0.028678
-0.028359
-0.02804
-0.037288
-0.023256
-0.018472
-0.019429
-0.023894
-0.027402
-0.027402
-0.023256
-0.017835
-0.02198
-0.02804
-0.034099
-0.031548
-0.033461
-0.034418
-0.034418
-0.044304
-0.049407
-0.036969
-0.029634
-0.035056
-0.036331
-0.036012
-0.035375
-0.034418
-0.02198
-0.018153
-0.023575
-0.026445
-0.020705
-0.019748
-0.02198
-0.01911
-0.027721
-0.013689
-0.0044404
-0.00061343
-0.0095429
-0.0082673
-0.0025269
-0.0063538
-0.0012513
0.0099106
-0.0069916
-0.011775
-0.016559
-0.024213
-0.02517
-0.025488
-0.029634
-0.044942
-0.055147
-0.047174
-0.050682
-0.057698
-0.065033
-0.059612
-0.056423
-0.045899
-0.039839
-0.04845
-0.028996
-0.027402
-0.033142
-0.03665
-0.035694
-0.032823
-0.018472
-0.012413
-0.021661
-0.022299
-0.025488
-0.020067
-0.02804
-0.040158
-0.02804
-0.041434
-0.041115
-0.044304
-0.043028
-0.043666
-0.049088
-0.028996
-0.026126
-0.019429
-0.027083
-0.015921
-0.009224
0.0016189
0.0013
0.00066221
0.0070404
0.016289
0.00098112
-0.029634
-0.0069916
-0.014327
-0.033461
-0.041753
-0.057379
-0.06312
-0.043347
-0.062482
-0.071093
-0.076833
-0.075876
-0.072368
-0.075557
-0.057698
-0.061206
-0.064395
-0.066628
-0.058017
-0.057698
-0.054828
-0.049407
-0.049088
-0.059293
-0.050682
-0.042391
-0.043985
-0.041753
-0.043028
-0.041115
-0.041115
-0.030272
-0.037288
-0.038883
-0.032823
-0.038883
-0.036331
-0.030591
-0.034737
-0.038883
-0.032823
-0.02804
-0.023575
-0.027721
-0.027721
-0.022937
-0.027083
-0.014327
0.0076782
-0.0082673
-0.017516
-0.013051
-0.017197
-0.014327
-0.0053971
-0.0060349
-0.0079484
-0.0025269
-0.0025269
0.0057648
-0.0028458
-0.0031647
-0.0044404
-0.0098618
0.0041702
-0.0105
-0.023575
-0.025807
-0.022299
-0.030272
-0.037926
-0.044304
-0.059293
-0.074282
-0.065352
-0.054509
-0.064395
-0.069179
-0.068222
-0.068541
-0.063439
-0.04845
-0.06599
-0.061844
-0.058974
-0.061525
-0.057698
-0.053234
-0.045261
-0.058336
-0.058336
-0.046855
-0.027721
-0.029634
-0.045899
-0.046855
-0.04271
-0.02198
-0.013689
-0.02804
-0.035375
-0.026764
-0.025807
-0.023256
-0.027402
-0.037288
-0.042072
-0.023256
-0.02517
-0.029953
-0.032504
-0.030591
-0.025807
-0.029315
-0.0073105
-0.00093234
-0.014964
-0.021343
-0.002208
-0.0041214
-0.0053971
2.4388e-05
-0.009224
-0.016878
-0.0034836
-0.012413
-0.011137
-0.0098618
-0.0076295
-0.015602
-0.021661
-0.012094
-0.030272
-0.036969
-0.024851
-0.022937
-0.032504
-0.039202
-0.041115
-0.049407
-0.037288
-0.036969
-0.038245
-0.051639
-0.045899
-0.044623
-0.047812
-0.043028
-0.023256
-0.043985
-0.055466
-0.039202
-0.033461
-0.032186
-0.034737
-0.034418
-0.049407
-0.03091
-0.023575
-0.024532
-0.020386
-0.026445
-0.03665
-0.04558
-0.020705
-0.023575
-0.031548
-0.036969
-0.040477
-0.041115
-0.043985
-0.044623
-0.052596
-0.056423
-0.027721
-0.016559
-0.029953
-0.031548
-0.029315
-0.026126
-0.022618
-0.017835
-0.028359
-0.025807
-0.023575
-0.030272
-0.043666
-0.038245
-0.037607
-0.055147
-0.04845
-0.044942
-0.044304
-0.040796
-0.039202
-0.036969
-0.039202
-0.026445
-0.012732
-0.019748
-0.02804
-0.021024
-0.024851
-0.026764
-0.024851
-0.034099
-0.046536
-0.031867
-0.031548
-0.036331
-0.049407
-0.053234
-0.053552
-0.055785
-0.036969
-0.040796
-0.049407
-0.051639
-0.038564
-0.041115
-0.040158
-0.038883
-0.04845
-0.050682
-0.03665
-0.024213
-0.037607
-0.041434
-0.035694
-0.040477
-0.032504
-0.014327
-0.029634
-0.033142
-0.013689
-0.0012513
-0.0031647
0.00098112
-0.00029452
-0.018791
-0.0073105
0.0013
0.021391
0.0032135
-0.00029452
-0.0076295
-0.011456
0.00098112
-0.002208
-0.035056
-0.043985
-0.040477
-0.044942
-0.044304
-0.052915
-0.066947
-0.074601
-0.057379
-0.053234
-0.057698
-0.052277
-0.052915
-0.044942
-0.040796
-0.035694
-0.046855
-0.041753
-0.041753
-0.03665
-0.038883
-0.046536
-0.04271
-0.045899
-0.052915
-0.053871
-0.041115
-0.043347
-0.04845
-0.049088
-0.049407
-0.04845
-0.036331
-0.046855
-0.050044
-0.04558
-0.044304
-0.043028
-0.04558
-0.047174
-0.053871
-0.036969
-0.036969
-0.038883
-0.047174
-0.053234
-0.042391
-0.043028
-0.028359
-0.02804
-0.036969
-0.042072
-0.041753
-0.027721
-0.025488
-0.026445
-0.031229
-0.03665
-0.029953
-0.023575
-0.019429
-0.023575
-0.026126
-0.026445
-0.032823
-0.020386
-0.032504
-0.029634
-0.036969
-0.036012
-0.040796
-0.040477
-0.040158
-0.053552
-0.055147
-0.040796
-0.031548
-0.043028
-0.040796
-0.03378
-0.032504
-0.03091
-0.018472
-0.029315
-0.036331
-0.035694
-0.032823
-0.031229
-0.041115
-0.043347
-0.053234
-0.043028
-0.035694
-0.040477
-0.046218
-0.052277
-0.049088
-0.047812
-0.037607
-0.031229
-0.035375
-0.03378
-0.031229
-0.031548
-0.02804
-0.024851
-0.029634
-0.034418
-0.015921
-0.0085862
-0.012094
-0.023575
-0.023894
-0.020705
-0.015602
-0.009224
-0.030272
-0.01624
-0.016559
-0.014008
-0.022618
-0.023256
0.0032135
-0.0012513
-0.016559
-0.002208
0.0067215
0.004808
-0.0018891
0.011824
0.004808
0.0131
0.015332
-0.0044404
-0.012413
-0.0085862
-0.03952
-0.031229
-0.034099
-0.041434
-0.059931
-0.056104
-0.062482
-0.064395
-0.064714
-0.066947
-0.06312
-0.064714
-0.05419
-0.049407
-0.056742
-0.050363
-0.050044
-0.047174
-0.044304
-0.040158
-0.040158
-0.047812
-0.030272
-0.023575
-0.028359
-0.036012
-0.032186
-0.025488
-0.024532
-0.02198
-0.032186
-0.026764
-0.030591
-0.026445
-0.022618
-0.030591
-0.027721
-0.035375
-0.033461
-0.024532
-0.020067
-0.021024
-0.020705
-0.020705
-0.021343
-0.0095429
-0.0079484
-0.024532
-0.037288
-0.029315
-0.034099
-0.036969
-0.045261
-0.048131
-0.055785
-0.039839
-0.04558
-0.059612
-0.06312
-0.054828
-0.04271
-0.044942
-0.040477
-0.034737
-0.035694
-0.037607
-0.031229
-0.021343
-0.017835
-0.021024
-0.020705
-0.03665
-0.027083
-0.012732
-0.010819
-0.016559
-0.022618
-0.022299
-0.031229
-0.025488
-0.024213
-0.020705
-0.034099
-0.033142
-0.030272
-0.037926
-0.039839
-0.047812
-0.045899
-0.038245
-0.032823
-0.034099
-0.030272
-0.040796
-0.036331
-0.032504
-0.024851
-0.041115
-0.049088
-0.035056
-0.038883
-0.043347
-0.043347
-0.043985
-0.055785
-0.037288
-0.035056
-0.036969
-0.045899
-0.041434
-0.045261
-0.038883
-0.018153
-0.01911
-0.03665
-0.042391
-0.034099
-0.029634
-0.037288
-0.038883
-0.043666
-0.052596
-0.039839
-0.029634
-0.038883
-0.038883
-0.039839
-0.038883
-0.036012
-0.012732
-0.019748
-0.01911
-0.018791
-0.016878
-0.014008
-0.014645
-0.013689
-0.018791
-0.019429
-0.013051
-0.015921
-0.022937
-0.021343
-0.023894
-0.029953
-0.019429
-0.015921
-0.037607
-0.040796
-0.041434
-0.044304
-0.035375
-0.036012
-0.040158
-0.051001
-0.037288
-0.035056
-0.036969
-0.037288
-0.03378
-0.032504
-0.032823
-0.025488
-0.019429
-0.024213
-0.028678
-0.027083
-0.02804
-0.028678
-0.02804
-0.035694
-0.037926
-0.030272
-0.026764
-0.032823
-0.035694
-0.035694
-0.033142
-0.040158
-0.030272
-0.034099
-0.034418
-0.037607
-0.037288
-0.033142
-0.034737
-0.029634
-0.034737
-0.039839
-0.029634
-0.030591
-0.033142
-0.034418
-0.03378
-0.034737
-0.029315
-0.014645
-0.024851
-0.04271
-0.03952
-0.023894
-0.018791
-0.026126
-0.021343
-0.032823
-0.022299
-0.0050782
-0.0079484
-0.0076295
-0.0060349
-0.0038025
-0.0044404
0.01023
0.00098112
-0.0105
-0.0060349
-0.009224
-0.014327
-0.015283
-0.026126
-0.036331
-0.035694
-0.027721
-0.028678
-0.032186
-0.026126
-0.013051
-0.022618
-0.02198
-0.011775
-0.020705
-0.016878
-0.014327
-0.01337
-0.014964
-0.012413
-0.023894
-0.028996
-0.036012
-0.032504
-0.02198
-0.039202
-0.043985
-0.03952
-0.04271
-0.04271
-0.031867
-0.044942
-0.049407
-0.04558
-0.039839
-0.03091
-0.043347
-0.042072
-0.047174
-0.036012
-0.037926
-0.03665
-0.041434
-0.042391
-0.033142
-0.028359
-0.026445
-0.026445
-0.031548
-0.040158
-0.041115
-0.036331
-0.029634
-0.046536
-0.055147
-0.063439
-0.04558
-0.040477
-0.044304
-0.051639
-0.057698
-0.058974
-0.056104
-0.043985
-0.055785
-0.055785
-0.052915
-0.046218
-0.050363
-0.051639
-0.047493
-0.055466
-0.050044
-0.040796
-0.037926
-0.04271
-0.044623
-0.04558
-0.038564
-0.035056
-0.023894
-0.038245
-0.045899
-0.034418
-0.036331
-0.03952
-0.040796
-0.039839
-0.041753
-0.028996
-0.03952
-0.046218
-0.038245
-0.023894
-0.024213
-0.033461
-0.021024
-0.022299
-0.025488
-0.029315
-0.02804
-0.026126
-0.020067
-0.022299
-0.031229
-0.048769
-0.022299
-0.014645
-0.020705
-0.02804
-0.029953
-0.038883
-0.031548
-0.01911
-0.025488
-0.034099
-0.033142
-0.031229
-0.027721
-0.032823
-0.038564
-0.041753
-0.03378
-0.032823
-0.022618
-0.029634
-0.03091
-0.028359
-0.021661
-0.022618
-0.010181
-0.018791
-0.023894
-0.01911
-0.016878
-0.013689
-0.013689
-0.012094
-0.019429
-0.0098618
-0.00029452
-0.0079484
-0.018791
-0.0069916
-0.0098618
-0.014645
-0.0015702
-0.014645
-0.026764
-0.027721
-0.021024
-0.028678
-0.032823
-0.03952
-0.049407
-0.057379
-0.039839
-0.035375
-0.049088
-0.04558
-0.037288
-0.035056
-0.029634
-0.022299
-0.032186
-0.03378
-0.02517
-0.022618
-0.017516
-0.015602
-0.015283
-0.015283
0.0079971
-0.0066727
0.00098112
-0.0012513
-0.0015702
2.4388e-05
-0.0028458
-0.0015702
0.0067215
-0.0050782
-0.030591
-0.028359
-0.021024
-0.023256
-0.039839
-0.047812
-0.055147
-0.047493
-0.036969
-0.036969
-0.045899
-0.051001
-0.04558
-0.042391
-0.032504
-0.036969
-0.037288
-0.039839
-0.032504
-0.04271
-0.042391
-0.04845
-0.052277
-0.058655
-0.06025
-0.044942
-0.049726
-0.050363
-0.048131
-0.051958
-0.050682
-0.039202
-0.047493
-0.045899
-0.035375
-0.035375
-0.038245
-0.040158
-0.041434
-0.045261
-0.035694
-0.029953
-0.028996
-0.036012
-0.038245
-0.033461
-0.041115
-0.040477
-0.022299
-0.031229
-0.044942
-0.04558
-0.044304
-0.038883
-0.04271
-0.051639
-0.057698
-0.043666
-0.038245
-0.04271
-0.042072
-0.042391
-0.040477
-0.040477
-0.031548
-0.036969
-0.037926
-0.037288
-0.03665
-0.036969
-0.038245
-0.034737
-0.041115
-0.04271
-0.032504
-0.02198
-0.028678
-0.02804
-0.022618
-0.022618
-0.023894
-0.013051
-0.020067
-0.019429
-0.023256
-0.025807
-0.019748
-0.027721
-0.028996
-0.043985
-0.042391
-0.037607
-0.039202
-0.048769
-0.03665
-0.033142
-0.041753
-0.03665
-0.031548
-0.040477
-0.041753
-0.037926
-0.031867
-0.025488
-0.030272
-0.03091
-0.040796
-0.028678
-0.023256
-0.018153
-0.01911
-0.022618
-0.027083
-0.032823
-0.018153
-0.019748
-0.024851
-0.036331
-0.041115
-0.037607
-0.043347
-0.046855
-0.052596
-0.06025
-0.052915
-0.053234
-0.059612
-0.055147
-0.042072
-0.044942
-0.049407
-0.031229
-0.030591
-0.028996
-0.024851
-0.019748
-0.022618
-0.014327
-0.013689
-0.030591
-0.021343
-0.009224
-0.0085862
-0.020705
-0.026764
-0.032823
-0.031867
-0.023575
-0.026126
-0.038883
-0.047174
-0.043985
-0.044942
-0.037926
-0.036012
-0.045261
-0.035056
-0.013689
-0.018791
-0.024213
-0.017197
-0.014327
-0.014645
-0.010819
-0.00093234
-0.01624
-0.014008
-0.027721
-0.040477
-0.032504
-0.032823
-0.047812
-0.066628
-0.066947
-0.058017
-0.06025
-0.069498
-0.070455
-0.062801
-0.062163
-0.059612
-0.044942
-0.052915
-0.055785
-0.047493
-0.043985
-0.043028
-0.040477
-0.038245
-0.05132
-0.042072
-0.033461
-0.024213
-0.036331
-0.031548
-0.025488
-0.022618
-0.018791
-0.01337
-0.027402
-0.031229
-0.026445
-0.03378
-0.030272
-0.012413
-0.028678
-0.04271
-0.037288
-0.027083
-0.031229
-0.033142
-0.03378
-0.032504
-0.025488
-0.014327
-0.028359
-0.032823
-0.02517
-0.020705
-0.026445
-0.025488
-0.023894
-0.031229
-0.03665
-0.022937
-0.01337
-0.014645
-0.017197
-0.021024
-0.018791
-0.0098618
0.0003433
-0.0085862
-0.017197
-0.005716
-0.0073105
-0.0105
-0.01624
-0.020705
-0.019748
-0.0063538
-0.015602
-0.02198
-0.028359
-0.026445
-0.024532
-0.035694
-0.01911
-0.01624
-0.032186
-0.034418
-0.03091
-0.041115
-0.043028
-0.034099
-0.040158
-0.055466
-0.033142
-0.02517
-0.034418
-0.036012
-0.032504
-0.033142
-0.028996
-0.016559
-0.02198
-0.017197
-0.024213
-0.03091
-0.026126
-0.022937
-0.031229
-0.040796
-0.036969
-0.020067
-0.014008
-0.029953
-0.033142
-0.030591
-0.026764
-0.032186
-0.014327
-0.023575
-0.031229
-0.032823
-0.033142
-0.044942
-0.038245
-0.038564
-0.055147
-0.044942
-0.041434
-0.051001
-0.055785
-0.05132
-0.052596
-0.049407
-0.036331
-0.032504
-0.04271
-0.04558
-0.038883
-0.038245
-0.038883
-0.037607
-0.044304
-0.055466
-0.038564
-0.037926
-0.033142
-0.035694
-0.038883
-0.033142
-0.03091
-0.018153
-0.021343
-0.025488
-0.034737
-0.024532
-0.023256
-0.019748
-0.022618
-0.024851
-0.028359
-0.01911
-0.018153
-0.027721
-0.028678
-0.027083
-0.028678
-0.031548
-0.017197
-0.030272
-0.041753
-0.032823
-0.031229
-0.028678
-0.040158
-0.052596
-0.066309
-0.036331
-0.035375
-0.041115
-0.045899
-0.050044
-0.045261
-0.04558
-0.035056
-0.03091
-0.036331
-0.04271
-0.034737
-0.028678
-0.027721
-0.025488
-0.038564
-0.041434
-0.025488
-0.016878
-0.023894
-0.027083
-0.024213
-0.021661
-0.022299
-0.0073105
-0.020067
-0.027402
-0.023575
-0.011456
-0.01911
-0.017516
-0.014645
-0.026126
-0.026445
-0.014964
-0.01337
-0.034737
-0.019748
-0.018791
-0.029634
-0.033142
-0.022618
-0.024532
-0.037288
-0.041434
-0.044623
-0.048131
-0.05132
-0.051001
-0.062482
-0.054828
-0.05419
-0.050044
-0.055785
-0.053871
-0.043347
-0.044942
-0.031548
-0.034737
-0.036331
-0.03378
-0.027721
-0.028996
-0.029953
-0.022299
-0.034099
-0.038245
-0.023894
-0.011456
-0.01624
-0.02198
-0.019429
-0.025488
-0.019748
-0.0018891
-0.016559
-0.0073105
-0.0073105
-0.014645
-0.02198
-0.018791
-0.0095429
-0.018153
-0.01624
-0.017197
-0.016559
-0.029315
-0.036331
-0.037607
-0.030591
-0.016878
-0.0053971
-0.024851
-0.032186
-0.022937
-0.021343
-0.013051
-0.015921
-0.011775
-0.024851
-0.005716
-0.0098618
-0.018472
-0.013051
-0.010819
-0.01337
-0.014327
-0.015921
-0.0031647
-0.01337
-0.04271
-0.037607
-0.034737
-0.033142
-0.038564
-0.050044
-0.053552
-0.047493
-0.044304
-0.052915
-0.050044
-0.052596
-0.045899
-0.055785
-0.054509
-0.053552
-0.050363
-0.047812
-0.04558
-0.046536
-0.050363
-0.044942
-0.04845
-0.050363
-0.043347
-0.043028
-0.043985
-0.037288
-0.041753
-0.04845
-0.037288
-0.023575
-0.038564
-0.040796
-0.027721
-0.034737
-0.023575
-0.028678
-0.030591
-0.036969
-0.013689
-0.010181
-0.013689
-0.015283
-0.021024
-0.020067
-0.012413
-0.0044404
-0.020386
-0.023575
-0.027721
-0.030272
-0.037607
-0.02517
-0.014964
-0.023575
-0.038564
-0.02517
-0.014645
-0.024851
-0.027083
-0.022618
-0.017197
-0.019429
-0.013051
-0.025488
-0.029315
-0.031229
-0.037288
-0.041115
-0.047493
-0.057379
-0.073006
-0.069817
-0.062163
-0.060569
-0.073006
-0.074919
-0.064395
-0.064714
-0.058017
-0.051001
-0.06025
-0.061525
-0.053552
-0.051639
-0.053871
-0.044623
-0.038245
-0.052915
-0.04271
-0.035056
-0.020386
-0.025488
-0.020705
-0.015921
-0.020705
-0.0073105
-0.012732
-0.021343
-0.019748
-0.015602
-0.00061343
-0.0089051
-0.016878
-0.02517
-0.030591
-0.012094
-0.0098618
-0.020705
-0.017197
-0.0038025
-0.014964
-0.017516
-0.014964
-0.022937
-0.018791
-0.013689
-0.02198
-0.028996
-0.034418
-0.044304
-0.055785
-0.044623
-0.03378
-0.037926
-0.047174
-0.04845
-0.049726
-0.039202
-0.032823
-0.022937
-0.033461
-0.038564
-0.02804
-0.028996
-0.019429
-0.020386
-0.02804
-0.030591
-0.0082673
-0.011775
-0.014008
-0.020067
-0.021343
-0.016559
-0.017835
-0.009224
-0.014008
-0.021661
-0.024213
-0.032504
-0.036012
-0.028678
-0.040158
-0.057379
-0.06599
-0.046855
-0.044304
-0.046218
-0.049407
-0.050682
-0.054828
-0.051958
-0.037607
-0.04271
-0.042391
-0.03952
-0.036969
-0.03952
-0.042072
-0.041434
-0.044942
-0.032186
-0.03091
-0.031229
-0.032186
-0.028359
-0.025488
-0.022299
-0.029953
-0.015283
-0.020386
-0.025807
-0.022618
-0.021024
-0.024851
-0.024532
-0.031548
-0.044623
-0.032504
-0.025807
-0.027083
-0.032823
-0.035375
-0.035694
-0.039839
-0.019748
-0.022937
-0.032823
-0.037607
-0.029634
-0.028996
-0.027083
-0.018472
-0.026126
-0.039839
-0.026126
-0.017197
-0.020067
-0.023894
-0.01911
-0.021024
-0.018791
-0.012094
-0.025488
-0.024851
-0.025807
-0.024851
-0.028996
-0.037288
-0.037607
-0.05419
-0.044942
-0.044304
-0.044623
-0.053871
-0.052915
-0.05132
-0.06025
-0.048131
-0.035056
-0.050363
-0.052277
-0.045899
-0.047812
-0.043985
-0.035056
-0.037288
-0.048769
-0.027402
-0.027402
-0.027402
-0.018472
-0.018791
-0.015283
-0.013051
-0.0031647
-0.014008
-0.023256
-0.022937
-0.022299
-0.018153
-0.023575
-0.027721
-0.045261
-0.053552
-0.036969
-0.02804
-0.043666
-0.046218
-0.045899
-0.046855
-0.035056
-0.025488
-0.041753
-0.044304
-0.037607
-0.034099
-0.035375
-0.032823
-0.034737
-0.046536
-0.034737
-0.03665
-0.033142
-0.034418
-0.03952
-0.035056
-0.04271
-0.033461
-0.018791
-0.03091
-0.037288
-0.034418
-0.039839
-0.041115
-0.035694
-0.037607
-0.043985
-0.030591
-0.026126
-0.038564
-0.03378
-0.027721
-0.026126
-0.024851
-0.014964
-0.021024
-0.018153
-0.019748
-0.01911
-0.017516
-0.023256
-0.024213
-0.036012
-0.037607
-0.028678
-0.024213
-0.032186
-0.03952
-0.047812
-0.049726
-0.044623
-0.037288
-0.04271
-0.04845
-0.052915
-0.053234
-0.052596
-0.052915
-0.046218
-0.059931
-0.054509
-0.049726
-0.038883
-0.031229
-0.035694
-0.031867
-0.028996
-0.015283
-0.0018891
-0.016878
-0.018472
-0.011775
-0.011456
-0.0095429
-0.018791
-0.023894
-0.028359
-0.020067
-0.019748
-0.028359
-0.035056
-0.041753
-0.03952
-0.042391
-0.032504
-0.040477
-0.039202
-0.03665
-0.035375
-0.035375
-0.034737
-0.04845
-0.051001
-0.045261
-0.034099
-0.026764
-0.023256
-0.023575
-0.024213
-0.023575
-0.0095429
0.0079971
-0.00061343
-0.0053971
-0.010181
-0.012413
0.0032135
0.0013
0.0022568
-0.015921
-0.00029452
-0.0079484
-0.016878
-0.02198
-0.027402
-0.026445
-0.045899
-0.028996
-0.019748
-0.046855
-0.055785
-0.051001
-0.049088
-0.052596
-0.053234
-0.061844
-0.066947
-0.052915
-0.05419
-0.056423
-0.053552
-0.046536
-0.043985
-0.052596
-0.031867
-0.034737
-0.034737
-0.034737
-0.031867
-0.03378
-0.032823
-0.033461
-0.04558
-0.039202
-0.026445
-0.021024
-0.029634
-0.031548
-0.024213
-0.028678
-0.026445
-0.014964
-0.022299
-0.02804
-0.023575
-0.022937
-0.025488
-0.029634
-0.032504
-0.04558
-0.031229
-0.032186
-0.035056
-0.044942
-0.041434
-0.042072
-0.041753
-0.035375
-0.029315
-0.038883
-0.038564
-0.032186
-0.03091
-0.033461
-0.032823
-0.030272
-0.012094
-0.00061343
-0.011137
-0.017197
-0.012413
-0.0047593
-0.00061343
-0.0050782
0.010867
-0.0034836
-0.014645
-0.0105
-0.019748
-0.017197
-0.036969
-0.041753
-0.05132
-0.053234
-0.046218
-0.047493
-0.058974
-0.063758
-0.065033
-0.065033
-0.060569
-0.050044
-0.059293
-0.064077
-0.058974
-0.054509
-0.053552
-0.055147
-0.054828
-0.068222
-0.06025
-0.056423
-0.044942
-0.043347
-0.047812
-0.044942
-0.036012
-0.023894
-0.019748
-0.024851
-0.031867
-0.027721
-0.02198
-0.017516
-0.014008
-0.016878
-0.017835
-0.011775
-0.0085862
-0.011456
-0.013689
-0.016559
-0.015921
-0.016878
-0.0050782
-0.013689
-0.013051
-0.027402
-0.027083
-0.018791
-0.012094
-0.018791
-0.036012
-0.03952
-0.028996
-0.02804
-0.031229
-0.036012
-0.034099
-0.035694
-0.038564
-0.040158
-0.048769
-0.049407
-0.042391
-0.043347
-0.042391
-0.04271
-0.055785
-0.069817
-0.042391
-0.029315
-0.027083
-0.031867
-0.035375
-0.031229
-0.029953
-0.018791
-0.0089051
-0.017197
-0.020386
-0.013689
-0.018472
-0.024532
-0.031867
-0.038564
-0.036969
-0.02804
-0.02517
-0.031867
-0.035694
-0.034099
-0.041115
-0.038883
-0.026445
-0.03665
-0.039202
-0.039202
-0.035056
-0.034737
-0.03378
-0.037288
-0.049407
-0.044942
-0.037288
-0.032186
-0.037288
-0.026445
-0.022299
-0.023575
-0.02198
-0.012094
-0.01911
-0.024851
-0.018791
-0.019748
-0.012094
-0.021024
-0.027721
-0.038564
-0.02804
-0.016878
-0.01911
-0.024213
-0.025488
-0.024532
-0.020386
-0.014008
-0.0089051
-0.019429
-0.028678
-0.022299
-0.020386
-0.024213
-0.01624
-0.029634
-0.039839
-0.030272
-0.026445
-0.035056
-0.03665
-0.040158
-0.043347
-0.039839
-0.024532
-0.03091
-0.027721
-0.032823
-0.032186
-0.026764
-0.026764
-0.023575
-0.033142
-0.031548
-0.02517
-0.024213
-0.028678
-0.032504
-0.034418
-0.032186
-0.023894
-0.020705
-0.03091
-0.039839
-0.044304
-0.034418
-0.031867
-0.031229
-0.036331
-0.051001
-0.030591
-0.029953
-0.02804
-0.036331
-0.038564
-0.041753
-0.040158
-0.024851
-0.039839
-0.038883
-0.044304
-0.051639
-0.044942
-0.040796
-0.038564
-0.05419
-0.060887
-0.046855
-0.03665
-0.034099
-0.032823
-0.03378
-0.034099
-0.028678
-0.013689
-0.02517
-0.027402
-0.02517
-0.015921
-0.018153
-0.021343
-0.014327
-0.019429
-0.020386
-0.02517
-0.019429
-0.020386
-0.023575
-0.024532
-0.026764
-0.022299
-0.0085862
-0.022937
-0.036969
-0.031548
-0.027721
-0.026445
-0.039839
-0.044942
-0.048769
-0.033461
-0.032504
-0.034099
-0.037926
-0.034737
-0.031867
-0.035694
-0.02517
-0.031229
-0.033461
-0.031548
-0.030272
-0.03091
-0.031548
-0.028678
-0.040158
-0.043028
-0.026126
-0.021024
-0.025488
-0.017835
-0.014964
-0.03091
-0.020386
-0.0034836
-0.014645
-0.016878
-0.014645
-0.017197
-0.014008
-0.01624
-0.011137
-0.023256
-0.024851
-0.01911
-0.0069916
-0.015602
-0.021343
-0.017835
-0.0095429
-0.0079484
-0.0025269
-0.0098618
-0.020386
-0.019748
-0.0085862
-0.014964
-0.01911
-0.024532
-0.038883
-0.027083
-0.031229
-0.030591
-0.038883
-0.043666
-0.04271
-0.044623
-0.037288
-0.043028
-0.043347
-0.050044
-0.047812
-0.043985
-0.046218
-0.048131
-0.056742
-0.061525
-0.052277
-0.041753
-0.046536
-0.04845
-0.045261
-0.043666
-0.039839
-0.028678
-0.042072
-0.038564
-0.03952
-0.031548
-0.023894
-0.026126
-0.024851
-0.031229
-0.02198
-0.012094
-0.0034836
-0.010181
-0.01337
-0.010181
-0.013051
0.0003433
0.0025757
-0.016878
-0.01624
-0.020705
-0.023256
-0.023256
-0.012413
-0.030591
-0.055147
-0.039839
-0.027083
-0.032823
-0.036012
-0.035375
-0.047174
-0.039202
-0.020705
-0.023894
-0.032504
-0.030591
-0.027721
-0.026126
-0.021024
-0.017516
-0.028359
-0.035056
-0.01624
-0.002208
-0.00093234
-0.002208
-0.0053971
-0.00093234
0.0025757
0.011824
0.0028946
0.0016189
0.0057648
-0.0031647
-0.0073105
-0.012413
-0.02198
-0.026445
-0.024851
-0.025488
-0.028359
-0.041115
-0.046855
-0.044304
-0.042072
-0.043347
-0.03378
-0.045261
-0.056742
-0.05419
-0.05132
-0.051639
-0.051639
-0.058336
-0.068222
-0.051958
-0.052277
-0.054828
-0.058017
-0.058336
-0.049088
-0.050044
-0.039202
-0.047812
-0.043985
-0.04558
-0.040477
-0.036331
-0.03665
-0.033142
-0.042391
-0.045261
-0.031867
-0.018791
-0.02517
-0.028996
-0.02804
-0.026764
-0.020067
-0.0066727
-0.019429
-0.021343
-0.020705
-0.019429
-0.018153
-0.01624
-0.022618
-0.044942
-0.03378
-0.027083
-0.024532
-0.031548
-0.03091
-0.030591
-0.033461
-0.022937
-0.016878
-0.020067
-0.01624
-0.023256
-0.027083
-0.02198
-0.017197
-0.017516
-0.021343
-0.014645
-0.010181
-0.012413
-0.021343
-0.021024
-0.021343
-0.020705
-0.01337
-0.027083
-0.034737
-0.032186
-0.037288
-0.026764
-0.032504
-0.048131
-0.057379
-0.052277
-0.044623
-0.039202
-0.042072
-0.043985
-0.044623
-0.045899
-0.03665
-0.027721
-0.034737
-0.02804
-0.024851
-0.023575
-0.021024
-0.020386
-0.018472
-0.027083
-0.020386
-0.016878
-0.015283
-0.022618
-0.020705
-0.018153
-0.023894
-0.014645
-0.009224
-0.027721
-0.032504
-0.029315
-0.02804
-0.029315
-0.028996
-0.037288
-0.043347
-0.029315
-0.023894
-0.029953
-0.032186
-0.035056
-0.02517
-0.032823
-0.023894
-0.032823
-0.031548
-0.033142
-0.032504
-0.031229
-0.029315
-0.026445
-0.034737
-0.038564
-0.028996
-0.027083
-0.027721
-0.02517
-0.023256
-0.021024
-0.018791
-0.0066727
-0.017197
-0.028678
-0.018472
-0.0063538
-0.011775
-0.024532
-0.024213
-0.028678
-0.013689
-0.017835
-0.024532
-0.031229
-0.028359
-0.025488
-0.028996
-0.02198
-0.019748
-0.029953
-0.038883
-0.035694
-0.026126
-0.02804
-0.033461
-0.030272
-0.04271
-0.03091
-0.021024
-0.022299
-0.022299
-0.02198
-0.014964
-0.016559
-0.0053971
-0.014964
-0.016878
-0.014327
-0.018472
-0.020705
-0.024851
-0.02198
-0.038245
-0.029634
-0.011775
-0.017835
-0.030591
-0.01911
-0.0063538
-0.024532
-0.015283
-0.0044404
-0.014964
-0.017516
-0.011137
-0.013689
-0.025488
-0.020705
-0.023894
-0.038564
-0.030591
-0.032823
-0.027721
-0.039839
-0.043347
-0.043028
-0.048131
-0.042391
-0.035375
-0.038564
-0.04271
-0.039839
-0.042391
-0.040158
-0.042391
-0.050363
-0.053871
-0.039202
-0.035375
-0.038245
-0.034418
-0.033142
-0.031867
-0.029315
-0.020705
-0.023256
-0.030591
-0.024532
-0.021024
-0.020386
-0.020705
-0.021024
-0.024213
-0.019429
-0.018153
-0.01624
-0.024851
-0.01911
-0.018472
-0.014645
-0.012094
0.008316
-0.0018891
-0.020067
-0.014964
-0.018153
-0.010819
-0.012413
-0.012413
-0.025488
-0.018153
-0.018791
-0.013689
-0.022618
-0.035375
-0.036969
-0.041115
-0.028678
-0.024532
-0.027083
-0.03378
-0.02804
-0.025488
-0.022937
-0.019429
-0.036012
-0.03952
-0.017835
-0.018791
-0.025488
-0.018472
-0.016559
-0.019748
-0.019429
-0.016559
-0.025807
-0.028678
-0.045261
-0.040477
-0.034418
-0.036012
-0.040158
-0.046218
-0.04558
-0.038245
-0.035056
-0.031548
-0.032823
-0.034418
-0.036012
-0.030272
-0.021024
-0.035694
-0.041115
-0.030591
-0.037926
-0.038245
-0.037288
-0.032186
-0.047174
-0.02804
-0.030272
-0.028996
-0.02517
-0.020386
-0.01624
-0.01624
-0.0066727
0.0035324
-0.0050782
-0.01624
-0.0095429
-0.0085862
-0.014964
-0.0095429
-0.023256
-0.033142
-0.021343
-0.014008
-0.021024
-0.0063538
-0.020386
-0.015602
-0.011456
0.0095917
-0.0034836
-0.01911
0.0041702
0.0028946
0.0054459
-0.00061343
-0.0031647
-0.0041214
-0.0098618
-0.0018891
-0.0047593
-0.015283
-0.0105
-0.022299
-0.018153
-0.011775
0.0032135
-0.020067
-0.030591
-0.031867
-0.031229
-0.032186
-0.027083
-0.029953
-0.040477
-0.023575
-0.032504
-0.037607
-0.037288
-0.029634
-0.02517
-0.034737
-0.027083
-0.015602
-0.018791
-0.035056
-0.02804
-0.027083
-0.031867
-0.035375
-0.038883
-0.043028
-0.02804
-0.02804
-0.032504
-0.022299
-0.026126
-0.033461
-0.022299
-0.0031647
-0.027083
-0.0050782
0.0022568
0.0041702
-0.0031647
-0.011456
-0.0050782
-0.024851
-0.00061343
0.014056
0.0032135
-0.0098618
-0.0044404
-0.0012513
-0.0053971
-0.009224
-0.0034836
-0.01911
-0.024851
-0.012094
-0.018153
-0.020705
-0.023256
-0.033142
-0.045899
-0.035056
-0.033461
-0.039839
-0.059612
-0.065352
-0.062163
-0.063758
-0.053552
-0.053552
-0.059612
-0.066628
-0.058336
-0.056423
-0.052915
-0.054509
-0.060569
-0.064395
-0.049407
-0.028996
-0.027721
-0.018153
-0.017835
-0.021343
-0.028359
-0.011456
-0.024851
-0.023894
-0.02804
-0.02517
-0.0069916
-0.012732
-0.030272
-0.055785
-0.045899
-0.038564
-0.02517
-0.033142
-0.032504
-0.044942
-0.026445
-0.023575
-0.020386
-0.018153
-0.012094
-0.0089051
0.0025757
0.00066221
0.0076782
0.0057648
-0.0073105
0.010548
0.0060837
-0.012732
-0.0089051
0.0073593
-0.0085862
-0.028678
-0.013689
-0.035056
-0.053871
-0.060569
-0.059931
-0.062801
-0.071411
-0.074282
-0.078746
-0.083211
-0.070136
-0.066947
-0.070455
-0.069498
-0.057061
-0.060887
-0.058974
-0.042391
-0.046536
-0.053234
-0.049407
-0.041115
-0.042391
-0.051001
-0.063439
-0.075876
-0.067903
-0.066628
-0.066628
-0.073644
-0.074919
-0.075876
-0.071411
-0.062482
-0.042391
-0.050363
-0.054509
-0.057379
-0.04845
-0.044942
-0.047174
-0.040796
-0.03665
-0.0050782
-0.025488
-0.045261
-0.055466
-0.062163
-0.054509
-0.047493
-0.044942
-0.049726
-0.06025
-0.056104
-0.04845
-0.046855
-0.048131
-0.049088
-0.05132
-0.050682
-0.032186
-0.0085862
-0.0095429
0.0035324
-0.0038025
-0.014964
-0.02198
0.0022568
-0.0073105
-0.021024
-0.024213
-0.018791
-0.014327
0.012462
0.01884
-0.012094
-0.014327
-0.028996
-0.033461
-0.036012
0.008635
0.017883
0.004808
0.00098112
0.0076782
-0.0018891
-0.014327
-0.017197
-0.03091
-0.032504
-0.015283
-0.025488
-0.037607
-0.0105
-0.028996
-0.048131
-0.050044
-0.048131
-0.04558
-0.064395
-0.058017
-0.044942
-0.058017
-0.066947
-0.072049
-0.10171
-0.070455
-0.051639
-0.066947
-0.068541
-0.068222
-0.067266
-0.076195
-0.061844
-0.059293
-0.058017
-0.058017
-0.033142
-0.058017
-0.062482
-0.062163
-0.059293
-0.066628
-0.067903
-0.073644
-0.065671
-0.057379
-0.058017
-0.044304
-0.055785
-0.05132
-0.060569
-0.05132
-0.037288
-0.032823
-0.035375
-0.044304
-0.047174
-0.030272
-0.018153
-0.017197
-0.048131
-0.034418
-0.037607
-0.027721
-0.024851
-0.017197
0.0016189
0.028726
0.03351
0.026175
0.017883
0.0028946
-0.0053971
-0.0015702
0.011186
0.016608
-0.0044404
-0.0044404
-0.024213
-0.041434
-0.04271
-0.053871
-0.079703
-0.082254
-0.086719
-0.084487
-0.07779
-0.091822
-0.08927
-0.08066
-0.062163
-0.036331
-0.03952
-0.058336
-0.06886
-0.04845
-0.030272
-0.032186
-0.026764
-0.014008
-0.025488
-0.03091
-0.043028
-0.029953
-0.041753
-0.081298
-0.089908
-0.10681
-0.099794
-0.084487
-0.099476
-0.090546
-0.074919
-0.077152
-0.075876
-0.10394
-0.10649
-0.094373
-0.083849
-0.036331
-0.016559
-0.029634
-0.047493
-0.04845
-0.072368
-0.058017
-0.043347
-0.052915
-0.058336
-0.053234
-0.052915
-0.059931
-0.059293
-0.064714
-0.051958
-0.054828
-0.026764
-0.025807
-0.051001
-0.055785
-0.056104
-0.045261
-0.032186
-0.036331
-0.039202
0.0016189
-0.021661
-0.020067
-0.045261
-0.049088
-0.03378
-0.035694
0.0025757
0.0079971
-0.0085862
-0.077152
-0.053552
-0.058336
-0.064714
-0.081617
-0.081298
-0.11797
-0.10011
-0.12595
-0.11925
-0.1269
-0.10617
-0.14476
-0.16134
-0.13169
-0.11893
-0.1033
-0.079065
-0.036331
-0.041434
-0.061525
-0.067585
-0.065033
-0.040796
-0.011456
0.0019378
-0.018791
-0.026764
-0.031548
-0.047493
-0.047812
-0.026126
-0.047493
-0.07173
-0.084168
-0.093097
-0.082254
-0.069817
-0.050044
-0.074601
-0.067585
-0.054828
-0.072368
-0.079065
-0.064395
-0.073006
-0.070455
-0.060887
-0.030272
-0.071411
-0.10235
-0.086081
-0.09246
-0.087357
-0.099476
-0.11702
-0.12307
-0.080341
-0.097562
-0.094054
-0.092141
-0.05132
-0.0047593
-0.02198
-0.027402
-0.0050782
-0.016878
-0.0053971
0.011824
0.012143
0.018202
0.025218
-0.0073105
-0.03091
-0.017516
-0.017516
-0.038245
-0.017835
-0.035375
-0.054509
-0.074282
-0.060887
-0.050682
-0.057698
-0.059293
-0.046536
-0.061206
-0.059293
-0.056742
-0.017197
-0.016878
-0.04558
-0.05132
-0.046536
-0.055147
-0.050682
-0.042391
-0.023575
-0.028359
-0.044942
-0.094373
-0.082573
-0.084487
-0.11223
-0.11638
-0.11351
-0.13583
-0.11797
-0.11
-0.12977
-0.13743
-0.11542
-0.13583
-0.1403
-0.13264
-0.11606
-0.12212
-0.11064
-0.092141
-0.095011
-0.084806
-0.078109
-0.084806
-0.057379
-0.074282
-0.083211
-0.093735
-0.07779
-0.042072
-0.036331
-0.06599
-0.043985
-0.042072
-0.017835
-0.061206
-0.079065
-0.086719
-0.08927
-0.096286
-0.087676
-0.066628
-0.06886
-0.074601
-0.093097
-0.084806
-0.071093
-0.085125
-0.082254
-0.067585
-0.08927
-0.069817
-0.049088
-0.035375
-0.022937
-0.01911
-0.029953
-0.058017
-0.040477
-0.027402
-0.028678
-0.032504
-0.024851
-0.026764
-0.043666
-0.054509
-0.061844
-0.064077
-0.060887
-0.071411
-0.067903
-0.084487
-0.11255
-0.1218
-0.13232
-0.12244
-0.10075
-0.12977
-0.13551
-0.15241
-0.18144
-0.17155
-0.15784
-0.16677
-0.16868
-0.1572
-0.13838
-0.13009
-0.11893
-0.1387
-0.132
-0.08353
-0.058336
-0.038245
-0.017516
0.0095917
0.00098112
0.0070404
0.022029
0.023624
0.047223
0.028088
0.0054459
-0.011456
-0.0105
-0.011456
-0.044304
-0.086719
-0.10235
-0.096286
-0.10394
-0.12403
-0.13105
-0.10777
-0.10841
-0.10904
-0.10426
-0.11064
-0.090227
-0.087676
-0.10362
-0.045899
-0.046218
-0.077471
-0.05132
-0.031229
-0.046536
-0.074919
-0.072687
-0.06312
-0.081617
-0.0982
-0.08066
-0.087357
-0.064077
-0.10872
-0.087995
-0.10203
-0.090865
-0.085125
-0.087676
-0.03378
-0.043028
-0.072687
-0.088314
-0.080022
-0.067585
-0.078427
-0.083211
-0.098519
-0.11446
-0.13328
-0.1285
-0.10171
-0.10394
-0.13615
-0.15656
-0.14859
-0.1336
-0.10394
-0.1151
-0.13296
-0.11733
-0.11606
-0.12658
-0.0982
-0.088952
-0.060569
-0.090227
-0.089908
-0.078109
-0.086719
-0.091822
-0.07779
-0.075557
-0.064395
-0.061525
-0.021661
0.020435
0.022667
0.022986
0.0076782
-0.0041214
0.0092728
0.039569
0.04531
0.032872
0.062531
0.066039
0.036061
-0.0053971
-0.037607
-0.032186
-0.018791
-0.04558
-0.062163
-0.085125
-0.096286
-0.11255
-0.10043
-0.12499
-0.1269
-0.1387
-0.12307
-0.12658
-0.14795
-0.17538
-0.17378
-0.17952
-0.17506
-0.1639
-0.15624
-0.15241
-0.17633
-0.16166
-0.14699
-0.17219
-0.16262
-0.15497
-0.14699
-0.13392
-0.14444
-0.12563
-0.087357
-0.039839
-0.046536
-0.029315
-0.042391
-0.068222
-0.05419
-0.035694
-0.033142
-0.012413
-0.031229
-0.031229
-0.035375
-0.020386
-0.027721
-0.068222
-0.097243
-0.07779
-0.060569
-0.090865
-0.093097
-0.087038
-0.08927
-0.096924
-0.10553
-0.099157
-0.087357
-0.080022
-0.084487
-0.067266
-0.064077
-0.084487
-0.092141
-0.10139
-0.076514
-0.012732
-0.013689
-0.0076295
-0.0063538
-0.028996
-0.03091
-0.03378
-0.0095429
0.0064026
0.004808
-0.056742
-0.079703
-0.072049
-0.062163
-0.073963
-0.055147
-0.061206
-0.075876
-0.093735
-0.12084
-0.12148
-0.132
-0.14508
-0.13009
-0.10904
-0.12499
-0.13232
-0.14859
-0.13711
-0.13487
-0.14636
-0.13105
-0.18335
-0.17187
-0.16421
-0.16645
-0.1741
-0.18909
-0.14699
-0.1167
-0.094054
-0.11096
-0.11128
-0.1218
-0.10777
-0.069498
-0.058017
-0.062801
-0.074601
-0.066309
-0.051639
-0.033142
-0.064395
-0.073963
-0.061206
-0.086081
-0.097881
-0.060887
-0.080022
-0.11638
-0.1269
-0.12148
-0.12148
-0.11478
-0.10011
-0.10203
-0.096605
-0.06886
-0.031867
-0.041434
-0.051958
-0.028678
-0.034418
0.0013
0.018521
0.0057648
0.02458
-0.002208
-0.019748
0.0035324
-0.0089051
-0.021661
-0.05419
-0.061206
-0.083849
-0.11989
-0.14508
-0.19228
-0.18718
-0.13838
-0.14954
-0.16613
-0.16262
-0.20344
-0.22959
-0.22672
-0.18112
-0.16995
-0.15688
-0.13998
-0.084487
-0.044304
-0.0069916
-0.021343
-0.031229
-0.037607
-0.0034836
-0.0098618
-0.00061343
0.019159
-0.0012513
-0.027083
-0.01337
-0.033142
-0.11446
-0.1336
-0.13041
-0.12945
-0.14827
-0.16421
-0.1505
-0.15146
-0.17952
-0.17697
-0.13902
-0.11542
-0.12499
-0.11064
-0.11415
-0.14221
-0.13966
-0.14061
-0.14189
-0.11415
-0.095649
-0.10011
-0.13041
-0.1639
-0.17601
-0.18016
-0.14731
-0.14476
-0.14444
-0.12658
-0.11638
-0.10394
-0.10362
-0.10872
-0.11638
-0.10777
-0.092141
-0.055147
-0.036331
-0.044623
-0.012732
-0.032504
-0.00061343
0.0051269
-0.0069916
0.016927
0.029364
0.025856
-0.0038025
-0.014964
2.4388e-05
-0.012732
0.004808
-0.018153
-0.047812
-0.099476
-0.11351
-0.15433
-0.13519
-0.11223
-0.11446
-0.1639
-0.18973
-0.19834
-0.2044
-0.19674
-0.18207
-0.1757
-0.21205
-0.17888
-0.19132
-0.17442
-0.15784
-0.15528
-0.14412
-0.15656
-0.15337
-0.14636
-0.14667
-0.11989
-0.10809
-0.10649
-0.11989
-0.11223
-0.087357
-0.081298
-0.072368
-0.017197
-0.014964
-0.038883
-0.056423
-0.051639
-0.0073105
0.0016189
-0.030591
-0.037926
-0.031548
-0.029953
-0.043985
-0.056104
-0.077152
-0.0982
-0.10585
-0.11797
-0.094054
-0.10075
-0.1151
-0.11096
-0.12116
-0.11574
-0.11096
-0.11064
-0.095011
-0.075238
-0.045899
-0.019429
-0.065671
-0.040796
-0.027402
-0.0060349
-0.020705
0.0092728
-0.011775
-0.018791
-0.065352
-0.053871
-0.0105
-0.017197
-0.047493
-0.08066
-0.073963
-0.0864
-0.11128
-0.097881
-0.03091
0.015332
0.0057648
-0.010181
0.0028946
0.023305
0.01023
0.01884
0.0035324
0.032872
0.029045
-0.011775
-0.048769
-0.053234
-0.032504
-0.074282
-0.12116
-0.14859
-0.15401
-0.11159
-0.08066
-0.11733
-0.12563
-0.12595
-0.12212
-0.11383
-0.083211
-0.087357
-0.10235
-0.08066
-0.11319
-0.096286
-0.093416
-0.086719
-0.10904
-0.11383
-0.11478
-0.12148
-0.12276
-0.11733
-0.091503
-0.073006
-0.066309
-0.067266
-0.059293
-0.061844
-0.014327
-0.0053971
0.016289
-0.0073105
-0.02198
0.0095917
0.0073593
0.0044891
-0.021661
-0.0082673
0.0028946
0.0003433
0.012781
-0.012094
-0.040796
-0.056423
-0.064077
-0.052277
-0.082254
-0.083211
-0.061844
-0.044623
-0.032504
-0.02804
0.0028946
-0.012094
-0.022937
-0.045261
-0.0085862
-0.0069916
-0.0076295
-0.048131
-0.02198
-0.053552
-0.064077
-0.06312
-0.071411
-0.070774
-0.082254
-0.11765
-0.090227
-0.070455
-0.080979
-0.061525
-0.054828
-0.06886
-0.069817
-0.04558
-0.01624
-0.00061343
0.037337
0.079752
0.065082
0.048499
0.035423
0.0019378
0.0070404
-0.00093234
-0.027721
-0.018472
0.01597
-0.02198
-0.039839
-0.034418
-0.10553
-0.13679
-0.13487
-0.12722
-0.13615
-0.094692
-0.088952
-0.081935
-0.042391
-0.041753
-0.029315
-0.032823
-0.017197
-0.0076295
-0.0015702
-0.050044
-0.0041214
-0.0053971
-0.061206
-0.016878
-0.052915
-0.088633
-0.098519
-0.091503
-0.11829
-0.099476
-0.09246
-0.082892
-0.019748
0.031278
-0.0063538
0.024899
0.049137
0.04818
0.068271
0.049137
0.035742
0.0089539
-0.0053971
-0.012413
0.0067215
-0.0041214
-0.023575
-0.051958
-0.041753
-0.058017
-0.096286
-0.13264
-0.12595
-0.10266
-0.089908
-0.090227
-0.10075
-0.093097
-0.10043
-0.10043
-0.07173
-0.005716
-0.01624
-0.044304
-0.056742
-0.067903
-0.046536
-0.058655
-0.062163
-0.02517
-0.056423
-0.10043
-0.066947
-0.065033
-0.13009
-0.12913
-0.13774
-0.14954
-0.17857
-0.1674
-0.12052
-0.082254
-0.027721
-0.0015702
-0.016878
-0.023575
-0.0053971
0.0013
-0.0031647
0.024899
-0.0079484
-0.0034836
0.03351
0.040526
-0.002208
-0.032504
-0.062801
-0.039839
-0.044304
-0.076195
-0.055466
-0.036012
-0.041115
-0.025807
0.025856
0.077201
0.070185
0.078795
0.051688
0.0041702
-0.032504
-0.085443
0.017564
0.015651
-0.035694
-0.10075
-0.09533
-0.096924
-0.12499
-0.13073
-0.17282
-0.19228
-0.19738
-0.12499
-0.11159
-0.084806
-0.074601
-0.0076295
-0.032823
-0.026764
-0.0018891
-0.013689
-0.00061343
-0.009224
0.0051269
-0.01624
2.4388e-05
-0.01337
-0.059612
-0.063439
-0.080341
-0.10713
-0.12754
-0.13169
-0.1438
-0.13232
-0.098838
-0.05132
-0.056423
-0.023256
-0.02517
-0.015602
-0.010819
0.0051269
0.018202
-0.011775
0.0013
0.018521
0.016927
0.04531
0.085811
0.045629
0.059342
0.043077
0.032872
0.031278
0.0079971
0.045947
0.087725
0.093784
0.071141
-0.016878
-0.00029452
-0.012094
-0.022299
0.0016189
-0.014327
-0.070455
-0.10872
-0.10904
-0.098838
-0.11765
-0.14699
-0.12563
-0.10553
-0.11383
-0.087038
-0.073325
-0.066309
-0.02517
-0.0063538
-0.009224
-0.024851
0.011505
-0.0079484
-0.0073105
0.0041702
-0.011775
-0.009224
0.0022568
-0.035375
-0.036012
-0.03952
-0.084806
-0.095649
-0.092778
-0.10458
-0.1151
-0.10904
-0.03665
-0.0041214
-0.026445
-0.017516
0.0070404
-0.015283
-0.02198
-0.053871
-0.012094
-0.0015702
0.010867
0.0131
-0.04271
-0.061525
-0.080341
-0.089589
-0.11638
-0.13232
-0.14986
-0.14476
-0.1269
-0.10362
-0.080341
-0.0864
-0.057061
-0.073644
-0.071093
-0.02517
-0.037926
-0.005716
0.012462
0.016289
0.0038513
0.03351
0.0076782
0.030002
0.014375
-0.051958
-0.011137
0.0089539
-0.0050782
-0.0038025
-0.005716
0.0025757
-0.032504
-0.037607
-0.042391
-0.028359
-0.03378
-0.044942
-0.10075
-0.085762
-0.057698
0.004808
-0.035694
-0.030591
-0.050363
-0.010181
0.062531
0.043077
0.022986
-0.0028458
-0.005716
0.0060837
-0.015921
-0.0015702
-0.009224
-0.00029452
-0.0085862
0.0044891
-0.018472
-0.031229
-0.064077
-0.090546
-0.074282
-0.024213
-0.0025269
-0.020067
-0.035056
-0.033142
-0.043347
-0.024213
-0.037926
-0.067903
-0.059612
-0.044942
-0.057698
-0.037926
-0.011137
0.0038513
0.035742
-0.0050782
-0.041753
-0.051639
0.0051269
0.014056
-0.047174
-0.044942
-0.030272
-0.029315
-0.032823
-0.029634
-0.10235
-0.084168
-0.09246
-0.10266
-0.08927
-0.091184
-0.0864
-0.092141
-0.080022
-0.050363
-0.060887
-0.005716
0.037975
0.0060837
-0.027721
-0.045261
-0.065352
-0.048769
-0.070455
-0.06025
-0.047174
-0.04558
-0.050682
-0.069498
-0.056742
-0.065352
-0.057379
-0.039202
-0.050363
-0.048769
-0.053234
-0.031867
0.065401
0.03064
0.039569
0.052963
0.050093
0.053601
0.021072
0.014694
0.028407
0.0095917
0.06285
0.012462
-0.018472
-0.035694
-0.026126
-0.034099
-0.067266
-0.072368
-0.088952
-0.090865
-0.10777
-0.10617
-0.073006
-0.078109
-0.078427
-0.087995
-0.084487
-0.0982
-0.091822
-0.053871
-0.057379
-0.088633
-0.075557
-0.073963
-0.073963
-0.044304
0.0041702
-0.0028458
-0.0089051
-0.0041214
0.0089539
-0.0038025
-0.010819
-0.01337
-0.025488
-0.00061343
2.4388e-05
0.044353
0.035742
0.066995
0.059023
0.033829
0.025856
0.015013
0.010867
0.028407
0.0057648
0.026494
0.010548
-0.02198
0.046904
-0.017835
-0.050682
-0.071411
-0.095968
-0.10968
-0.10841
-0.094054
-0.096924
-0.099794
-0.10043
-0.058017
-0.028996
-0.016559
-0.046218
-0.046536
-0.0015702
-0.00061343
-0.0025269
-0.0069916
0.0032135
0.032553
0.00098112
0.0028946
-0.035694
-0.045899
-0.032186
-0.03952
-0.057379
-0.064395
-0.054509
-0.058974
-0.06886
-0.05419
-0.065352
-0.057698
-0.047493
-0.035694
-0.044304
-0.045261
-0.048769
-0.058974
-0.025807
0.023624
0.022667
-0.00061343
-0.010181
-0.0066727
-0.012094
0.013738
0.019159
0.0076782
0.008316
-0.0038025
-0.013051
-0.012413
-0.018791
-0.024532
-0.050044
-0.035694
-0.035694
-0.024213
-0.024213
-0.0066727
-0.017835
-0.034099
-0.015283
-0.01337
-0.012094
-0.024213
-0.046855
-0.024851
-0.0073105
0.0060837
-0.0076295
-0.010819
0.084536
0.10112
0.071779
0.055515
0.037656
0.044991
0.037975
0.053601
0.05392
0.05392
0.091233
0.12631
0.11196
0.051369
0.011824
-0.027721
-0.042391
-0.036969
-0.055785
-0.044942
-0.033142
-0.024213
-0.051958
-0.048769
-0.04845
-0.073006
-0.072368
-0.039839
-0.047812
-0.037607
-0.040796
-0.028678
-0.0085862
0.0054459
2.4388e-05
-0.020067
-0.023894
0.022348
0.014694
0.0070404
-0.0031647
-0.0095429
-0.036012
-0.03378
-0.036969
-0.038883
-0.038883
-0.039202
-0.05132
-0.055466
-0.04558
-0.034418
-0.038883
-0.041753
-0.032823
-0.02804
-0.018791
0.0070404
-0.0031647
-0.0047593
0.017883
0.02171
0.016289
0.017883
0.0054459
0.00098112
0.021072
0.01023
0.023305
0.020754
0.01597
0.0073593
0.015332
0.017246
0.0095917
-0.0031647
-0.0069916
-0.00061343
0.0013
0.0076782
0.0099106
0.0028946
0.015332
0.021391
0.032234
0.059661
0.10399
0.098568
0.093146
0.12504
0.16076
0.16458
0.11228
0.10782
0.13492
0.070503
0.070503
0.069547
0.087725
0.069866
0.025218
0.020116
-0.015921
-0.0018891
-0.021024
-0.046855
-0.042391
0.0003433
-0.0066727
-0.022299
-0.022618
-0.00093234
0.0016189
-0.029634
-0.043985
-0.018791
-0.013689
-0.046536
-0.04558
-0.037607
-0.066309
-0.070774
-0.073006
-0.062482
-0.05419
-0.056742
-0.078746
-0.081298
-0.059612
-0.044623
-0.043347
-0.044942
-0.056742
-0.039202
-0.027721
-0.022299
-0.019748
-0.014008
0.013419
0.0057648
0.027132
0.0051269
0.0057648
0.0051269
0.017883
0.018202
0.029045
0.027132
0.019797
0.0073593
0.0051269
-0.0031647
-0.00061343
0.0067215
0.031278
0.023943
0.014375
0.046266
0.022348
0.03638
0.046904
0.046585
0.040845
0.026494
0.053601
0.0079971
0.034467
0.049137
0.044991
0.025218
0.0131
0.022986
0.023943
0.017883
0.059342
0.071141
0.070503
0.058704
0.052326
0.060617
0.070822
0.067314
0.056471
0.071779
0.075925
0.11388
0.059979
0.047223
0.028726
0.019478
0.0032135
-0.0076295
0.012462
-0.01624
-0.047493
-0.034418
-0.045899
-0.054828
-0.058017
-0.057061
-0.030591
-0.010819
-0.0076295
-0.018472
-0.02198
-0.02517
-0.0066727
0.0076782
0.029683
0.069547
0.051369
0.058066
0.037656
0.052963
0.054558
0.061574
0.047861
0.040845
0.06285
0.07433
0.069547
0.030002
0.0025757
0.03925
0.054558
0.012462
0.0079971
0.015013
0.008316
-0.0085862
-0.010819
-0.040477
-0.024532
-0.021024
-0.011775
-0.01337
-0.031548
-0.012413
-0.010181
0.01023
0.031596
0.0095917
-0.0025269
-0.0050782
0.021072
0.018202
-0.00061343
0.0073593
0.012462
0.010548
-0.00061343
0.018202
0.018202
-0.0050782
-0.031867
-0.023894
-0.0069916
0.011505
-0.0028458
-0.024532
-0.015921
-0.017835
-0.013051
-0.0028458
-0.0082673
-0.015602
-0.00029452
-0.0012513
0.019478
0.028726
0.016289
0.012781
0.020435
0.02777
0.040845
0.017564
0.037018
0.03638
0.025218
0.025856
0.028088
0.034148
0.013419
0.010548
0.014056
-0.002208
0.0013
0.02171
0.015013
0.017564
0.015013
0.028088
0.055834
0.07146
0.073374
0.08039
0.063806
0.089
0.10239
0.081028
0.083579
0.068909
0.069547
0.084854
0.056471
0.046266
0.033829
0.03351
-0.0012513
-0.0053971
-0.0044404
-0.022937
-0.020705
-0.022299
-0.037288
-0.032186
-0.0050782
-0.014327
-0.0079484
-0.037288
-0.015283
-0.0034836
-0.014008
0.0057648
-0.0012513
-0.0105
-0.024851
0.0064026
-0.0044404
-0.021024
-0.0044404
-0.0044404
-0.012094
0.004808
0.0099106
-0.0038025
-0.009224
0.016608
0.004808
0.00066221
0.022348
0.00066221
-0.0076295
0.0003433
-0.0012513
-0.0098618
-0.0105
-0.020705
-0.024213
-0.015602
-0.014327
0.016927
-0.0079484
-0.020067
-0.024532
-0.012413
-0.002208
0.021072
0.0044891
-0.0095429
0.0054459
0.026494
0.035104
0.008316
0.023624
0.0067215
0.029045
0.037018
0.034786
0.017564
0.026494
0.036061
0.0095917
0.027132
0.029045
0.023624
0.01597
0.0099106
0.00066221
-0.0069916
0.0051269
0.004808
-0.028678
-0.0044404
0.013738
0.0076782
-0.0044404
-0.0069916
-0.0076295
-0.0082673
0.032553
0.037337
0.024262
0.020435
0.017883
0.035104
0.05679
0.053282
0.039888
0.047542
0.064125
0.058066
0.052645
0.039569
0.023624
0.03925
0.044672
0.032872
0.013419
2.4388e-05
0.0019378
0.0038513
-0.00093234
-0.012094
-0.034737
-0.022937
-0.018153
-0.02198
-0.016559
-0.015283
0.02171
0.043715
0.023624
0.050093
0.052007
0.037337
0.022029
0.040526
0.062531
0.063806
0.059023
0.060936
0.037975
0.03925
0.041483
0.046585
0.032553
0.017883
0.016608
0.00098112
0.0099106
-0.0018891
0.0070404
-0.0012513
-0.0044404
-0.013689
-0.018153
-0.0066727
-0.012094
-0.0015702
-0.0044404
0.018521
0.015013
0.013738
0.053601
0.083898
0.088681
0.1008
0.085492
0.05679
0.078795
0.085492
0.11451
0.10335
0.090595
0.050093
0.061255
0.07433
0.050412
0.036699
0.017883
0.0067215
0.011824
0.0035324
0.00098112
0.0028946
-0.0041214
0.00098112
0.0038513
-0.011456
-0.013689
-0.035694
-0.048131
-0.028359
-0.016878
-0.035056
-0.03665
-0.055785
-0.023575
-0.026126
-0.027083
-0.026445
-0.023256
-0.016559
-0.014964
0.0092728
0.030002
0.044034
0.040526
0.054239
0.064763
0.075606
0.079114
0.068271
0.069866
0.077201
0.088044
0.089319
0.043715
0.018202
0.031278
0.01023
-0.0047593
-0.014645
-0.023256
-0.036331
-0.044623
-0.039839
-0.029315
-0.046218
-0.015921
-0.011775
-0.022618
-0.0053971
2.4388e-05
0.02777
0.018202
0.029683
0.039888
0.070185
0.071141
0.048499
0.029364
0.060617
0.052326
0.03064
0.017564
0.015013
0.031596
0.0057648
0.017564
0.00066221
-0.017197
-0.01337
0.0028946
0.0019378
0.008635
0.0019378
-0.025488
-0.012094
-0.0018891
-0.002208
-0.023575
0.004808
0.03064
0.0044891
-0.035694
-0.047493
-0.037607
-0.036969
-0.069498
-0.062163
-0.068541
-0.063439
-0.085125
-0.10362
-0.083849
-0.075238
-0.075238
-0.064395
-0.056104
-0.056423
-0.041434
-0.034737
-0.035375
-0.015921
-0.023256
-0.022937
-0.0066727
0.0022568
0.027132
0.018202
-0.0060349
0.012781
0.020116
0.019159
0.0019378
0.032553
0.046266
0.018202
0.064444
0.017246
0.0016189
-0.0063538
0.0016189
0.016927
-0.0063538
0.0028946
-0.012094
0.0025757
-0.017197
-0.013689
-0.036012
-0.057061
0.0016189
0.036061
0.018521
0.014694
0.0057648
0.008316
0.027132
0.043715
0.01023
0.020754
0.066358
0.027132
0.025856
0.037975
0.03925
0.036061
0.0013
0.0003433
-0.0079484
-0.0105
-0.011775
-0.051001
-0.044623
-0.038245
-0.045899
2.4388e-05
0.029045
-0.02198
-0.041753
-0.024851
-0.0069916
-0.017835
-0.00093234
0.01597
0.01884
0.016289
0.023305
-0.021024
-0.033461
-0.019429
-0.029634
-0.051001
-0.07173
-0.10139
-0.11415
-0.087357
-0.096924
-0.11064
-0.11351
-0.10426
-0.090865
-0.10043
-0.0982
-0.09533
-0.096605
-0.089908
-0.075557
-0.085125
-0.061206
-0.059293
-0.068222
-0.083849
-0.075557
-0.077471
-0.072049
-0.059293
-0.044942
-0.039202
-0.032823
-0.020386
-0.019429
-0.014008
0.0099106
0.041802
0.036699
0.044672
0.052645
0.039888
0.025856
0.03925
0.043077
0.07433
0.067952
0.097292
0.13301
0.091233
0.072417
0.09793
0.08613
0.078795
0.069228
0.075925
0.062531
0.055515
0.036061
0.044353
-0.016559
-0.018791
-0.037288
-0.093735
-0.09533
-0.095649
-0.094054
-0.078746
-0.10681
-0.13519
-0.13551
-0.13487
-0.11733
-0.091184
-0.10171
-0.11319
-0.080341
-0.073006
-0.084806
-0.087038
-0.084806
-0.085125
-0.059293
0.008316
-0.0073105
-0.0076295
-0.0063538
-0.016878
-0.0041214
0.016608
0.020754
0.022029
0.020435
0.025537
0.010548
-0.009224
-0.005716
-0.011456
-0.025488
-0.041115
-0.039839
-0.071411
-0.073644
-0.06025
-0.049407
-0.04558
-0.048769
-0.058655
-0.070136
-0.048769
-0.031229
-0.020386
-0.012413
0.0079971
0.040207
0.017246
0.011186
0.0028946
-0.0079484
-0.032504
-0.0053971
0.0070404
-0.0015702
0.01884
0.0067215
-0.022618
-0.0012513
0.020754
0.014694
0.050731
0.022348
0.021391
0.047223
0.059661
0.049774
0.075925
0.061574
0.058385
0.040526
0.0070404
-0.0018891
-0.031229
-0.023256
-0.0098618
-0.019748
-0.033142
-0.053234
-0.055147
-0.068222
-0.076833
-0.051958
-0.061525
-0.087038
-0.06886
-0.078746
-0.060887
-0.078427
-0.078746
-0.072368
-0.092778
-0.095011
-0.10139
-0.10872
-0.10203
-0.09533
-0.088633
-0.081298
-0.037926
-0.046855
-0.063758
-0.038245
-0.049088
-0.047493
-0.044304
-0.035694
-0.023894
0.011505
0.01023
-0.02804
-0.056742
-0.039202
-0.010819
-0.029315
-0.019748
-0.02804
-0.03091
-0.03952
-0.059293
-0.048131
-0.026126
-0.016878
-0.02517
-0.016559
0.026175
0.016289
-0.011137
-0.005716
2.4388e-05
0.014694
0.022348
0.040526
0.025218
0.020435
0.02171
0.030959
-0.020386
-0.026764
-0.051958
-0.051639
-0.010181
-0.0044404
-0.002208
-0.029634
-0.026126
0.042439
0.10303
0.078157
0.053282
0.061255
0.075925
0.095697
0.1177
0.12185
0.11037
0.11579
0.066039
0.05392
0.023305
0.008316
-0.0076295
-0.042391
-0.065352
-0.085443
-0.093735
-0.0864
-0.088314
-0.092141
-0.078109
-0.052915
-0.073325
-0.085443
-0.065352
-0.032823
-0.0031647
0.0099106
0.028726
0.049455
0.013738
0.018521
0.02171
0.031596
0.039569
-0.0038025
-0.015921
-0.026445
-0.025807
-0.035056
-0.055785
-0.068541
-0.040477
-0.067266
-0.089589
-0.087357
-0.095968
-0.096605
-0.1049
-0.097881
-0.093416
-0.090865
-0.093097
-0.10043
-0.093097
-0.079703
-0.089908
-0.095968
-0.087357
-0.067903
-0.053234
-0.04845
-0.031867
-0.037607
-0.037607
-0.025488
0.0016189
-0.0041214
-0.0012513
0.0095917
0.013419
0.0079971
0.0060837
0.012462
-0.0012513
0.016927
0.053282
0.084536
0.051369
0.028088
0.038294
0.037018
0.069228
0.099843
0.087087
0.066995
0.05105
0.046585
0.05679
0.064763
0.040526
0.0038513
0.0044891
-0.0053971
-0.032504
-0.052277
-0.052596
-0.048131
-0.035375
0.0076782
0.022029
-0.019748
-0.032823
-0.038245
-0.026764
0.0067215
0.0057648
0.011186
0.013419
0.064125
0.10782
0.041483
-0.014008
-0.0050782
0.0089539
-0.017516
0.010867
-0.0050782
-0.022937
-0.039839
-0.071093
-0.082573
-0.079703
-0.078109
-0.087995
-0.081935
-0.061525
-0.057698
-0.058336
-0.055785
-0.048769
-0.032823
-0.029634
-0.0038025
-0.020705
-0.023575
-0.012413
0.0028946
0.0003433
0.0032135
-0.019748
-0.043347
-0.044942
-0.038883
-0.02517
-0.038883
-0.046855
-0.054828
-0.055785
-0.042072
-0.045261
-0.047174
-0.050044
-0.046855
-0.039839
-0.036331
-0.020705
-0.024851
-0.034418
-0.014645
-0.0073105
0.0003433
-0.0015702
-0.0076295
-0.0050782
-0.0028458
0.02171
0.02458
0.021072
0.010867
0.0051269
0.0092728
0.048818
0.071779
0.015332
0.026494
0.032234
0.03064
0.045629
0.064125
0.058704
0.055196
0.094422
0.14481
0.11993
0.050731
0.032872
0.046904
0.054239
0.059979
0.061574
0.064444
0.059342
0.078795
0.072417
0.014056
0.017883
0.023943
0.0079971
0.0067215
0.0076782
0.0073593
0.021072
0.0076782
0.015651
0.00098112
-0.012413
-0.030272
-0.043347
-0.037607
-0.029634
-0.038564
-0.026126
-0.038564
-0.03378
-0.059612
-0.061525
-0.085762
-0.074919
-0.068222
-0.059293
-0.064395
-0.087038
-0.077152
-0.083211
-0.07173
-0.064077
-0.056423
-0.052915
-0.036969
-0.030591
-0.027721
-0.014645
2.4388e-05
-0.0044404
-0.0034836
0.012781
0.008635
0.0070404
-0.0031647
-0.0063538
-0.014327
0.0131
0.0079971
0.0054459
-0.0012513
2.4388e-05
-0.0079484
-0.0095429
0.0016189
-0.002208
-0.0015702
-0.00061343
0.010548
0.015651
0.0070404
0.0032135
0.010867
0.0057648
0.017883
0.029683
0.026175
0.046266
0.074012
0.058385
0.038612
0.066358
0.078476
0.052645
0.046585
0.07146
0.047542
0.041164
0.057428
0.024899
0.023624
0.04531
0.053601
0.029045
0.034148
0.0064026
-0.0012513
0.033829
0.03064
0.033829
0.03638
0.030959
0.027132
0.019478
0.0131
0.016289
0.0131
0.0051269
2.4388e-05
0.0032135
-0.0034836
0.016289
0.0025757
0.0092728
0.0064026
0.015651
0.0044891
-0.0041214
0.0131
0.0073593
0.022029
-0.0079484
0.0013
0.030959
-0.0082673
-0.012094
-0.027721
-0.015921
-0.0047593
-0.029315
-0.044304
-0.032504
-0.041753
-0.047812
-0.053871
-0.06886
-0.088314
-0.07779
-0.067903
-0.083211
-0.062482
-0.067266
-0.070774
-0.083211
-0.078746
-0.058336
-0.050363
-0.043347
-0.034737
-0.033461
-0.039839
-0.03665
-0.011775
-0.017516
-0.016559
-0.012732
-0.0041214
0.0067215
0.010867
0.010867
0.0038513
0.01023
0.010867
0.014056
0.049455
0.04818
0.03925
0.028407
0.018202
0.021391
0.013738
0.023305
0.014375
0.021072
0.040526
0.037337
0.01597
-0.0050782
0.0095917
0.0076782
0.0051269
0.0092728
0.0003433
0.0131
0.032872
0.02777
0.0041702
-0.0012513
0.02777
0.0044891
0.022029
0.035104
0.02458
0.030959
0.042121
0.031915
0.023624
0.037018
0.023305
0.0041702
-0.029953
-0.027402
-0.020705
-0.038245
-0.055466
-0.056423
-0.070136
-0.066309
-0.060569
-0.072368
-0.079703
-0.075557
-0.06312
-0.041115
-0.020067
-0.021343
-0.012094
-0.0095429
-0.011456
-0.0050782
-0.0044404
-0.0015702
0.0019378
0.0003433
-0.0063538
0.017883
0.0131
-0.012094
-0.0047593
-0.0073105
-0.016878
-0.010819
-0.017835
-0.017516
-0.0031647
-0.020386
-0.01911
-0.031548
-0.036331
-0.041753
-0.032823
-0.011137
0.0079971
0.025537
0.0073593
0.0131
0.012781
0.0057648
0.023624
0.055515
0.071779
0.064763
0.040845
0.042758
0.0035324
0.013738
-0.027083
-0.010181
0.026175
0.014375
-0.015921
-0.042072
-0.08066
-0.091822
-0.076195
-0.081617
-0.079384
-0.06886
-0.070136
-0.064077
-0.072368
-0.094692
-0.10458
-0.05419
-0.032186
-0.023894
-0.032186
-0.032823
-0.026445
-0.0041214
0.011505
0.01884
0.0067215
-0.00093234
0.016608
0.0054459
-0.0018891
-0.0031647
-0.0053971
-0.01911
-0.00029452
-0.0047593
0.0019378
-0.0098618
-0.0098618
-0.016559
-0.023575
0.0051269
2.4388e-05
0.0051269
0.0044891
-0.0076295
-0.0063538
-0.0082673
-0.011775
-0.0018891
-0.014327
-0.0028458
0.008635
0.018202
0.0051269
-0.0098618
0.0099106
0.037975
0.036061
0.035423
0.035423
0.047223
0.04531
0.049137
0.035423
0.027132
0.042439
0.016927
-0.0085862
0.0041702
2.4388e-05
0.0089539
0.027132
-0.016559
-0.023894
-0.023894
-0.04271
-0.046855
-0.046218
-0.046536
-0.043347
-0.045899
-0.052277
-0.076195
-0.063758
-0.055466
-0.047493
-0.067266
-0.064714
-0.062163
-0.078746
-0.047174
-0.041434
-0.03952
-0.047493
-0.058336
-0.044304
-0.033142
-0.027402
-0.022937
-0.012094
0.017564
0.0076782
0.040845
0.067952
0.042121
0.042758
0.05392
0.077838
0.08326
0.079114
0.076882
0.063487
0.038294
0.03351
0.018521
0.0044891
-0.0031647
-0.015921
-0.03378
-0.052915
-0.051958
-0.06312
-0.071093
-0.078427
-0.056742
-0.052277
-0.068222
-0.055466
-0.032504
-0.017516
-0.014008
-0.0041214
-0.015921
-0.00029452
0.027132
0.026494
0.028726
0.028088
0.037656
0.022986
0.026175
0.037975
0.02171
0.0019378
0.0095917
0.01884
0.0076782
0.016608
-0.00061343
-0.023575
-0.0066727
0.012462
-0.0034836
-0.0098618
-0.0063538
0.013738
0.0092728
0.01884
2.4388e-05
0.01597
0.032872
0.043715
0.03064
0.014694
0.023624
0.017883
0.00098112
0.0092728
0.020754
0.014694
0.0041702
-0.0073105
-0.0085862
-0.013689
-0.042072
-0.057061
-0.056742
-0.06312
-0.058017
-0.050044
-0.044623
-0.055785
-0.088633
-0.050682
-0.031229
-0.040158
-0.015602
-0.01624
-0.01911
-0.009224
0.052007
0.046904
0.018521
0.0079971
0.017883
0.044034
0.058704
0.073693
0.036699
0.019478
0.05105
0.065082
0.089
0.058066
0.062212
0.059023
0.052326
0.074968
0.055196
0.052645
0.058066
0.043396
0.032872
-0.00029452
-0.027083
-0.031867
-0.038883
-0.061206
-0.053234
-0.082573
-0.11446
-0.11733
-0.10075
-0.075557
-0.03665
-0.018472
-0.01337
-0.036969
-0.035694
-0.0050782
0.0079971
0.031915
0.044353
0.060617
0.066358
0.081984
0.057109
0.028726
-0.0025269
-0.019429
-0.011775
-0.012732
-0.043347
-0.081935
-0.080979
-0.08353
-0.073325
-0.087357
-0.094373
-0.10107
-0.079384
-0.062163
-0.084487
-0.084806
-0.061525
-0.04558
-0.029315
-0.0089051
-0.029634
-0.036331
-0.058336
-0.031548
-0.030591
-0.012413
0.029045
-0.016878
-0.047812
-0.023256
-0.0069916
-0.0063538
0.0051269
0.031278
0.042758
0.073055
0.080709
0.073055
0.057747
0.095697
0.096654
0.070185
0.085492
0.093465
0.072736
0.080709
0.11069
0.074968
0.04818
0.044353
0.028088
2.4388e-05
0.0131
-0.016559
-0.045899
-0.050682
-0.045261
-0.024213
-0.042072
-0.056742
-0.091503
-0.10681
-0.084806
-0.11223
-0.091822
-0.088633
-0.10522
-0.10713
-0.086719
-0.082254
-0.084806
-0.066947
-0.072368
-0.043985
-0.042072
-0.088633
-0.065352
-0.074919
-0.034099
-0.021024
-0.038883
-0.014964
-0.002208
0.036061
0.0092728
-0.013689
-0.0041214
0.0131
-0.026764
-0.035375
-0.024532
0.00066221
-0.015921
-0.026445
-0.068222
-0.072368
-0.073644
-0.065671
-0.073006
-0.094054
-0.079065
-0.074601
-0.047493
-0.028996
-0.0015702
-0.06599
-0.05419
-0.013051
2.4388e-05
0.0044891
0.027451
0.018202
0.034148
0.040207
0.04818
0.035742
0.032872
0.0003433
-0.014964
0.023943
0.023624
0.018202
0.010867
0.0089539
0.015651
0.008635
-0.0085862
-0.020705
-0.009224
-0.0085862
0.0038513
0.039569
0.020435
0.062212
0.059023
0.021391
0.011505
0.0025757
-0.0105
0.0022568
0.034148
0.012462
0.00066221
-0.0098618
-0.039839
-0.048131
-0.066947
-0.075238
-0.058655
-0.052277
-0.051639
-0.076833
-0.10139
-0.090546
-0.076833
-0.043347
-0.047493
-0.034737
-0.064714
-0.069179
-0.068541
-0.055466
-0.047812
-0.056423
-0.011137
-0.043985
-0.088633
-0.06312
-0.096286
-0.097881
-0.11191
-0.10362
-0.10777
-0.10171
-0.1269
-0.10139
-0.092141
-0.096924
-0.1218
-0.095968
-0.038245
-0.020705
-0.029634
-0.048769
-0.036969
0.0070404
0.027132
0.021072
0.0073593
0.01597
0.016927
-0.024851
-0.045261
-0.050363
-0.03378
-0.034737
-0.017516
-0.025807
-0.04558
-0.04558
-0.031229
-0.0079484
-0.009224
-0.0053971
0.020116
-0.011775
-0.022299
0.057747
0.094422
0.078157
0.060298
0.034467
0.06285
0.066677
0.087725
0.070185
0.046904
0.021072
0.0076782
0.047861
0.0089539
-0.031548
-0.037607
-0.02804
-0.01337
-0.034099
-0.055785
-0.09246
-0.089908
-0.088952
-0.069498
-0.079384
-0.063439
-0.04845
-0.06599
-0.087357
-0.088314
-0.10394
-0.07779
-0.052915
-0.055147
-0.06312
-0.099157
-0.1202
-0.082892
-0.083211
-0.10298
-0.085443
-0.076195
-0.062163
-0.076833
-0.12307
-0.12371
-0.084806
-0.051639
-0.053552
-0.06025
-0.092778
-0.069817
-0.062801
-0.082892
-0.077471
-0.073006
-0.052915
-0.023894
-0.034099
-0.053552
-0.049407
-0.034737
-0.0034836
-0.041434
-0.046218
-0.032823
-0.010181
-0.01337
-0.015921
0.01884
-0.0082673
0.0092728
0.025537
0.037975
0.038931
0.063806
0.071141
0.032234
0.034148
0.032234
0.04531
0.032234
0.040526
0.012143
-0.032823
-0.049088
-0.043985
-0.032186
-0.057379
-0.094373
-0.11957
-0.11446
-0.091503
-0.098838
-0.11861
-0.099794
-0.11861
-0.099476
-0.087357
-0.11128
-0.090546
-0.077471
-0.075876
-0.079703
-0.064077
-0.075557
-0.057698
-0.06025
-0.053234
-0.054828
-0.058017
-0.046855
-0.01337
-0.019748
-0.042072
-0.032823
-0.0063538
-0.015921
-0.0079484
-0.014964
-0.049088
-0.035694
-0.020386
-0.022299
-0.0098618
-0.027083
-0.055147
-0.045261
-0.036331
-0.079703
-0.094054
-0.068541
-0.067266
-0.072687
-0.069817
-0.043028
-0.088952
-0.095011
-0.08066
-0.028996
-0.042391
-0.064395
-0.08927
-0.095011
-0.088314
-0.056423
-0.069817
-0.06599
-0.058974
-0.047493
-0.084806
-0.12499
-0.1387
-0.044304
-0.057379
-0.082573
-0.042391
-0.049726
-0.051001
-0.061525
-0.034099
-0.036969
-0.02517
-0.035694
-0.053234
-0.060569
-0.094054
-0.065033
-0.049407
-0.06599
-0.074601
-0.070136
-0.063439
-0.050363
-0.03665
-0.012094
-0.043985
-0.079384
-0.042072
-0.020067
-0.01624
-0.046536
-0.026126
-0.039202
-0.025807
-0.083211
-0.10968
-0.10936
-0.10841
-0.11351
-0.10043
-0.11223
-0.11415
-0.10553
-0.096286
-0.070136
-0.06025
-0.06312
-0.050363
-0.03091
-0.020386
-0.015602
0.00098112
-0.013051
0.0019378
-0.0034836
-0.0012513
-0.022299
-0.048769
-0.02517
-0.01911
-0.02198
-0.025807
-0.060569
-0.093416
-0.10522
-0.11606
-0.099157
-0.084806
-0.073006
-0.090865
-0.095011
-0.11351
-0.1049
-0.084487
-0.083849
-0.09533
-0.065033
-0.056423
-0.059612
-0.020705
-0.039839
-0.034737
-0.03952
0.0095917
0.0032135
-0.037288
-0.055785
-0.063758
-0.040477
-0.014964
-0.0018891
-0.037926
-0.037288
-0.024532
-0.06025
-0.058336
-0.027721
0.0076782
0.018202
0.035104
0.03638
0.021072
0.0076782
-0.022618
0.016608
-0.0044404
0.064125
-0.015283
-0.039839
-0.028996
-0.081298
-0.13105
-0.11893
-0.13456
-0.14636
-0.16039
-0.17027
-0.17027
-0.17538
-0.15624
-0.14317
-0.1336
-0.12658
-0.11255
-0.089589
-0.074601
-0.058017
-0.027083
-0.011456
-0.02198
-0.0044404
-0.01911
0.0070404
-0.014964
-0.043985
-0.0089051
-0.052915
-0.052915
-0.043666
-0.058017
-0.082892
-0.076833
-0.065352
-0.082573
-0.092141
-0.11733
-0.078109
-0.09533
-0.082573
-0.076833
-0.054828
-0.038883
-0.052915
-0.039839
-0.043028
-0.039202
-0.029315
0.01023
0.01884
-0.0076295
-0.014008
-0.038883
0.011505
-0.0028458
-0.018791
-0.033461
-0.039839
-0.086081
-0.058017
-0.073644
-0.043028
0.0051269
0.022667
0.029683
0.0073593
-0.01624
-0.023894
0.00066221
0.011824
-0.010181
-0.048769
0.042121
0.018202
-0.031229
-0.12658
-0.090865
-0.1049
-0.10936
-0.11446
-0.1454
-0.11989
-0.11159
-0.12499
-0.080341
-0.033461
-0.058655
-0.047812
-0.044942
0.022029
-0.011137
-0.0079484
-0.0044404
-0.036331
-0.0066727
0.0089539
-0.037607
-0.043985
-0.052277
-0.083849
-0.058017
-0.053552
-0.026764
-0.03665
-0.067266
-0.021024
0.043077
0.035104
0.017883
-0.015283
-0.046536
-0.029634
0.0051269
0.023624
0.023943
-0.020705
-0.07173
-0.080979
-0.076195
-0.086719
-0.08066
-0.11383
-0.096286
-0.093735
-0.11542
-0.11574
-0.11415
-0.11319
-0.09533
-0.053234
-0.054509
-0.060887
-0.069817
-0.080341
-0.057061
-0.032504
-0.038564
-0.063758
-0.035375
-0.055785
-0.053234
-0.048769
-0.020067
-0.063758
-0.035694
0.011505
-0.0025269
0.0070404
0.028726
0.07146
0.10303
0.076244
0.092508
0.058704
0.057109
0.082941
0.078795
0.028088
0.055515
0.008635
-0.046855
-0.052277
-0.051639
-0.06886
-0.12658
-0.13487
-0.13296
-0.15624
-0.14061
-0.12435
0.01023
0.0092728
0.0041702
-0.01337
-0.029953
-0.029953
-0.0095429
-0.01337
0.037337
0.089957
-0.034737
-0.058974
-0.051958
-0.058655
-0.098519
-0.12722
-0.15273
-0.1741
-0.17474
-0.18941
-0.18686
-0.1454
-0.11255
-0.11989
-0.10585
-0.087676
-0.064714
-0.046855
-0.049407
-0.043985
-0.0038025
0.012781
0.0057648
0.01597
-0.00093234
0.020754
-0.01337
0.0032135
-0.029315
-0.018791
-0.029953
-0.03952
-0.0063538
0.032872
-0.0073105
-0.035375
-0.046536
0.021391
0.18244
0.13716
0.070503
0.069228
0.067633
0.03064
0.020435
0.024262
-0.010819
0.026175
0.017883
0.015651
-0.062163
-0.080341
-0.10171
-0.14859
-0.21205
-0.17825
-0.19993
-0.12499
-0.014327
-0.017835
-0.056742
-0.058655
-0.062801
-0.074919
-0.045899
-0.0034836
-0.04271
-0.016559
-0.026126
-0.078109
-0.038883
-0.047493
-0.073644
-0.10043
-0.14221
-0.1556
-0.16453
-0.15465
-0.14986
-0.12626
-0.11542
-0.061525
-0.047174
-0.030591
-0.035375
-0.039839
-0.043666
-0.030591
-0.0079484
-0.065352
-0.026445
-0.05132
-0.034418
-0.048769
-0.068541
-0.09246
-0.11606
-0.12499
-0.12084
-0.12212
-0.11223
-0.074282
0.032234
0.052645
0.040526
0.041483
0.043396
0.054877
0.036061
-0.0018891
0.034467
0.0076782
0.048818
-0.019748
-0.0038025
0.010548
-0.064714
-0.10968
-0.1269
-0.13169
-0.14221
-0.13774
-0.13551
-0.13073
-0.12084
-0.10298
-0.087995
-0.08066
-0.050044
-0.040477
-0.019748
-0.02517
-0.03378
-0.011137
0.030002
0.061255
0.017246
-0.056104
0.020435
0.028088
-0.0105
-0.038245
-0.054509
-0.10139
-0.13551
-0.096924
-0.13392
-0.17793
-0.16932
-0.18718
-0.19961
-0.20121
-0.19738
-0.19547
-0.18112
-0.13806
-0.11829
-0.06025
0.026813
0.044034
0.023305
0.018521
0.016289
0.008316
0.012143
-0.017516
0.030002
0.046266
0.020754
0.0067215
-0.0060349
-0.050363
-0.078109
-0.095011
-0.10777
-0.10458
-0.086719
-0.082254
-0.10713
-0.099157
-0.073006
-0.050363
-0.050682
-0.066309
-0.062801
-0.08927
-0.067903
-0.081935
-0.055466
-0.047812
-0.11128
-0.11383
-0.034099
-0.022299
-0.0047593
0.014694
-0.039839
-0.037607
-0.051958
-0.029634
-0.050682
-0.040796
-0.045261
-0.090227
-0.032504
-0.035056
-0.081298
-0.14604
-0.14157
-0.14667
-0.16804
-0.1808
-0.17282
-0.14125
-0.058336
0.014375
-0.034418
-0.036012
-0.034099
-0.038245
-0.06312
-0.080979
-0.058336
-0.01911
-0.013051
-0.074919
-0.087038
-0.083849
-0.14444
-0.16804
-0.20216
-0.19132
-0.19961
-0.18367
-0.16007
-0.11861
-0.060887
0.025218
0.049137
0.067633
0.096016
0.10877
0.095378
0.072417
0.076882
0.057747
0.10048
0.10813
0.027132
0.00066221
-0.027721
-0.062482
-0.11861
-0.17314
-0.20472
-0.21301
-0.24299
-0.25351
-0.24586
-0.2382
-0.22672
-0.2044
-0.19036
-0.19993
-0.17761
-0.16995
-0.15241
-0.14221
-0.13998
-0.13838
-0.1218
-0.066309
-0.051001
-0.067585
-0.06025
-0.056104
-0.051639
-0.042391
-0.040158
-0.044623
-0.03665
-0.024532
-0.0038025
0.014375
-0.002208
-0.0060349
-0.030272
-0.052915
-0.022937
-0.0085862
-0.014327
-0.0050782
0.0019378
0.020754
0.032872
0.0095917
-0.029953
-0.01624
0.0070404
0.023943
0.087087
0.044991
0.041802
0.067314
0.079752
0.053282
0.019159
-0.027083
-0.027083
0.0079971
-0.0082673
-0.036331
-0.067266
-0.069817
-0.080341
-0.094692
-0.11446
-0.11638
-0.1269
-0.1151
-0.08353
-0.066628
-0.066309
-0.058336
-0.056742
-0.043985
-0.038883
-0.073644
-0.052277
-0.0105
-0.082573
-0.098838
-0.025807
-0.048131
-0.077152
-0.10171
-0.080341
-0.10936
-0.12276
-0.10585
-0.11096
-0.084487
-0.028996
0.022667
0.02171
0.025537
0.021391
0.012143
0.039569
-0.0073105
-0.044623
0.04818
0.073374
0.044353
-0.02804
-0.038883
-0.052596
-0.065671
-0.079384
-0.087676
-0.10936
-0.094692
-0.056742
-0.060887
-0.061206
-0.069817
-0.073963
-0.041753
-0.046855
-0.021343
-0.051639
-0.058974
-0.039839
-0.045899
-0.091503
-0.087676
-0.099476
-0.12371
-0.15018
-0.13296
-0.13551
-0.13105
-0.11542
-0.1049
-0.082573
-0.085762
-0.060887
-0.039202
0.0079971
0.038931
-0.016559
-0.028996
-0.015283
0.010548
0.012143
0.015013
-0.041434
-0.03952
-0.060887
-0.032186
-0.056104
-0.091822
-0.10362
-0.093416
-0.068222
-0.073006
-0.031867
-0.019429
0.0095917
-0.0098618
-0.023575
-0.009224
0.03638
-0.0069916
0.022348
0.029364
0.049137
0.06285
0.014694
-0.019748
-0.028996
-0.009224
-0.0105
0.012462
-0.0018891
-0.056423
-0.06025
-0.11191
-0.078746
-0.031867
0.0060837
-0.03091
-0.048131
0.019797
-0.035694
-0.065033
-0.053234
-0.065033
-0.078746
-0.10043
-0.10617
-0.059293
-0.066947
-0.077471
-0.10809
-0.10075
-0.088952
-0.09533
-0.13902
-0.086719
-0.075557
-0.09533
-0.069498
-0.10107
-0.059293
-0.00061343
-0.054828
-0.083849
-0.069179
-0.080341
-0.088314
-0.093735
-0.084168
-0.11478
-0.11128
-0.094373
-0.091503
-0.11
-0.11383
-0.093735
-0.044304
-0.025488
-0.065671
-0.053552
-0.031548
-0.018153
-0.021661
-0.070455
-0.058017
-0.050363
-0.045899
-0.053552
-0.053234
-0.012094
-0.01624
-0.064077
-0.07779
-0.054828
-0.023894
-0.027721
-0.04845
-0.032823
0.0013
0.015013
-0.010819
-0.00029452
-0.011456
-0.018472
-0.0015702
0.040845
0.044353
0.041802
0.0070404
0.0057648
0.041164
0.070185
0.0076782
-0.021343
0.056153
0.016608
0.028088
0.024899
0.020435
-0.015921
-0.085762
-0.095011
-0.091184
-0.06599
-0.06599
-0.097243
-0.13073
-0.11733
-0.12148
-0.13806
-0.14604
-0.14923
-0.12212
-0.13966
-0.13392
-0.13615
-0.12276
-0.080979
-0.072368
-0.073006
-0.067585
-0.083211
-0.04271
-0.046536
-0.04558
-0.04271
-0.032823
2.4388e-05
0.013738
-0.0063538
-0.0044404
-0.02198
-0.017197
-0.023256
-0.036331
-0.010181
-0.040158
-0.0089051
-0.027721
-0.028359
-0.032186
-0.034099
-0.073006
-0.059612
-0.02198
-0.047493
-0.060887
-0.046855
-0.053871
-0.041753
-0.0076295
0.016289
0.039569
0.023305
0.028088
0.058385
0.075925
0.070503
0.0089539
0.02458
0.03638
0.051369
-0.023894
-0.03091
-0.018153
-0.0041214
-0.017516
-0.04271
-0.091822
-0.093097
-0.093097
-0.076195
-0.07173
-0.049407
-0.087357
-0.067903
-0.062482
-0.042391
-0.034418
-0.05419
-0.034737
-0.034099
-0.070774
-0.064077
-0.035694
-0.017516
-0.04558
-0.055147
-0.01624
-0.012413
0.01884
0.035742
-0.0105
-0.042072
-0.015921
-0.0028458
-0.012732
-0.014645
0.0131
0.0057648
-0.016559
-0.054509
-0.052277
-0.037926
-0.071093
-0.10394
-0.065671
-0.03952
-0.041434
-0.083211
-0.076833
-0.088952
-0.084487
-0.01911
-0.014327
-0.069179
-0.034099
-0.015921
0.026175
0.023943
0.0051269
0.01597
0.035104
0.03064
0.025218
-0.019429
0.031596
0.053282
0.0064026
-0.017835
-0.017197
-0.050682
-0.077471
-0.053552
-0.047493
-0.025488
-0.076833
-0.069817
-0.061525
-0.085762
-0.073006
-0.062482
-0.072049
-0.074919
-0.071093
-0.072687
-0.069498
-0.064714
-0.064395
-0.078427
-0.056742
-0.043985
-0.028996
-0.012094
0.042439
0.063487
0.075925
0.099843
0.087406
0.082303
0.047542
0.12727
0.096335
0.12185
0.16044
0.10941
0.10112
0.046266
0.021391
0.027132
-0.013689
-0.032504
-0.022937
-0.049088
-0.042072
-0.080022
-0.10203
-0.094054
-0.096924
-0.077471
-0.096924
-0.09246
-0.092141
-0.078427
-0.074919
-0.082573
-0.069498
-0.061206
-0.052915
-0.043028
-0.03091
-0.024851
-0.051001
-0.03091
-0.03091
-0.032823
-0.023894
-0.014645
-0.021024
-0.057698
-0.032186
0.013419
0.022986
0.025856
0.029364
0.020754
0.031915
0.052645
0.028407
0.0095917
0.023305
0.025537
0.029364
0.076244
0.079433
0.052645
0.025537
0.029045
0.0060837
-0.0089051
-0.028996
0.013738
0.020435
0.01023
-0.016878
-0.018472
-0.017197
-0.030272
-0.029953
-0.041753
-0.048131
-0.04845
-0.064395
-0.034099
-0.0044404
0.046266
0.020754
0.017564
0.028726
0.027451
0.010867
-0.0095429
0.02458
0.052645
0.040207
0.03351
-0.0034836
0.00066221
-0.0047593
-0.047174
-0.03378
-0.044942
-0.043347
-0.027721
-0.032823
-0.035056
-0.031548
-0.019748
0.0028946
-0.0066727
-0.023256
-0.032504
-0.014327
-0.0038025
0.0076782
-0.022299
-0.036969
-0.032504
-0.0069916
-0.0079484
-0.020386
-0.03091
-0.033142
-0.035694
-0.012732
-0.02198
-0.032504
-0.018472
-0.015921
-0.01337
0.0054459
0.010548
-0.0098618
0.010548
0.02777
0.061255
0.040845
0.061893
0.06572
0.044353
0.078476
0.084854
0.070503
0.082622
0.069547
0.047861
0.040526
0.053601
0.020754
0.0003433
0.024899
0.0019378
-0.016559
-0.02517
-0.017516
-0.023575
-0.027721
-0.035375
-0.051639
-0.029315
-0.031548
-0.029315
-0.038245
-0.034099
-0.032186
-0.064395
-0.020386
-0.0050782
0.0035324
0.0041702
0.017564
0.022986
0.0089539
0.016608
0.043396
0.034148
0.039569
0.036699
0.046904
0.040207
0.011186
0.0051269
0.0016189
0.015332
0.0092728
0.0067215
-0.0082673
-0.02198
-0.0082673
-0.0060349
0.0041702
0.0073593
0.0070404
-0.020386
-0.017197
0.0044891
0.016927
0.022029
-0.0089051
0.0032135
0.018202
0.0035324
0.025537
0.023305
0.024899
0.020435
0.01597
0.030002
0.037656
0.0095917
0.0051269
0.035104
0.017246
0.017246
0.030321
0.019797
0.0025757
0.022348
0.026813
0.0079971
-0.0050782
0.019797
0.012143
-0.0085862
0.025218
0.023624
0.0076782
-0.0018891
0.0028946
0.0022568
-0.005716
-0.020067
-0.0025269
-0.00029452
0.0054459
0.035423
0.029045
0.028726
0.039569
0.05392
0.074649
0.057747
0.061574
0.059979
0.063487
0.054239
0.040845
0.043396
0.025218
0.028088
0.035104
0.045947
0.044034
0.026175
-0.014964
-0.014327
-0.018791
0.012462
0.03064
-0.0085862
-0.01337
-0.014645
-0.0060349
-0.00093234
-0.00061343
-0.030272
-0.028996
-0.027721
-0.0018891
-0.012094
-0.011137
-0.022299
-0.0085862
0.0003433
0.034786
-0.0012513
-0.0044404
0.0095917
-0.0073105
-0.01337
-0.014645
-0.0076295
-0.021024
0.0019378
0.00066221
-0.0089051
-0.00093234
0.004808
0.012781
0.021072
0.045629
0.045947
0.036699
0.037656
0.04818
0.063487
0.060936
0.043715
0.027451
0.01023
0.021072
0.040207
-0.0018891
0.0054459
-0.011775
-0.022299
-0.031229
-0.029315
-0.035694
-0.02804
-0.031867
-0.034099
-0.037607
-0.040477
-0.020386
-0.0105
0.0067215
0.0070404
0.042439
0.064763
0.076882
0.071141
0.051688
0.048499
0.10016
0.10654
0.10526
0.080071
0.061255
0.07433
0.035742
0.040207
0.018202
0.029045
0.03064
-0.021661
-0.029634
-0.036331
-0.030591
-0.025807
0.025856
-0.0073105
-0.0098618
-0.015921
-0.0044404
0.042439
0.045947
0.015651
-0.027402
-0.029634
-0.0031647
0.023305
0.00098112
-0.02198
-0.014645
-0.0034836
-0.043347
-0.027083
-0.041434
-0.035694
-0.036331
-0.024851
-0.020386
-0.023575
-0.0012513
-0.009224
0.029045
0.027451
0.041802
0.035423
0.023624
0.026175
0.026813
0.03351
0.053282
0.044353
0.029683
0.0057648
-0.012094
-0.013051
-0.011775
-0.011775
-0.029634
-0.013689
-0.0028458
-0.0044404
0.0067215
0.0073593
0.0095917
0.012781
0.010548
0.0022568
0.030002
0.0044891
0.030002
0.042758
0.042439
0.040845
0.015332
-0.0079484
-0.0082673
-0.0105
0.0019378
-0.026445
-0.030591
-0.020067
-0.02198
-0.038564
-0.052277
-0.051958
-0.051639
-0.060887
-0.062163
-0.066309
-0.061844
-0.074919
-0.056104
-0.033142
-0.015921
-0.00061343
0.016927
0.029364
0.026494
0.040845
0.019159
0.047223
0.030959
0.0057648
0.035104
0.059979
0.048499
0.00098112
-0.038564
-0.026764
-0.031229
-0.016878
-0.014645
-0.050682
-0.076833
-0.070136
-0.050044
-0.049088
-0.066309
-0.037926
-0.060887
-0.03952
-0.033461
-0.04845
-0.054509
-0.00061343
0.016927
0.0089539
0.015332
0.019478
0.014056
0.012462
0.019478
0.025856
-0.01624
0.017883
0.016289
0.0067215
-0.026445
-0.061206
-0.061206
-0.074919
-0.062482
-0.073325
-0.082573
-0.095011
-0.096286
-0.087357
-0.078109
-0.055466
-0.040796
-0.047812
-0.050682
-0.031548
-0.031548
-0.029953
-0.014645
-0.0025269
-0.037607
-0.014645
-0.0073105
-0.012094
-0.0041214
-0.014645
-0.032823
-0.044623
-0.043985
-0.055466
-0.042072
-0.050363
-0.02804
-0.041434
-0.051001
-0.041753
-0.03378
-0.04271
-0.0073105
0.01884
0.041802
0.033829
0.018202
0.025856
0.039888
0.092189
0.07433
0.082622
0.045947
0.038612
0.029045
0.017246
-0.0063538
-0.014645
-0.035375
-0.029315
0.0028946
-0.022937
-0.040158
-0.059293
-0.06025
-0.062482
-0.065033
-0.067585
-0.058017
-0.034099
-0.056423
-0.057061
-0.040477
-0.051958
-0.070136
-0.040477
-0.031229
-0.036969
-0.053871
-0.078746
-0.051639
-0.062482
-0.034418
-0.060569
-0.068541
-0.056104
-0.051639
-0.061844
-0.064714
-0.064077
-0.077152
-0.10011
-0.071411
-0.054509
-0.060887
-0.06025
-0.061525
-0.060887
-0.05132
-0.025807
-0.023256
-0.047174
-0.033142
-0.030591
-0.014964
-0.016878
-0.0076295
-0.01337
0.0041702
-0.00061343
0.00098112
-0.0076295
0.0079971
0.0079971
0.0051269
-0.0028458
0.0051269
0.0057648
0.025218
0.020435
0.0076782
-0.0018891
-0.0031647
0.0051269
0.029683
0.052645
0.10973
0.10941
0.10367
0.11101
0.097292
0.092508
0.13875
0.12886
0.11866
0.085811
0.12057
0.089319
0.090914
0.081346
0.037337
0.017246
0.0025757
-0.01911
-0.020386
-0.023575
-0.03091
-0.044942
-0.06025
-0.052596
-0.075557
-0.096924
-0.079065
-0.085125
-0.097243
-0.10872
-0.094054
-0.10745
-0.097881
-0.099157
-0.078746
-0.061844
-0.052277
-0.048131
-0.053234
-0.047493
-0.01911
0.0032135
0.01884
0.015651
-0.0060349
-0.0076295
-0.013051
-0.01337
-0.026126
-0.0085862
-0.0044404
-0.014964
-0.024851
-0.026764
-0.028359
-0.03091
-0.025807
-0.04845
-0.036969
-0.037607
-0.027083
-0.031229
-0.033142
-0.026764
-0.037926
-0.041753
-0.023575
0.0013
-0.0050782
0.0076782
0.017564
0.0079971
0.0073593
0.025537
0.018202
0.022348
0.061255
0.072098
0.085173
0.11706
0.12886
0.17766
0.1649
0.16745
0.1834
0.19073
0.20668
0.18818
0.16586
0.15406
0.17
0.17032
0.098886
0.074649
0.041802
-0.0073105
-0.0089051
-0.052277
-0.087676
-0.093097
-0.076195
-0.072687
-0.082254
-0.096286
-0.086719
-0.060887
-0.041434
-0.057061
-0.064714
-0.049407
-0.031867
-0.024213
-0.029953
-0.03378
-0.023894
-0.036969
-0.040477
-0.030591
-0.047812
-0.061206
-0.048131
-0.03378
-0.023575
-0.013051
-0.022299
-0.043028
-0.052915
-0.028359
-0.019748
-0.018791
-0.022937
-0.038245
-0.028996
-0.024532
-0.044623
-0.04558
-0.047812
-0.030591
-0.032504
-0.038245
-0.0079484
-0.0095429
-0.0079484
-0.030272
-0.041115
-0.038883
-0.018153
-0.005716
-0.019748
0.0060837
0.017246
0.016927
0.051369
0.069547
0.079752
0.074012
0.075606
0.066995
0.095378
0.072417
0.084217
0.094103
0.093784
0.092508
0.067952
0.039888
0.036061
0.031596
0.036061
0.019478
0.0016189
-0.012094
-0.025488
0.012781
0.0038513
-0.011456
-0.021343
-0.017835
0.0035324
0.022986
0.023624
0.0016189
0.0057648
0.015332
0.0003433
0.004808
0.10112
0.063169
0.028088
0.02458
0.034786
0.012143
0.0054459
0.011186
0.008635
0.0076782
-0.030591
-0.045899
-0.070136
-0.055466
-0.065033
-0.063758
-0.071411
-0.072687
-0.085762
-0.093416
-0.10458
-0.088952
-0.075557
-0.051639
-0.025488
0.025537
0.0054459
0.010548
-0.0079484
0.0057648
0.040207
0.052007
0.055196
0.031278
0.028088
0.008635
0.0025757
0.00066221
-0.0095429
-0.017516
-0.029634
-0.042072
-0.085762
-0.090546
-0.089589
-0.091503
-0.031229
-0.025488
-0.009224
0.017564
0.029683
0.037656
0.058066
0.09187
0.08039
0.092508
0.11706
0.081346
0.065401
0.054877
0.042439
0.059661
0.01597
-0.019748
-0.028359
-0.029953
-0.037607
-0.057698
-0.06312
-0.043985
-0.045261
-0.021661
-0.036012
-0.015921
0.0070404
0.01023
0.01023
0.049137
0.020116
0.023305
0.0067215
0.0064026
0.023305
0.023943
0.021072
-0.0044404
-0.025488
-0.015921
-0.02517
-0.032823
-0.082254
-0.091503
-0.041115
-0.088633
-0.078109
-0.091822
-0.073325
-0.076833
-0.078427
-0.081298
-0.071093
-0.052915
-0.032823
-0.043028
-0.062163
-0.049088
-0.026764
-0.0085862
-0.015921
-0.0085862
-0.0041214
0.00066221
-0.0089051
-0.050363
-0.02804
-0.036012
-0.030272
-0.01911
-0.038564
-0.063439
-0.047174
-0.062482
-0.059293
-0.05132
-0.041753
-0.028996
-0.024851
0.062531
0.050093
0.040207
0.032234
0.056153
0.06285
0.072098
0.07752
0.10399
0.082622
0.097611
0.087406
-0.00061343
-0.023575
-0.037607
-0.062801
-0.072368
-0.079703
-0.099157
-0.10649
-0.12754
-0.12052
-0.14285
-0.12882
-0.10617
-0.13615
-0.13456
-0.12626
-0.11957
-0.11446
-0.10841
-0.090227
-0.086719
-0.078109
-0.1151
-0.12945
-0.12212
-0.11064
-0.095649
-0.086719
-0.094054
-0.098838
-0.091184
-0.06886
-0.080022
-0.072368
-0.068541
-0.062163
-0.050682
-0.052915
-0.048769
-0.04845
-0.034099
-0.017197
-0.026764
-0.029634
-0.017516
0.0003433
-0.00093234
-0.002208
-0.017197
-0.014964
0.010548
0.029364
0.041164
0.029683
0.026175
0.04531
0.042121
0.044353
0.064125
0.056471
0.06285
0.058704
0.015013
0.029045
0.046266
0.040526
0.030959
0.00098112
-0.029315
-0.010181
0.0028946
0.012781
-0.056742
-0.093097
-0.043985
0.0022568
-0.015283
-0.023894
-0.035056
-0.026126
-0.013689
-0.0041214
-0.0038025
-0.018153
-0.03091
-0.03952
-0.03665
-0.041753
-0.047174
-0.017516
-0.028359
-0.04558
-0.052915
-0.057698
-0.058017
-0.045899
-0.050363
-0.024851
-0.031548
-0.032186
-0.047812
-0.059612
-0.053871
-0.060887
-0.043347
-0.038883
-0.03665
-0.043347
-0.056742
-0.085125
-0.064714
-0.066628
-0.060569
-0.048769
-0.051639
-0.061844
-0.048131
-0.055147
-0.058974
-0.056104
-0.053234
-0.046855
-0.04271
-0.052277
-0.034418
0.0022568
-0.011775
-0.015283
0.0013
0.0025757
0.019797
0.041483
0.031278
0.031596
0.031278
0.035742
0.038612
0.027451
0.030321
0.019478
0.0095917
0.004808
0.019159
0.024899
0.043715
0.026494
0.0079971
0.0003433
0.016927
0.025218
0.038612
0.058066
0.050412
0.054239
0.045629
0.048499
0.034786
0.045629
0.029683
0.04818
0.038612
0.021391
0.03064
0.022667
-0.0060349
-0.014327
-0.009224
-0.0044404
-0.014645
-0.031548
-0.019429
-0.041753
-0.037288
-0.036969
-0.049726
-0.030591
-0.022618
0.0041702
-0.00061343
-0.0038025
0.0025757
0.058385
0.032872
0.032553
0.06572
0.049774
0.019797
0.034786
0.059023
0.043715
0.051369
0.051688
0.053601
0.046585
0.034786
0.055515
0.044672
0.018521
0.014694
0.02777
0.02458
0.033829
0.018202
0.021391
0.018521
0.0032135
-0.0012513
0.0016189
-0.022618
-0.021024
-0.014645
-0.024213
-0.032186
-0.032823
-0.01911
-0.02804
-0.029953
-0.034099
-0.041115
-0.032504
-0.028678
-0.038245
-0.038245
-0.029953
-0.019748
-0.01911
-0.019429
-0.010181
-0.014645
-0.0044404
-0.009224
0.0099106
0.0016189
-0.012732
-0.01337
0.00066221
0.0067215
2.4388e-05
0.0076782
0.0070404
0.018202
0.034467
0.0035324
0.0051269
0.012143
0.0070404
0.015013
0.023624
0.052645
0.055515
0.072417
0.081665
0.071779
0.048818
0.011824
0.034148
0.019797
0.042758
0.052645
0.060617
0.047542
0.029683
0.0092728
0.017883
0.0054459
0.0060837
0.0035324
-0.0028458
-0.0105
-0.011775
-0.014327
-0.01624
-0.020705
-0.012732
-0.014008
-0.019748
-0.020067
-0.02198
-0.028996
-0.021661
-0.0034836
0.0067215
-0.01337
-0.013051
-0.014008
0.0044891
0.0131
0.037656
0.036699
0.025856
0.032872
0.040845
0.033191
0.035742
0.049137
0.047223
0.042121
0.055515
0.085811
0.06572
0.054239
0.058704
0.046904
0.031278
0.038294
0.050093
0.028407
0.064444
0.066995
0.050731
0.0060837
-0.009224
0.014694
0.0064026
0.016927
-0.011456
-0.021024
-0.02198
-0.044304
-0.057379
-0.05419
-0.048131
-0.04845
-0.063439
-0.061206
-0.050044
-0.025807
-0.04271
-0.036331
-0.039839
-0.025807
-0.0018891
-0.0069916
-0.010181
-0.0060349
0.0016189
0.0025757
-0.0079484
-0.0073105
-0.020386
-0.011775
-0.0076295
-0.011775
-0.012732
-0.020067
-0.026764
-0.034099
-0.02804
-0.0089051
-0.016878
-0.02804
-0.028996
-0.031867
-0.039839
-0.034737
-0.023256
-0.041115
-0.027083
-0.021024
-0.025488
-0.024851
-0.022937
-0.015283
-0.012732
-0.00029452
-0.0015702
-0.0028458
-0.0018891
0.00066221
0.0060837
0.008635
0.016289
0.0051269
0.0022568
0.015651
0.019159
0.023305
0.035742
0.035104
0.044991
0.047542
0.059661
0.052326
0.046585
0.060936
0.069228
0.06572
0.070503
0.070503
0.048499
0.055515
0.060936
0.074649
0.070503
0.057428
0.058385
0.043715
0.053282
0.059023
0.042121
0.01023
0.026813
0.02777
0.028407
0.02777
0.037337
-0.016559
-0.0015702
0.018521
-0.0031647
-0.029953
-0.017197
2.4388e-05
0.0025757
0.0076782
0.0032135
-0.013689
-0.048769
-0.034737
-0.019429
-0.035056
-0.037926
-0.04558
-0.048131
-0.050044
-0.045899
-0.05132
-0.053871
-0.060569
-0.052915
-0.05419
-0.03378
-0.044623
-0.048769
-0.043347
-0.042072
-0.035694
-0.033461
-0.028996
-0.039839
-0.028678
-0.033142
-0.024213
-0.020705
-0.017197
-0.0105
-0.013051
-0.0041214
0.0003433
0.0003433
-0.0076295
-0.0028458
-0.0060349
-0.0031647
-0.0025269
-0.0034836
-0.016559
-0.0038025
0.0028946
0.0019378
-0.0018891
-0.0041214
-0.0012513
0.0038513
0.015651
0.0073593
0.0070404
0.025537
0.021072
0.028088
0.041483
0.035742
0.021072
0.036699
0.043715
0.053601
0.049137
0.051369
0.050412
0.050093
0.042439
0.050093
0.04818
0.037656
0.031596
0.044353
0.03638
0.057428
0.05392
0.012143
0.018202
0.023943
0.03351
0.032234
0.040207
0.041164
0.043077
0.043077
0.028726
0.016289
0.012462
0.0057648
0.01597
0.011824
0.0035324
0.0032135
-0.019429
-0.01624
-0.012732
-0.016559
-0.031867
-0.041115
-0.044942
-0.026445
-0.020067
-0.050363
-0.066628
-0.064077
-0.060887
-0.063758
-0.064714
-0.061525
-0.073325
-0.065352
-0.053552
-0.042391
-0.03952
-0.03665
-0.038564
-0.033142
-0.022618
-0.0015702
-0.012413
-0.018153
-0.0028458
0.0019378
-0.0025269
-0.002208
-0.0063538
-0.019748
-0.0073105
-0.0044404
0.0013
-0.00061343
-0.0012513
-0.00029452
-0.0073105
0.0051269
0.011505
0.0060837
-0.00029452
0.0038513
0.0022568
0.0044891
0.0038513
-0.0018891
-0.020067
-0.0050782
0.0057648
0.0057648
-0.00029452
-0.00061343
-0.00061343
0.0054459
0.026813
0.018202
0.01884
0.015332
0.012781
0.016289
0.024262
0.028088
0.02171
0.028407
0.033829
0.030959
0.023624
0.021072
0.01884
0.023305
0.02458
0.027132
0.03064
0.030959
0.060298
0.044034
0.035423
0.033191
0.020435
0.015651
0.040207
0.046585
0.050731
0.050412
0.030002
0.019478
0.015332
0.011505
0.0041702
-0.0038025
-0.012413
-0.021024
-0.029953
-0.027721
-0.03378
-0.044304
-0.059612
-0.047493
-0.042072
-0.04845
-0.048131
-0.042391
-0.040796
-0.038564
-0.02517
-0.03378
-0.035056
-0.033142
-0.030591
-0.036012
-0.039839
-0.030591
-0.035694
-0.033142
-0.028996
-0.023575
-0.023894
-0.023894
-0.021024
-0.020067
-0.01337
0.0013
-0.0085862
-0.016559
-0.011775
-0.005716
-0.0060349
-0.0073105
-0.0085862
-0.023575
-0.0053971
-0.0031647
-0.0041214
-0.0079484
-0.009224
-0.0060349
-0.009224
0.0025757
0.0070404
0.0067215
0.0025757
0.012143
0.012462
0.019797
0.029045
0.029045
0.029364
0.035423
0.030002
0.028407
0.025856
0.043715
0.03351
0.017564
0.037656
0.026175
0.012781
0.0035324
-0.0076295
-0.0066727
-0.0105
-0.012413
-0.015921
-0.0034836
-0.0076295
-0.0015702
-0.0085862
-0.0015702
0.0028946
0.0060837
0.0092728
0.019159
0.0076782
0.0038513
0.0032135
0.0016189
-0.0076295
-0.012732
-0.019748
-0.031229
-0.020067
-0.014327
-0.02198
-0.036012
-0.047174
-0.030272
-0.023256
-0.014645
-0.014645
-0.019429
-0.024532
-0.020705
-0.021343
-0.021024
-0.01911
-0.016559
-0.026764
-0.017197
-0.011775
-0.011775
-0.017197
-0.019748
-0.020067
-0.0105
0.004808
-0.0095429
-0.012413
-0.0066727
-0.0018891
0.0019378
0.00098112
-0.0050782
-0.018153
-0.0105
-0.0038025
0.0054459
-0.0025269
-0.0044404
-0.002208
-0.0069916
-0.0066727
0.00098112
-0.0060349
-0.011456
-0.010819
-0.01337
-0.014327
-0.014327
-0.012732
-0.027402
-0.010819
-0.0105
-0.012413
-0.012413
-0.010819
-0.0089051
-0.0073105
-0.00061343
-0.0031647
-0.0047593
-0.0082673
-0.0012513
0.0041702
0.0051269
0.0016189
-0.0047593
-0.011456
0.0013
0.0079971
0.0016189
-0.0012513
0.0019378
0.0032135
0.0032135
0.015651
0.0025757
-0.0012513
-0.0012513
-0.0018891
-0.0025269
-0.005716
-0.002208
-0.010819
0.0019378
0.0044891
0.0089539
0.0070404
0.008635
0.011505
0.017564
0.019159
0.034467
0.031915
0.034467
0.037656
0.028407
0.02777
0.030002
0.02777
0.0016189
0.016289
0.024899
0.027451
0.035742
0.030321
0.028407
0.035104
0.03351
0.0079971
0.014694
0.024899
0.03064
0.01597
0.0131
-0.0028458
-0.015602
-0.027721
-0.021343
-0.015602
-0.023894
-0.01911
-0.024213
-0.034418
-0.033461
-0.020067
-0.027083
-0.029634
-0.026445
-0.022618
-0.022618
-0.022618
-0.035375
-0.047812
-0.031867
-0.037288
-0.039202
-0.044623
-0.048769
-0.052915
-0.056742
-0.053234
-0.04558
-0.051639
-0.056423
-0.051001
-0.051958
-0.047812
-0.044623
-0.043985
-0.058017
-0.041115
-0.034418
-0.032823
-0.031229
-0.028359
-0.027402
-0.022618
-0.014964
-0.019429
-0.016878
-0.010819
-0.0063538
-0.0063538
-0.0085862
-0.009224
-0.015283
-0.020705
0.0044891
0.008316
0.0025757
0.0003433
0.0013
0.0051269
0.012143
0.022348
0.012781
0.024899
0.029683
0.032872
0.044034
0.052007
0.049137
0.034467
0.048499
0.057109
0.060617
0.058704
0.064763
0.06285
0.05392
0.06285
0.071141
0.045947
0.0079971
-0.00061343
-0.009224
0.00066221
-0.0028458
-0.024851
-0.049726
-0.042391
-0.062482
-0.066309
-0.062482
-0.069498
-0.069817
-0.066309
-0.057698
-0.068222
-0.070774
-0.063758
-0.06025
-0.054509
-0.042391
-0.044942
-0.054509
-0.05419
-0.045899
-0.033142
-0.032823
-0.027083
-0.025488
-0.023894
-0.019429
0.0064026
-0.01337
-0.028996
-0.019748
-0.010819
-0.0105
-0.0085862
-0.0089051
-0.019748
-0.01337
-0.020386
-0.016878
-0.018472
-0.019748
-0.014008
-0.0105
-0.0085862
-0.0038025
-0.0089051
-0.018153
-0.012732
-0.011137
-0.0098618
-0.0079484
-0.011137
-0.024532
-0.005716
0.0041702
0.0067215
2.4388e-05
-0.0015702
0.008316
0.013419
0.026175
0.019797
0.018202
0.022348
0.022029
0.021391
0.019797
0.022029
0.024262
0.017564
0.017564
0.016608
0.012462
0.010548
0.0016189
-0.0031647
0.0022568
0.018521
-0.0025269
0.0035324
-0.0025269
0.011824
0.018202
-0.002208
-0.0034836
-0.010181
-0.0025269
0.0051269
0.015651
0.0073593
0.004808
0.0044891
0.0076782
0.0025757
-0.0073105
2.4388e-05
-0.013051
-0.017835
-0.018472
-0.012413
-0.021343
-0.024532
-0.039202
-0.018791
-0.018472
-0.023894
-0.029953
-0.022299
-0.0073105
-0.010819
-0.014645
-0.024532
-0.017835
-0.01911
-0.025807
-0.026445
-0.022937
-0.023575
-0.043347
-0.037926
-0.034418
-0.024213
-0.030272
-0.032504
-0.033142
-0.031548
-0.022618
-0.0012513
-0.012732
-0.020067
-0.018791
-0.01624
-0.017516
-0.0095429
-0.0085862
-0.023894
-0.012732
-0.012732
-0.0073105
-0.0063538
-0.0079484
-0.0044404
-0.0053971
0.0035324
0.0057648
-0.0028458
-0.009224
-0.0089051
0.0013
0.0028946
-0.00061343
-0.0063538
-0.021024
-0.0018891
0.0057648
0.00098112
0.0028946
0.0025757
-0.00029452
0.0019378
0.013738
0.0016189
0.0028946
0.0067215
0.015651
0.015013
0.0070404
0.004808
-0.00029452
0.0028946
0.0025757
0.013738
0.0076782
0.013738
0.012781
0.0092728
0.01597
0.023624
0.011186
0.008316
0.008316
0.023943
0.034148
0.023943
0.028088
0.020116
0.035104
0.037656
0.040845
0.034467
0.037975
0.034148
0.037656
0.039569
0.034467
0.010548
0.00098112
0.008635
0.0067215
-0.010181
-0.023894
-0.034099
-0.05132
-0.036012
-0.028678
-0.03378
-0.039202
-0.03952
-0.035375
-0.03378
-0.017835
-0.022299
-0.023894
-0.025807
-0.021343
-0.0076295
-0.0031647
-0.0066727
-0.023575
-0.027083
-0.015921
0.0076782
-0.005716
-0.0069916
-0.0015702
-0.0053971
-0.0066727
0.010548
-0.00029452
-0.014964
-0.0063538
-0.014964
-0.011456
-0.0034836
-0.0069916
-0.023575
-0.012413
-0.0089051
-0.0098618
-0.009224
-0.011775
-0.011456
-0.0095429
-0.005716
-0.0085862
-0.0044404
-0.0060349
-0.0047593
-0.016878
-0.021024
-0.017197
-0.019748
-0.034737
-0.02198
-0.014645
-0.01624
-0.021343
-0.023256
-0.016559
-0.009224
0.0019378
-0.002208
-0.002208
-0.00029452
0.0041702
0.0044891
0.00098112
-0.005716
-0.0098618
0.008316
0.021072
0.0089539
0.020435
0.023943
0.011824
0.0032135
0.0060837
0.022348
0.0092728
0.014694
0.024899
0.01884
0.0099106
-0.0044404
-0.0095429
-0.016559
-0.0105
-0.016878
-0.015602
-0.025807
-0.021661
-0.013689
0.0013
0.0038513
0.0016189
-0.0098618
-0.005716
0.0089539
0.018521
0.021391
0.02171
0.019797
0.0079971
0.031278
0.030002
0.029045
0.020435
0.011505
0.0057648
0.0051269
0.013419
-0.014645
-0.017516
-0.017516
-0.01911
-0.027083
-0.036331
-0.037607
-0.055466
-0.050044
-0.050044
-0.043028
-0.046218
-0.041753
-0.031548
-0.039202
-0.034099
-0.0095429
-0.011456
-0.019748
-0.017835
-0.015921
-0.020386
-0.015283
-0.0034836
-0.020705
-0.0076295
-0.014327
-0.010181
-0.014327
-0.013051
-0.012094
-0.0028458
0.0054459
-0.0089051
-0.0089051
0.0089539
0.0054459
-0.0018891
-0.0038025
-0.0012513
2.4388e-05
-0.00093234
0.0073593
0.013738
0.012143
0.010867
0.0131
0.019159
0.018202
0.040207
0.044672
0.052963
0.032234
0.041483
0.052326
0.04531
0.064125
0.040845
0.038931
0.03638
0.05392
0.053601
0.040526
0.026813
0.004808
-0.010819
0.010548
-0.0034836
-0.0085862
-0.012732
-0.02804
-0.031548
-0.038883
-0.034418
-0.052277
-0.049088
-0.058336
-0.038883
-0.036012
-0.034737
-0.041434
-0.031548
-0.0095429
-0.0053971
0.0019378
0.0076782
0.0079971
0.018521
0.017246
0.01023
0.024899
0.013738
0.025856
0.04531
0.035742
0.031278
0.0067215
0.019797
0.013738
0.022029
-0.0095429
-0.036969
-0.024213
-0.028996
-0.026445
-0.036012
-0.043985
-0.054828
-0.03665
-0.052596
-0.029634
-0.036969
-0.033461
0.028088
0.029364
0.019159
0.031278
0.041164
0.052645
0.056153
0.073374
0.094741
0.086449
0.052963
0.03925
0.056471
0.014056
0.023624
0.042439
0.010548
0.0092728
-0.010181
-0.028359
-0.022618
-0.03091
-0.035694
-0.038883
-0.021024
-0.030272
-0.011137
-0.018153
-0.046536
-0.014327
0.028407
0.0044891
0.0044891
0.014694
0.019159
0.031915
0.04531
0.016289
0.024899
0.021072
0.027132
0.0057648
-0.016878
-0.0089051
0.00098112
0.0064026
-0.0095429
-0.0038025
-0.047812
-0.054828
-0.046855
-0.048131
-0.038245
-0.018791
-0.030591
-0.04845
-0.068541
-0.066947
-0.06025
-0.054509
-0.060887
-0.084806
-0.062482
-0.067585
-0.073325
-0.043985
-0.036331
-0.04271
-0.04271
-0.04271
-0.042391
-0.029953
-0.033142
-0.035375
-0.018472
-0.015283
-0.017835
-0.016878
-0.024851
-0.020067
-0.0034836
-0.0105
-0.021024
-0.030591
-0.054509
-0.038564
0.0003433
-0.022299
-0.038883
-0.046536
-0.054509
-0.053552
-0.057061
-0.064395
-0.080022
-0.058017
-0.054828
-0.051001
-0.050682
-0.044942
-0.048769
-0.05132
-0.036969
-0.0063538
-0.0066727
-0.0098618
-0.0041214
-0.0076295
-0.014327
-0.01624
0.00098112
-0.0098618
0.0013
0.0041702
0.012462
0.0060837
0.0092728
-0.0028458
-0.0089051
0.010867
0.083898
0.075606
0.06572
0.059979
0.059023
0.07433
0.06285
0.070822
0.063487
0.058066
0.065401
0.037018
0.012462
-0.005716
-0.041115
-0.051001
-0.049407
-0.086081
-0.091503
-0.10936
-0.1269
-0.13902
-0.13169
-0.13679
-0.15178
-0.11478
-0.080341
-0.094373
-0.11319
-0.094054
-0.060887
-0.050363
-0.031548
-0.034418
-0.04271
-0.039202
-0.015283
-0.0053971
-0.012732
-0.027083
-0.069179
-0.056423
-0.029634
-0.042072
-0.031229
-0.047174
-0.058974
-0.08066
-0.091503
-0.074282
-0.086081
-0.070136
-0.030272
-0.0044404
-0.015602
-0.024213
0.0054459
-0.010819
0.0035324
0.017883
0.052963
0.08326
0.065401
0.046585
0.017246
0.020754
0.04818
0.024899
0.0016189
-0.036331
-0.10171
-0.13711
-0.14061
-0.1521
-0.1792
-0.17059
-0.14221
-0.17027
-0.191
-0.1741
-0.16103
-0.11861
-0.10617
-0.10394
-0.0982
-0.082892
-0.061844
-0.040477
-0.022937
0.0032135
0.012143
-0.022299
-0.026445
0.025856
0.031278
-0.0060349
-0.00061343
0.01884
0.028726
0.021391
0.014056
0.037337
0.053601
0.054239
0.061255
0.046266
0.022029
-0.0028458
0.0076782
0.0076782
-0.0069916
0.0044891
0.0019378
-0.016878
-0.056423
-0.071093
-0.064077
-0.094373
-0.087038
-0.091184
-0.091822
-0.094692
-0.11032
-0.10968
-0.094692
-0.082573
-0.067903
-0.055466
-0.067585
-0.079703
-0.097881
-0.087995
-0.076195
-0.064714
-0.058336
-0.051958
-0.052596
-0.090227
-0.065352
-0.07779
-0.075876
-0.082573
-0.071411
-0.045899
-0.068541
-0.03952
-0.046855
-0.03378
-0.0066727
0.022348
0.034786
0.030321
0.022986
0.020116
0.028088
0.026175
0.038612
0.03064
0.0060837
0.020435
0.04818
0.022348
-0.034099
-0.050363
-0.069179
-0.091184
-0.095968
-0.065352
-0.067585
-0.091503
-0.13551
-0.1438
-0.13169
-0.1033
-0.098838
-0.11032
-0.10809
-0.092778
-0.046536
-0.049088
-0.032186
-0.040477
-0.062163
-0.0089051
0.0016189
-0.043028
-0.030591
-0.018791
-0.037926
-0.053234
-0.059931
-0.06312
-0.054828
-0.064395
-0.070774
-0.086719
-0.081298
-0.078746
-0.057698
-0.032823
-0.047493
-0.054828
-0.045899
-0.043985
-0.0085862
-0.036012
-0.028678
-0.018153
-0.018791
-0.0018891
0.012462
-0.0073105
-0.030272
-0.038883
-0.034099
-0.064395
-0.033461
-0.023894
-0.037926
-0.039202
-0.015283
-0.022618
-0.049407
-0.027083
-0.060569
-0.067903
-0.055147
-0.068222
-0.065671
-0.047493
-0.071411
-0.092141
-0.096924
-0.084806
-0.084168
-0.10809
-0.075238
-0.093097
-0.073006
-0.06312
-0.060887
-0.061206
-0.039839
-0.028359
-0.0028458
0.011824
-0.0044404
-0.0079484
-0.00061343
-0.0066727
-0.016559
-0.0073105
-0.014645
0.036699
0.018521
0.01023
0.014056
-0.039839
-0.038883
-0.0098618
0.019159
0.0057648
0.00066221
0.022029
-0.02517
-0.002208
-0.0047593
-0.037607
-0.060887
-0.096605
-0.088952
-0.088633
-0.079703
-0.022299
-0.020067
-0.032186
-0.070774
-0.097881
-0.13487
-0.068222
-0.045899
-0.055147
-0.044304
-0.03091
-0.055466
-0.075557
-0.080979
-0.065033
-0.088633
-0.089589
-0.087357
-0.10936
-0.096286
-0.080979
-0.076195
-0.10809
-0.0864
-0.078427
-0.077152
-0.056104
-0.068222
-0.083849
-0.067585
-0.073006
-0.075876
-0.079703
-0.070455
-0.081298
-0.066628
-0.052596
-0.04558
-0.055785
-0.060569
-0.035375
-0.0082673
-0.0015702
0.016608
-0.02198
-0.038245
-0.035375
-0.032186
0.0035324
0.049774
0.032234
-0.011456
-0.005716
0.012781
-0.012094
-0.01911
-0.0025269
0.0022568
0.0016189
0.049137
0.031596
0.0060837
0.004808
-0.0028458
0.0073593
-0.0073105
-0.03952
-0.057379
-0.059931
-0.057379
-0.062163
-0.051639
-0.051958
-0.057379
-0.073325
-0.11446
-0.15847
-0.13392
-0.099794
-0.097562
-0.093097
-0.094054
-0.10362
-0.10203
-0.11191
-0.1151
-0.10458
-0.081935
-0.085125
-0.092141
-0.070136
-0.058017
-0.076195
-0.066947
-0.066309
-0.074919
-0.070136
-0.073644
-0.054509
-0.053234
-0.070774
-0.087357
-0.084806
-0.070455
-0.052915
-0.041434
-0.034737
-0.046218
-0.04271
-0.02198
-0.023575
0.0044891
0.028088
0.044353
0.022986
0.01597
0.0099106
0.029683
0.028088
0.0099106
0.017246
0.015013
0.022986
-0.0082673
-0.010181
0.011824
-0.030591
-0.064395
-0.067585
-0.06025
-0.077152
-0.095968
-0.079703
-0.10011
-0.1218
-0.11032
-0.12563
-0.11383
-0.090546
-0.11446
-0.15752
-0.14795
-0.1269
-0.10075
-0.092141
-0.11446
-0.10841
-0.11287
-0.10872
-0.11159
-0.11574
-0.12435
-0.087995
-0.058017
-0.053552
-0.062801
-0.070455
-0.06599
-0.049726
-0.025807
-0.054828
-0.037607
-0.055466
-0.051639
-0.040477
-0.024532
-0.050044
-0.068222
-0.079703
-0.052596
-0.048769
-0.062801
-0.082892
-0.081617
-0.076514
-0.074282
-0.04558
-0.088314
-0.098519
-0.09246
-0.096605
-0.090227
-0.067903
-0.066628
-0.06312
-0.067266
-0.069817
-0.053234
-0.06312
-0.06312
-0.032823
0.0028946
0.0095917
0.025218
0.010867
0.00066221
-0.0034836
-0.019429
-0.024213
0.0073593
-0.013689
-0.027721
-0.036969
-0.055785
-0.068541
-0.081617
-0.079384
-0.066628
-0.081298
-0.06025
-0.052277
-0.032504
-0.032186
-0.028359
-0.052277
-0.049088
-0.033142
0.0003433
0.008635
0.0019378
-0.016559
0.01023
-0.014327
-0.023256
-0.047812
-0.051639
-0.044942
-0.038883
-0.084487
-0.087676
-0.10171
-0.08927
-0.097562
-0.11957
-0.094054
-0.047493
-0.043347
-0.051639
-0.079703
-0.10617
-0.10139
-0.096286
-0.064077
-0.055147
-0.026764
-0.052277
-0.079703
-0.068222
-0.058974
-0.067903
-0.078109
-0.089589
-0.07779
-0.08066
-0.070136
-0.063439
-0.067266
-0.057061
-0.047493
-0.0047593
-0.018472
-0.034737
-0.019429
-0.024851
-0.024532
-0.038245
-0.032186
-0.017197
0.00066221
0.024899
-0.00029452
-0.046855
-0.01337
-0.002208
-0.018472
-0.016878
0.0016189
-0.0098618
-0.044304
-0.073963
-0.085443
-0.045899
-0.05132
-0.051639
-0.074919
-0.10139
-0.084487
-0.08066
-0.094054
-0.082892
-0.050363
-0.071093
-0.066309
-0.08927
-0.11861
-0.11128
-0.10011
-0.076833
-0.081298
-0.068541
-0.11
-0.16007
-0.14157
-0.13902
-0.14827
-0.14125
-0.12148
-0.11159
-0.12339
-0.11415
-0.11733
-0.1269
-0.094692
-0.043028
-0.062163
-0.073644
-0.048131
-0.043347
-0.03665
-0.011137
-0.0076295
0.017883
0.026175
0.0044891
0.02458
0.020754
0.020754
0.015332
-0.009224
0.028088
-0.023256
-0.036969
-0.053234
-0.057379
-0.073006
-0.075557
-0.058336
-0.058336
-0.055785
-0.077152
-0.080341
-0.09246
-0.088314
-0.067266
-0.048131
-0.017835
-0.053552
-0.090227
-0.044304
-0.029634
-0.038883
-0.067266
-0.08066
-0.06886
-0.078109
-0.087676
-0.053234
-0.0095429
-0.0089051
-0.0031647
0.02171
0.079752
0.12057
0.074649
0.075925
0.10144
0.12791
0.065082
0.058704
0.11547
0.10399
0.089638
-0.018791
-0.051639
-0.085443
-0.10075
-0.06886
-0.13232
-0.19036
-0.20312
-0.21843
-0.22449
-0.25223
-0.24075
-0.24139
-0.22959
-0.20567
-0.17761
-0.18399
-0.17187
-0.1454
-0.10266
-0.1033
-0.11542
-0.09533
-0.03952
-0.052915
-0.043985
-0.024213
-0.050363
-0.041115
-0.044942
-0.035694
-0.055466
-0.058017
-0.072368
-0.06599
-0.073006
-0.073325
-0.057379
-0.062482
-0.035694
0.0095917
0.01023
-0.00061343
-0.0044404
-0.005716
-0.015283
-0.0044404
0.0070404
0.032872
0.016927
-0.0076295
-0.014645
-0.027083
0.01023
0.027451
0.0057648
-0.01911
-0.034099
-0.026764
-0.0085862
-0.005716
-0.01624
0.0044891
0.039888
0.031596
0.019159
0.036699
0.013419
0.0013
-0.031548
-0.070455
-0.0085862
-0.0085862
-0.047174
-0.097562
-0.13328
-0.11446
-0.08927
-0.10522
-0.14476
-0.12882
-0.10522
-0.097562
-0.09533
-0.10011
-0.029634
0.028726
0.0035324
-0.021024
0.0076782
-0.014008
0.0070404
-0.0031647
-0.021343
-0.0095429
-0.012094
-0.040158
-0.057698
-0.053552
-0.093416
-0.11255
-0.073963
-0.02804
-0.042072
-0.055785
-0.058974
-0.057061
-0.02804
-0.010819
0.034148
0.0131
-0.0012513
0.0022568
-0.043347
-0.032823
-0.043666
-0.041115
-0.0864
-0.085443
-0.10043
-0.081617
-0.091184
-0.078109
-0.088952
-0.083211
-0.081935
-0.095011
-0.073325
-0.078746
-0.092141
-0.013051
-0.014008
-0.034099
-0.069498
-0.087357
-0.070774
-0.094373
-0.083849
-0.075876
-0.099157
-0.10203
-0.10011
-0.097562
-0.095968
-0.096286
-0.090546
-0.079065
-0.055147
-0.033461
-0.046218
-0.010819
0.020116
0.013419
0.019797
0.05392
0.052963
0.010548
0.025218
0.02458
-0.0028458
-0.014327
0.011824
-0.040158
-0.04271
-0.066947
-0.075876
-0.086719
-0.10394
-0.10298
-0.10043
-0.10107
-0.074919
-0.084168
-0.075876
-0.044623
-0.058017
-0.054828
-0.029953
-0.0060349
-0.0050782
0.028726
0.043077
0.10877
0.086768
0.063169
0.076882
0.089638
0.065401
0.092827
0.099843
0.069866
0.024262
0.03351
-0.024851
-0.058655
-0.058017
-0.051958
-0.072049
-0.075557
-0.088633
-0.13392
-0.12244
-0.11446
-0.085762
-0.053552
-0.0095429
-0.022299
0.0035324
0.011186
0.019159
0.014694
0.017246
0.059661
0.097292
0.096973
0.075925
0.01597
0.0013
-0.013689
-0.026126
-0.027402
-0.047174
-0.035375
-0.10553
-0.10522
-0.10522
-0.10011
-0.10394
-0.090865
-0.047812
0.017564
0.047223
0.0064026
0.0032135
0.012143
0.0076782
-0.0028458
-0.010819
-0.0018891
0.076244
0.0051269
-0.010819
-0.051639
-0.077152
-0.096924
-0.12212
-0.13998
-0.15369
-0.15178
-0.14125
-0.1454
-0.13806
-0.12595
-0.076833
-0.056423
-0.066628
-0.069498
-0.069817
-0.035375
0.010867
0.073374
0.05679
0.085811
0.12855
0.12791
0.084854
0.074968
0.090595
0.077201
0.04818
0.080071
0.079114
0.050093
0.00066221
-0.069817
-0.057379
-0.11606
-0.11638
-0.1269
-0.15178
-0.13424
-0.13456
-0.13774
-0.12913
-0.059293
-0.020386
-0.0015702
-0.0044404
-0.020067
-0.014645
0.019797
0.021072
0.0028946
-0.0053971
0.057109
0.027132
-0.017197
-0.027083
-0.025488
-0.075876
-0.078746
-0.07173
-0.091822
-0.10713
-0.090865
-0.067266
0.02171
0.058066
0.094103
0.099205
0.19328
0.22454
0.14577
0.12727
0.16331
0.15948
0.096973
0.11579
0.11738
0.089957
0.057747
-0.012094
-0.10075
-0.14061
-0.16836
-0.21141
-0.23629
-0.24203
-0.24586
-0.24873
-0.23087
-0.21173
-0.19132
-0.17888
-0.17123
-0.16198
-0.15018
-0.11989
-0.1033
-0.11319
-0.090227
-0.066309
-0.073006
-0.063439
-0.062163
-0.069498
-0.049088
-0.029953
-0.022937
-0.03665
-0.040477
-0.029953
-0.014964
-0.0082673
-0.0034836
-0.010181
-0.0015702
0.013738
0.01597
0.018521
0.017883
0.027451
0.0089539
0.010867
0.016608
0.02777
0.011505
0.014694
0.012143
0.0089539
-0.0025269
0.026494
-0.00093234
-0.012413
2.4388e-05
-0.009224
0.0051269
0.037656
0.085811
0.076882
0.098249
0.073693
0.081665
0.10941
0.11196
0.074968
0.066358
0.035104
0.079433
0.063487
0.052963
0.0095917
-0.014008
-0.047174
-0.06886
-0.11383
-0.11446
-0.094054
-0.10266
-0.12882
-0.14476
-0.12658
-0.11893
-0.11574
-0.10522
-0.060887
-0.076833
-0.08353
-0.081935
-0.086719
-0.06886
-0.047174
-0.049726
0.026494
0.044672
0.047223
0.013738
0.041164
0.00098112
-0.0028458
0.034786
0.072736
0.063487
0.027451
-0.0069916
-0.0098618
-0.042072
-0.084168
-0.057379
-0.050363
-0.058974
-0.064077
-0.095649
-0.11032
-0.1151
-0.12531
-0.11893
-0.081935
-0.096286
-0.10171
-0.097562
-0.10522
-0.056423
-0.051639
-0.065033
-0.084487
-0.063439
-0.044304
-0.027083
-0.048131
-0.045899
-0.027402
-0.021343
-0.018153
0.0060837
-0.00093234
0.00066221
0.0044891
0.015013
0.016289
0.014375
0.012462
0.0044891
0.010867
0.018521
0.01023
2.4388e-05
-0.010819
-0.013689
-0.012094
-0.01337
-0.019748
-0.033142
-0.052596
-0.040796
-0.043347
-0.057379
-0.063439
-0.06025
-0.074601
-0.060569
-0.042072
-0.041115
-0.038564
0.033829
0.015013
-0.0050782
0.042758
0.032872
0.023624
-0.002208
-0.0095429
0.029045
-0.043347
-0.023894
0.0067215
0.0076782
-0.04271
-0.047812
-0.069498
-0.087995
-0.058017
-0.04558
-0.018791
-0.0050782
0.020435
0.042121
0.027132
0.028726
0.017564
0.057428
0.047542
-0.00061343
0.028407
-0.0047593
0.012462
-0.044623
-0.061844
-0.069498
-0.098838
-0.12212
-0.13487
-0.12626
-0.13487
-0.13487
-0.13041
-0.1454
-0.14189
-0.14125
-0.13456
-0.11829
-0.099476
-0.094373
-0.088633
-0.09246
-0.072049
-0.067585
-0.032186
-0.04558
-0.018153
-0.0079484
-0.0041214
-0.0031647
-0.0098618
-0.016559
-0.0069916
0.030002
0.032234
0.018202
0.037975
0.047542
0.024899
-0.0044404
-0.027083
0.021391
0.023943
0.0044891
-0.030272
-0.0082673
0.0003433
-0.016559
-0.005716
-0.027083
-0.010819
0.0032135
0.0131
0.015332
0.0070404
0.014375
0.01884
0.026175
0.008316
-0.017197
-0.034418
-0.031229
-0.056742
0.0013
-0.014327
-0.057698
-0.072049
-0.044304
-0.005716
-0.018472
-0.026126
-0.016559
-0.021343
-0.024213
-0.033142
-0.050682
-0.03665
0.022348
-0.013689
-0.036331
-0.066947
-0.052915
-0.074282
-0.060569
-0.094054
-0.10777
-0.0982
-0.064077
0.0028946
0.0067215
-0.00093234
0.028407
0.050412
0.08326
0.067952
0.069547
0.038294
0.0089539
0.0003433
-0.038883
0.042121
0.029045
-0.0031647
-0.036331
-0.095968
-0.13105
-0.14636
-0.15911
-0.16039
-0.15528
-0.1505
-0.13041
-0.12276
-0.12276
-0.13232
-0.12499
-0.10171
-0.082573
-0.047493
-0.041434
-0.043985
-0.0076295
0.038294
0.028407
0.048499
0.032234
0.012143
0.027451
0.035742
0.039569
0.011824
-0.034737
-0.032823
-0.014327
0.014056
-0.036969
-0.068541
-0.069498
-0.048769
-0.062801
-0.063439
-0.054828
-0.053871
-0.036969
-0.030591
-0.071411
-0.014008
-0.0076295
0.0057648
0.0016189
0.02171
0.036061
0.031915
0.023305
0.030959
0.037975
0.0079971
0.031278
0.019159
0.066358
0.058704
0.034467
0.011505
-0.0079484
-0.027721
-0.075557
-0.090865
-0.036012
-0.056104
-0.092141
-0.087038
-0.10649
-0.12148
-0.10203
-0.11191
-0.10522
-0.11638
-0.11064
-0.099157
-0.099794
-0.088314
-0.069498
-0.018472
-0.021024
-0.031229
-0.03378
-0.027721
-0.021343
-0.032504
-0.051958
-0.013689
-0.02804
-0.049407
-0.02517
-0.029315
-0.046855
-0.065033
-0.071411
-0.088952
-0.080022
-0.048131
-0.051958
-0.070136
-0.032186
-0.017516
-0.02198
-0.021024
0.013419
0.01884
0.0051269
0.026494
0.082622
0.068909
0.064125
0.03064
0.028726
0.01884
0.023305
0.041164
0.0025757
0.0099106
-0.023575
-0.021024
-0.0050782
-0.0041214
-0.035694
-0.073325
-0.097243
-0.088952
-0.078746
-0.050682
-0.033461
-0.024532
0.027132
0.04531
0.015651
-0.015602
-0.010819
0.028726
0.016289
0.020754
-0.022618
-0.03378
0.037018
-0.0073105
-0.063439
-0.058655
-0.065352
-0.072368
-0.078746
-0.080341
-0.11032
-0.1049
-0.087038
-0.078427
-0.075876
-0.081617
-0.050363
0.0041702
0.023624
-0.0018891
-0.015921
0.035742
0.04531
-0.0038025
-0.038245
-0.0089051
0.0035324
0.014694
-0.048131
-0.041753
-0.037288
-0.05419
-0.065352
-0.075238
-0.1033
-0.13456
-0.13296
-0.15178
-0.12595
-0.12276
-0.12276
-0.11638
-0.090227
-0.069817
-0.067585
-0.081298
-0.08066
-0.065033
-0.04558
-0.02198
-0.0089051
-0.012732
-0.035375
-0.034099
-0.0095429
0.0044891
-0.016559
0.023305
0.02458
0.01597
0.055834
0.070822
0.050731
0.015013
0.037018
0.044034
0.047861
0.094741
0.061893
0.014375
0.019159
0.0079971
0.0013
-0.0015702
-0.050363
-0.024532
-0.037288
-0.005716
-0.015283
-0.037607
-0.04845
-0.040158
0.026175
0.046904
0.008635
-0.009224
-0.015602
-0.00061343
0.016289
-0.021024
-0.031867
-0.043028
-0.010819
0.016289
-0.0047593
-0.043028
-0.050682
-0.043028
-0.054828
-0.040477
-0.057698
-0.050363
-0.054509
-0.055785
-0.073325
-0.052915
-0.049088
-0.064714
-0.081298
-0.080341
-0.076833
-0.061525
-0.053234
-0.052915
-0.056104
-0.051958
-0.014645
-0.025807
-0.026126
-0.026445
-0.03378
-0.02517
-0.023256
-0.0076295
-0.022618
-0.0082673
-0.024213
-0.0095429
-0.020386
-0.026445
-0.041434
-0.023256
-0.017516
-0.014645
-0.018791
-0.023256
-0.020386
-0.029315
-0.013689
-0.014964
-0.0050782
-0.027083
0.0079971
0.055196
0.042439
0.028088
0.040526
0.060617
0.03925
0.053601
0.058066
0.076244
0.081028
0.043396
0.048818
0.076244
0.064125
0.027132
0.019797
-0.00061343
0.023624
0.014375
0.0079971
-0.0047593
-0.0053971
-0.005716
0.0038513
-0.0031647
-0.025807
-0.035694
-0.025807
-0.026445
-0.048769
-0.028678
-0.04845
0.0051269
-0.00093234
-0.024213
0.0095917
-0.0012513
-0.022618
-0.009224
0.0019378
0.0003433
-0.00093234
0.0092728
2.4388e-05
-0.026126
-0.027083
-0.021024
-0.038564
-0.089908
-0.080979
-0.04558
-0.058017
-0.06599
-0.066309
-0.085762
-0.08927
-0.066628
-0.066947
-0.065352
-0.079384
-0.055785
-0.047493
-0.044304
-0.032186
-0.019429
-0.034418
-0.021343
-0.023575
-0.019429
-0.021024
0.015013
0.0060837
-0.011775
0.0022568
-0.01337
0.0095917
0.0022568
-0.015921
-0.020705
-0.011137
-0.012413
-0.02804
-0.019748
-0.027083
-0.0018891
-0.0076295
-0.024213
-0.012732
-0.029315
-0.018153
-0.009224
-0.0098618
-0.015283
-0.027721
-0.027083
-0.014645
-0.0098618
-0.020386
-0.048131
-0.027721
-0.013051
-0.016559
-0.015921
-0.018791
-0.0085862
-0.017516
-0.0034836
0.0028946
0.019478
0.035423
0.056153
0.073055
0.11037
0.11993
0.10495
0.11069
0.12504
0.11834
0.12567
0.099843
0.074968
0.13588
0.13492
0.10112
0.040526
0.011824
-0.018791
-0.019748
-0.026126
-0.053234
-0.089589
-0.097562
-0.082254
-0.086719
-0.094692
-0.097881
-0.10585
-0.10617
-0.099794
-0.089908
-0.076833
-0.059612
-0.060887
-0.047493
-0.031229
-0.03952
-0.029315
-0.019748
-0.04271
0.010548
0.022667
0.024262
0.0057648
-0.0047593
-0.013051
-0.02198
0.013738
-0.0063538
-0.0095429
-0.023894
-0.0044404
-0.023575
-0.044942
-0.065033
-0.051639
-0.050044
-0.044623
-0.032823
-0.029953
-0.018472
-0.027721
-0.01911
-0.011775
-0.0028458
-0.017835
-0.002208
-0.00029452
-0.0012513
0.0003433
0.0131
0.023305
0.01597
0.02777
0.025856
0.058385
0.042758
0.028407
0.046904
0.046585
0.044353
0.11419
0.10845
0.051369
0.063487
0.084536
0.075287
0.054239
0.031915
-0.017197
-0.00093234
0.030321
0.013738
-0.011775
-0.014327
-0.025488
-0.037607
-0.032823
-0.047812
-0.04271
-0.033142
-0.042072
-0.035694
-0.0015702
-0.02517
-0.029315
-0.03378
-0.009224
-0.0028458
0.004808
0.0076782
0.0095917
0.0035324
-0.012732
0.016608
0.0099106
2.4388e-05
-0.0028458
0.02171
0.0044891
0.0095917
-0.00061343
-0.0050782
-0.00029452
-0.019748
-0.013051
-0.022618
-0.02198
-0.020067
-0.0031647
0.0019378
-0.0044404
-0.018791
-0.031229
-0.041115
-0.03091
-0.028359
-0.015921
-0.014327
-0.037607
-0.034099
-0.024213
0.024262
0.029045
0.0060837
-0.00061343
-0.015283
0.0003433
0.0060837
2.4388e-05
0.0028946
-0.022299
0.011186
0.02777
0.03064
0.014694
0.014375
0.04818
0.069228
0.063487
0.054239
0.07433
0.072098
0.040845
0.11164
0.072417
0.059342
0.05105
0.032553
0.024262
0.013738
0.017883
-0.0031647
0.018202
0.0003433
0.0032135
-0.0044404
-0.0015702
-0.0073105
0.0067215
0.058066
0.084536
0.090914
0.062531
0.056471
0.056471
0.017883
-0.038245
-0.002208
-0.038245
-0.039202
-0.074601
-0.059931
-0.088952
-0.13998
-0.16007
-0.1556
-0.14923
-0.16453
-0.13519
-0.10841
-0.087676
-0.091184
-0.093097
-0.093735
-0.10235
-0.091822
-0.06599
-0.066628
-0.026126
-0.020067
-0.041753
-0.055466
-0.058336
-0.03665
-0.048769
-0.06599
-0.076833
-0.072368
-0.058336
-0.058336
-0.058974
-0.073006
-0.043347
-0.046218
-0.04845
-0.038883
-0.027721
-0.023256
-0.028678
-0.01624
0.0003433
-0.0041214
0.0089539
-0.0085862
0.0044891
0.0095917
-0.0082673
-0.0063538
0.019159
0.035742
0.017883
0.0067215
0.0076782
-0.002208
-0.015921
-0.002208
0.034786
0.050412
0.057109
0.034786
0.031596
0.020435
0.01023
-0.011456
0.015651
0.041164
0.047542
-0.0089051
-0.017197
0.051369
0.050412
0.025856
0.0038513
-0.0012513
-0.0044404
-0.04558
-0.020386
0.016289
0.020116
0.032553
-0.018791
0.0067215
-0.00029452
0.0054459
-0.018472
-0.009224
-0.019429
-0.048131
-0.015602
-0.042072
-0.064395
-0.06312
-0.068541
-0.073006
-0.10649
-0.12371
-0.1403
-0.14349
-0.15337
-0.14954
-0.13009
-0.13296
-0.14827
-0.13902
-0.12658
-0.12244
-0.098838
-0.096286
-0.098838
-0.09533
-0.087038
-0.083211
-0.067585
-0.040477
-0.028996
-0.0063538
-0.0079484
0.017246
0.050412
0.069228
0.072098
0.072417
0.096973
0.10782
0.075606
0.085811
0.099843
0.093465
0.070822
0.034148
0.01597
0.021072
0.019478
0.0028946
-0.045261
-0.043347
-0.027083
-0.055147
-0.039839
0.013419
0.061574
0.026494
0.020435
0.0095917
0.022667
0.043715
0.037337
0.032234
0.031278
0.029364
0.025537
0.030959
0.053601
0.020116
-0.055147
-0.043985
-0.038245
-0.07779
-0.080979
-0.058974
-0.024532
-0.048131
-0.046536
-0.026764
-0.058017
-0.054509
-0.06025
-0.028996
-0.025488
-0.0089051
-0.026126
-0.035375
-0.012413
-0.0105
-0.041115
-0.038564
-0.059931
-0.011456
0.031915
-0.0063538
-0.029315
-0.025488
-0.0085862
-0.018791
-0.012413
-0.033142
-0.033142
0.0054459
-0.033461
0.0038513
0.029364
0.011505
-0.0018891
-0.014008
-0.012413
0.050412
0.058066
0.029364
0.041802
0.074968
0.014694
0.061255
0.071779
0.06572
0.075925
0.081665
0.037975
-0.023894
-0.038883
-0.068541
-0.065671
-0.085125
-0.093735
-0.09246
-0.051639
-0.049407
-0.058017
-0.033142
-0.030591
-0.022618
0.0076782
0.015651
0.051688
0.068271
0.093146
0.046904
0.019478
0.015013
0.0028946
0.022029
-0.047493
-0.094373
-0.11383
-0.12244
-0.15879
-0.15114
-0.18462
-0.18622
-0.12084
-0.12244
-0.13169
-0.10904
-0.10394
-0.079703
-0.069817
-0.047812
-0.0053971
-0.0105
-0.050682
-0.055147
0.01023
0.00098112
-0.040796
-0.03665
-0.069179
-0.090546
-0.084168
-0.10075
-0.10681
-0.10745
-0.11319
-0.13551
-0.096924
-0.099794
-0.088952
-0.099157
-0.055785
-0.009224
0.0032135
-0.012413
-0.0060349
-0.0050782
0.023943
0.021072
0.034786
0.046266
0.040845
0.010867
0.015332
0.0079971
0.096016
0.060617
0.056153
0.059979
0.021072
-0.0031647
0.0028946
0.05392
0.079114
0.099524
0.06859
0.10622
0.12727
0.066039
0.028407
0.034148
0.038294
0.037018
-0.046536
-0.033461
-0.019429
-0.031548
-0.060569
-0.0864
-0.079384
-0.088952
-0.11765
-0.16262
-0.17346
-0.14699
-0.13041
-0.14636
-0.15401
-0.14827
-0.13169
-0.11478
-0.0864
-0.079065
-0.056104
-0.033142
-0.0073105
-0.010819
-0.013689
0.020435
0.028407
0.041483
0.02171
0.00066221
0.01884
0.0067215
-0.0063538
-0.042391
-0.056742
-0.055785
-0.057061
-0.088952
-0.092141
-0.093097
-0.093735
-0.081298
-0.086719
-0.055785
-0.05419
-0.048131
-0.03665
-0.020705
-0.005716
-0.012732
-0.043985
0.0022568
0.034786
0.028407
0.028407
-0.0015702
-0.014645
0.0057648
0.023305
-0.011137
-0.050044
-0.018791
-0.039202
-0.038883
-0.022299
-0.024213
-0.018153
-0.018791
0.008635
0.0089539
-0.0038025
-0.0041214
0.0076782
-0.005716
0.013738
0.062531
0.022667
0.008635
0.0067215
0.0038513
0.0092728
-0.016878
-0.037288
-0.027083
-0.0047593
0.0076782
-0.019429
-0.034737
-0.011456
-0.0082673
-0.017516
0.024899
0.03638
0.045629
0.035104
0.0025757
0.023943
0.030959
0.041164
0.031596
0.013419
0.013738
0.012143
-0.0041214
0.0073593
-0.017835
-0.0082673
-0.013689
-0.0079484
-0.0028458
-0.024851
-0.032504
-0.025807
-0.068541
-0.06025
-0.033142
-0.053234
-0.03665
-0.04558
-0.047174
-0.066309
-0.048131
0.0070404
0.0051269
0.038931
0.047861
0.062531
0.089
0.094422
0.079114
0.06859
0.11101
0.10909
0.086449
0.089319
0.056471
0.064763
0.028088
-0.017835
-0.026764
-0.05419
-0.070136
-0.0864
-0.094054
-0.11733
-0.098838
-0.073006
-0.085443
-0.082573
-0.085762
-0.070774
-0.046218
-0.036331
-0.035694
-0.01337
0.0092728
-0.037607
-0.043985
-0.0041214
-0.02517
-0.043028
-0.052915
-0.04271
-0.041434
-0.056104
-0.058974
-0.077152
-0.041753
-0.042072
-0.014327
-0.0038025
-0.0085862
-0.005716
0.00098112
0.0067215
0.029045
0.047861
0.059661
0.054877
0.050412
0.029045
0.015332
0.065082
0.038294
0.050731
0.024262
0.016608
0.0038513
-0.0069916
0.018202
-0.0018891
0.0089539
-0.021024
-0.028678
-0.031229
-0.036331
-0.025807
-0.03952
-0.033142
-0.048131
-0.081298
-0.047812
-0.031548
-0.058336
-0.046218
-0.053552
-0.037607
-0.018791
-0.0047593
-0.019748
0.0019378
-0.012094
-0.022937
-0.018791
-0.019748
-0.012094
-0.0073105
0.026494
0.011824
-0.012413
-0.017197
-0.018153
-0.0050782
-0.0018891
-0.0105
-0.01624
-0.027721
-0.028996
-0.028678
-0.022618
-0.0105
0.0057648
0.0051269
-0.024851
-0.024213
0.011186
0.0035324
0.012781
0.021072
0.01023
0.043715
0.049455
0.044991
0.03925
0.020116
0.031915
0.030959
0.028407
0.044034
0.054877
0.046904
0.061893
0.10271
0.06572
-0.012094
-0.015283
0.035742
0.067314
0.068909
0.063806
0.03351
-0.029315
-0.029634
-0.012094
0.004808
-0.0050782
-0.058655
-0.0047593
-0.0063538
-0.020067
-0.040477
-0.028678
-0.022937
-0.017197
-0.024213
-0.010181
-0.0038025
-0.02198
-0.010181
0.0051269
-0.015921
-0.041753
-0.059612
-0.060569
-0.041115
-0.053234
-0.053234
-0.062482
-0.080979
-0.069179
-0.061525
-0.079384
-0.10298
-0.081617
-0.080979
-0.089908
-0.084487
-0.080979
-0.08353
-0.087676
-0.077152
-0.070774
-0.05419
0.014694
0.05679
0.02777
0.030321
0.034148
0.072098
0.084854
0.093465
0.10431
0.1244
0.11196
0.094741
0.052645
0.017883
0.0060837
0.023305
0.045629
0.01884
-0.013689
-0.017835
-0.010819
-0.01911
-0.047493
-0.064714
-0.04271
-0.023256
-0.016559
-0.041115
0.0067215
0.016608
-0.01911
-0.0015702
-0.0028458
-0.0031647
-0.037288
-0.02517
0.019478
0.020435
-0.0041214
-0.013689
0.016289
0.0032135
-0.014964
-0.013051
-0.05132
-0.036331
-0.0015702
0.017564
-0.022937
-0.021343
-0.0089051
-0.024851
-0.059612
-0.044942
-0.024213
-0.017516
-0.013051
-0.051001
-0.052915
-0.080022
-0.073963
-0.038883
-0.059931
-0.089908
-0.077471
-0.06886
-0.060569
-0.048769
-0.035694
-0.032186
-0.034099
-0.022937
-0.024851
-0.021343
-0.020386
0.0028946
0.048818
0.078476
0.05105
0.015651
-0.012094
0.016608
0.055834
0.061255
0.044672
0.081984
0.069547
0.04531
0.023624
-0.002208
0.0038513
0.028407
0.023943
0.022029
-0.0031647
-0.020067
-0.040158
-0.014327
-0.025488
-0.029953
-0.033461
-0.054828
-0.042391
-0.044304
-0.020705
0.05679
-0.0053971
-0.034099
-0.017197
-0.0105
-0.031229
-0.0012513
-0.0018891
-0.016878
0.0060837
0.016289
-0.011775
-0.033461
-0.050044
-0.017516
0.011505
0.0028946
-0.018153
-0.032823
-0.037607
-0.055147
-0.043028
-0.01337
-0.01337
-0.024851
-0.021343
-0.022299
-0.021343
-0.016878
-0.015921
-0.021024
-0.01337
-0.012732
0.017564
0.0028946
-0.0038025
-0.0073105
-0.0095429
-0.020705
-0.030591
-0.010181
-0.021343
-0.016878
-0.024851
-0.026764
-0.029315
-0.031229
-0.045261
-0.03378
-0.028359
0.0060837
0.016289
0.0022568
-0.013051
-0.013689
0.012462
0.031278
0.038612
0.034148
0.038294
0.037018
0.04531
0.042121
0.044034
0.042758
0.05392
0.051688
0.048818
0.060936
0.037656
0.011824
0.021391
0.035104
0.08039
0.043715
0.0035324
0.0131
0.043077
0.052007
0.053282
0.041483
0.030321
0.031596
0.046904
0.031596
0.044672
0.043396
0.02458
0.018521
0.020435
0.015651
0.0051269
0.018202
0.017564
-0.0060349
-0.0028458
-0.0018891
-0.0076295
-0.030591
-0.036012
-0.015602
-0.020386
-0.026445
-0.019429
-0.030272
-0.038883
-0.040477
-0.049088
-0.053234
-0.048769
-0.049407
-0.038883
-0.053871
-0.037926
-0.031229
-0.04271
-0.036969
-0.04845
-0.044942
-0.046218
-0.038245
-0.027402
-0.022937
-0.025488
-0.026126
-0.023256
-0.011456
-0.0028458
-0.0028458
-0.0082673
-0.0018891
0.0019378
-0.00029452
0.030959
0.013738
0.0022568
0.026494
0.03925
0.035104
0.03351
0.032234
0.029683
0.049137
0.054877
0.052963
0.066358
0.082303
0.097611
0.083898
0.071779
0.058385
0.072098
0.091552
0.069547
0.055834
0.067314
0.072736
0.062212
0.044034
0.046904
0.02171
0.02777
0.022348
0.008635
0.0131
0.037975
0.015651
-0.0098618
0.010548
-0.012094
-0.030591
-0.021343
-0.027402
-0.043347
-0.037288
-0.028996
-0.052277
-0.057698
-0.046218
-0.050044
-0.055466
-0.043985
-0.049407
-0.03091
-0.03091
-0.037607
-0.038245
-0.031229
-0.022299
-0.015283
-0.014008
-0.01911
-0.00093234
0.0070404
0.0028946
0.0003433
0.0051269
0.010548
0.019159
0.036061
0.033191
0.025537
0.025856
0.056471
0.052645
0.044991
0.041802
0.036699
0.018521
0.039569
0.050412
0.049774
0.072736
0.072098
0.055834
0.054877
0.053601
0.044034
0.064763
0.062212
0.061255
0.093465
0.085173
0.077838
0.042439
0.03064
0.020754
0.0079971
0.021391
0.037337
0.021391
-0.034099
-0.044942
-0.020705
-0.039202
-0.036012
-0.04845
-0.04845
-0.059293
-0.066628
-0.050363
-0.057061
-0.046536
-0.043347
-0.058974
-0.037288
-0.027402
-0.014964
-0.0089051
-0.0069916
-0.009224
-0.0044404
-0.024851
-0.025807
-0.023894
-0.0082673
0.008316
-0.0053971
-0.019748
-0.009224
0.0013
-0.0050782
-0.015602
-0.01624
-0.014645
-0.0073105
0.0025757
-0.0034836
-0.0105
-0.0095429
-0.00029452
0.0051269
0.0019378
0.0057648
-0.00029452
0.0025757
0.0032135
0.013419
0.015651
0.022029
0.029364
0.02458
0.041164
0.051688
0.046904
0.04531
0.046585
0.052645
0.044353
0.066677
0.050731
0.043715
0.076563
0.084536
0.11611
0.12472
0.082303
0.067952
0.081346
0.097611
0.10112
0.11451
0.1228
0.078795
0.073055
0.089638
0.035104
-0.0047593
-0.0041214
0.014694
0.0092728
-0.019748
-0.021024
-0.060569
-0.057698
-0.073006
-0.063439
-0.070455
-0.071411
-0.06312
-0.071093
-0.076833
-0.073006
-0.074282
-0.064714
-0.050682
-0.053871
-0.041434
-0.034737
-0.027721
-0.015921
-0.031229
-0.033461
0.0041702
0.0060837
0.0057648
-0.0038025
-0.012413
-0.0066727
-0.0073105
-0.0012513
-0.014327
-0.005716
0.0099106
0.00066221
-0.014645
-0.016559
-0.0012513
-0.0015702
0.0032135
0.0092728
0.0025757
-0.00029452
0.011505
0.0025757
0.0013
0.023943
0.01597
-0.01337
0.0054459
0.0092728
0.012462
0.010548
0.012143
0.0013
0.015332
0.030959
0.017564
0.010867
0.008635
0.015332
0.025856
0.021391
0.021072
0.0025757
0.022029
0.033829
0.032553
0.040526
0.042758
0.031278
0.026813
0.037337
0.063169
0.070185
0.069228
0.055196
0.058704
0.056471
0.040207
0.032234
0.02171
0.037656
0.052645
0.040845
0.02171
0.0131
0.0013
-0.0073105
0.0025757
-0.013689
-0.028996
-0.028359
-0.012094
-0.022937
-0.038564
-0.041115
-0.048131
-0.061844
-0.054509
-0.039202
-0.040158
-0.038564
-0.046855
-0.047812
-0.038245
-0.017197
-0.031867
-0.033461
-0.020386
2.4388e-05
-0.0015702
-0.0025269
-0.00061343
0.0019378
0.010867
0.011505
0.023305
0.023943
0.022029
0.03064
0.022667
0.028088
0.062531
0.037018
0.010867
0.018202
0.025856
0.026175
0.019159
0.021072
0.017246
0.025856
0.037656
0.028088
0.00098112
-0.01337
-0.0044404
0.016927
0.042121
0.0076782
-0.011456
-0.015602
-0.026126
-0.033461
-0.024851
-0.026126
-0.033142
-0.031548
-0.023894
-0.014327
-0.017516
-0.011775
-0.0050782
0.0099106
0.030321
0.028726
0.020116
0.0064026
0.0095917
0.018202
0.04818
0.031278
0.033829
0.022986
0.038294
0.026494
0.022667
0.0019378
0.014694
0.019159
0.0013
0.016289
0.030002
0.016608
0.0019378
-0.013689
-0.018153
-0.028678
-0.032823
-0.041115
-0.056742
-0.040796
-0.051001
-0.050363
-0.055147
-0.05132
-0.043666
-0.038245
-0.038883
-0.042072
-0.034737
-0.025807
-0.022299
-0.015602
-0.0082673
-0.0076295
-0.0076295
-0.0089051
0.0060837
0.013738
0.0051269
0.015013
0.028407
0.026494
0.024262
0.034467
0.027451
0.025856
0.019797
0.016927
0.029045
0.019797
0.012143
-0.0031647
-0.00093234
0.0019378
0.0057648
0.0070404
-0.0095429
0.0013
0.0054459
0.0032135
0.010867
0.0044891
-0.0044404
0.0028946
0.008316
0.015651
0.0070404
-0.0060349
-0.010819
-0.0089051
-0.014008
-0.0066727
-0.01624
-0.017835
-0.026445
-0.034418
-0.014008
-0.018153
-0.022618
-0.025488
-0.02198
-0.0095429
-0.0018891
-0.0041214
-0.011775
-0.016559
-0.0076295
0.0032135
0.015651
0.0079971
-0.0038025
0.011186
0.014375
0.03064
0.0076782
0.0054459
-0.0082673
-0.00061343
-0.0047593
-0.011456
-0.010181
-0.018791
0.00098112
0.0044891
0.0070404
0.0013
-0.005716
-0.0018891
-0.0031647
0.015013
0.011505
0.0067215
0.0035324
0.0032135
0.0032135
0.0028946
-0.0025269
-0.0105
-0.025488
-0.012094
-0.012094
-0.016878
-0.018153
-0.01911
-0.02198
-0.02198
-0.0079484
-0.010819
-0.0089051
0.0016189
0.011824
0.022667
0.013738
0.0076782
0.016289
0.017246
0.026175
0.032234
0.028088
0.019478
0.022986
0.023943
0.0073593
0.022348
-0.0079484
-0.019429
-0.01911
-0.020067
-0.031867
-0.034418
-0.03378
-0.046536
-0.043028
-0.034737
-0.024213
-0.036012
-0.037288
-0.037288
-0.028996
-0.019748
-0.013051
-0.015283
-0.013051
-0.009224
-0.019429
-0.017516
-0.021343
-0.032823
-0.044942
-0.024213
-0.017516
-0.030591
-0.031229
-0.028996
-0.027721
-0.02198
-0.0044404
-0.0053971
0.0041702
0.0038513
-0.015602
0.0032135
0.011186
0.015013
0.0092728
-0.00029452
0.0067215
0.020116
0.0064026
0.016289
0.0131
0.0035324
2.4388e-05
0.015332
0.0003433
-0.0031647
0.0054459
0.0041702
0.0022568
0.0051269
0.0028946
-0.0076295
0.0057648
0.0044891
0.0032135
0.0044891
0.0051269
0.0076782
0.0035324
0.012462
0.040207
0.027451
0.014694
0.014694
0.021391
0.02777
0.026494
0.027132
0.010548
0.025218
0.028088
0.032234
0.02458
0.022986
0.00066221
-0.00061343
0.011824
0.0022568
-0.0044404
-0.019748
-0.0089051
-0.0063538
-0.019429
-0.015283
-0.020386
-0.022299
-0.017197
-0.0041214
-0.0066727
-0.0034836
0.0095917
0.019478
0.037337
0.055834
0.034467
0.020116
0.020435
0.03064
0.042439
0.048499
0.055196
0.030002
0.029045
0.032234
0.026813
0.033191
0.011505
-0.0053971
0.0095917
0.017564
2.4388e-05
-0.017835
-0.021024
-0.024213
-0.020386
-0.026445
-0.035694
-0.041434
-0.051958
-0.04271
-0.057698
-0.062163
-0.050044
-0.049407
-0.050363
-0.043985
-0.033142
-0.04558
-0.045261
-0.050044
-0.046855
-0.046218
-0.045261
-0.037607
-0.039202
-0.036331
-0.030272
-0.021024
-0.026764
-0.02517
-0.017197
-0.019748
-0.014964
0.0070404
-0.0069916
-0.015921
-0.0076295
-0.005716
-0.009224
-0.0041214
-0.0050782
-0.015283
-0.0031647
-0.0028458
0.0041702
0.0044891
0.0041702
0.0032135
0.00098112
0.008635
0.01597
0.015651
0.0041702
0.019478
0.024899
0.017883
0.010548
0.0057648
-0.0063538
0.0073593
0.018202
0.021072
0.017883
0.012781
0.0064026
0.015013
0.030959
0.016608
0.011505
0.015332
0.015651
0.021391
0.031278
0.038931
0.026175
0.025537
0.015332
0.017246
0.012781
0.015013
0.027451
0.020754
0.01884
0.017246
-0.012094
-0.024851
-0.00029452
-0.028678
-0.031867
-0.035375
-0.045899
-0.044942
-0.023575
-0.010819
-0.028996
-0.034737
-0.034099
-0.024851
-0.020067
-0.0069916
-0.002208
-0.0038025
2.4388e-05
-0.0079484
-0.020067
-0.013689
-0.020705
-0.028678
-0.037926
-0.02198
-0.014645
-0.01911
-0.031548
-0.035375
-0.038883
-0.030272
-0.0073105
-0.01911
-0.033142
-0.02198
-0.01337
-0.018153
-0.018472
-0.020067
-0.03091
-0.014008
-0.011456
-0.0060349
-0.005716
-0.012094
-0.0047593
-0.00029452
0.0032135
0.012462
0.0038513
-0.0018891
0.01023
0.0067215
0.0060837
0.0025757
-0.0015702
-0.0012513
0.0051269
0.0028946
-0.0034836
-0.017197
-0.011456
-0.0105
-0.0098618
-0.0015702
-0.012413
-0.017516
-0.025488
-0.020705
-0.023894
-0.026764
-0.026445
-0.036012
-0.042072
-0.032186
-0.023256
-0.023256
-0.015602
-0.002208
0.0013
-0.0034836
0.015651
0.011824
0.0092728
0.017883
0.024899
0.030002
0.029683
0.030959
0.00098112
0.016608
0.027451
0.023305
0.0025757
-0.00029452
-0.011775
-0.012094
-0.0050782
0.016289
0.0099106
-0.015283
-0.032186
-0.015283
-0.023256
-0.036331
-0.036331
-0.047493
-0.023894
-0.029634
-0.030591
-0.039202
-0.053234
-0.04845
-0.046855
-0.017516
-0.018153
-0.020386
-0.025807
-0.020386
-0.02198
-0.0041214
-0.0028458
-0.012094
-0.015921
0.0041702
0.015651
0.011505
-0.005716
-0.005716
0.0032135
0.0032135
0.0073593
0.0051269
0.020754
0.0131
0.0067215
0.0067215
0.014056
0.019478
0.011824
0.010867
0.012143
0.016608
0.008316
0.012781
0.0044891
-0.014327
2.4388e-05
0.008316
-0.015921
-0.028996
-0.026445
-0.018791
-0.014645
-0.021024
-0.024213
-0.043347
-0.011137
0.0032135
-0.005716
2.4388e-05
-0.00061343
2.4388e-05
-0.010819
-0.0028458
-0.002208
0.0044891
-0.0066727
-0.014327
-0.033142
-0.043985
-0.03665
-0.048131
-0.053234
-0.055466
-0.051958
-0.057698
-0.064077
-0.062482
-0.050044
-0.046536
-0.03665
-0.048131
-0.039202
-0.035375
-0.028996
-0.026126
-0.027083
-0.027721
-0.024213
0.0022568
-0.005716
-0.012094
-0.014645
-0.0085862
0.0003433
0.0073593
0.013738
0.03064
0.027451
0.008316
0.013738
0.03351
0.047223
0.057747
0.044672
0.022986
0.055196
0.050412
0.042758
0.031596
0.023305
0.027451
0.037975
0.037975
-0.0050782
-0.022618
-0.025488
-0.028678
-0.034099
-0.036331
-0.049088
-0.068541
-0.061206
-0.056742
-0.046855
-0.04271
-0.03665
-0.029634
-0.028359
-0.029953
-0.0089051
-0.011137
-0.0015702
0.0092728
0.0089539
0.004808
0.0032135
0.0060837
-0.0047593
0.008316
0.012143
0.019478
0.010548
0.0070404
0.0073593
0.0070404
0.014694
0.022348
0.019478
0.0019378
0.0044891
0.013738
0.013419
-0.0069916
-0.0066727
-0.024532
-0.015921
-0.014645
-0.0066727
-0.015921
-0.030272
-0.034418
-0.027721
-0.021343
-0.042072
-0.039839
-0.035375
-0.026445
-0.03378
-0.031229
-0.03378
-0.04558
-0.036012
-0.027083
-0.021024
-0.021343
-0.017835
-0.010181
-0.01624
-0.012413
0.018521
-0.00093234
-0.0085862
0.0028946
0.008635
0.0038513
0.0025757
-0.0012513
-0.020067
-0.0060349
-0.0063538
0.0032135
-0.012094
-0.024532
-0.019748
-0.018472
-0.00093234
-0.0050782
-0.017197
-0.022299
-0.023894
-0.018472
-0.019429
-0.020386
-0.01911
-0.037288
-0.02198
-0.022937
-0.017197
-0.03091
-0.031548
-0.027721
-0.0095429
0.0041702
-0.030591
-0.035056
-0.019748
-0.023894
-0.03091
-0.010819
-0.015283
-0.026126
-0.02517
-0.018791
-0.01624
-0.018153
-0.021343
-0.023256
-0.024213
-0.016559
-0.0015702
-0.010181
-0.009224
-0.0066727
-0.0076295
-0.0038025
-0.0018891
0.0038513
-0.013051
0.00066221
0.018202
0.014056
0.010548
0.012143
0.021391
0.021072
0.022029
0.031596
0.022986
0.013419
0.0022568
0.004808
0.012143
-0.0031647
-0.010181
-0.031867
-0.021024
-0.0085862
-0.0095429
-0.01624
-0.02517
-0.023256
-0.029315
-0.035056
-0.042391
-0.026126
-0.033461
-0.025488
-0.023894
-0.034418
-0.033461
-0.040477
-0.023894
-0.014008
-0.018153
-0.031867
-0.017197
-0.0073105
-0.0069916
2.4388e-05
0.010548
-0.0050782
-0.0082673
0.0035324
-0.005716
-0.0076295
-0.0038025
-0.0047593
-0.021343
0.0019378
0.0013
-0.0060349
-0.010819
-0.017516
-0.0060349
-0.0063538
-0.002208
0.0070404
0.0092728
-0.0053971
-0.0041214
-0.0012513
-0.012413
-0.0089051
-0.0089051
-0.024851
-0.017835
-0.011137
-0.005716
-0.0085862
-0.020705
-0.017835
-0.01337
-0.00029452
-0.009224
-0.011137
-0.026445
0.0003433
0.010867
0.011824
0.0070404
-0.0044404
0.0038513
0.0073593
0.016927
0.0092728
-0.00029452
0.008635
0.01597
0.021072
0.019797
-0.014645
-0.010181
-0.01624
-0.024213
-0.022618
-0.018153
-0.015283
-0.03665
-0.031548
-0.032823
-0.034099
-0.035056
-0.037607
-0.035694
-0.028678
-0.018153
-0.012413
-0.014327
-0.023256
-0.025488
-0.029634
-0.023894
-0.024532
-0.027402
-0.041434
-0.031548
-0.018791
-0.024532
-0.019748
-0.0047593
-0.017835
-0.020386
-0.0012513
-0.012732
-0.014964
-0.0095429
-0.0038025
0.0054459
0.00098112
0.0032135
-0.0025269
-0.0044404
0.0003433
0.01597
0.017564
0.014694
0.0038513
-0.00061343
0.0057648
0.024262
0.013738
0.0054459
-0.0098618
-0.014008
-0.0028458
-0.00061343
-0.0089051
-0.028359
-0.0098618
-0.017197
-0.019748
-0.016878
-0.014645
-0.002208
-0.0047593
0.010548
0.0131
0.0092728
0.0070404
0.012781
0.015651
0.022667
0.020435
0.010867
-0.0063538
0.0013
0.0092728
-0.0015702
-0.013689
-0.015602
-0.01624
-0.018472
-0.011456
-0.034099
-0.037607
-0.03665
-0.039202
-0.040796
-0.041434
-0.037288
-0.038245
-0.032823
-0.037288
-0.025488
-0.030591
-0.027083
-0.015921
2.4388e-05
0.0051269
0.020116
0.0032135
-0.0076295
-0.0095429
-0.0044404
-0.002208
-0.0069916
0.0016189
-0.0073105
0.004808
-0.0031647
-0.0034836
-0.0018891
2.4388e-05
-0.0031647
-0.014327
-0.005716
-0.0018891
0.0016189
-0.0031647
-0.0034836
0.0035324
0.0035324
-0.0031647
-0.014327
-0.028359
-0.016559
-0.0082673
-0.0079484
-0.0028458
0.0044891
0.0028946
0.0076782
0.0051269
-0.0069916
-0.0082673
-0.0060349
0.0016189
0.012462
0.0089539
0.010548
0.0057648
-0.0044404
-0.0034836
0.0092728
0.0016189
-0.0012513
0.0013
0.0032135
0.0003433
0.022667
0.015013
0.004808
-0.00029452
0.0035324
2.4388e-05
-0.015283
0.0041702
-0.0098618
0.004808
0.011505
0.0041702
0.0003433
-0.021024
-0.022937
-0.010819
0.0064026
0.0016189
0.0022568
-0.012094
-0.002208
-0.0066727
-0.028996
-0.014327
-0.02198
-0.021661
-0.0041214
0.0051269
-0.00093234
-0.0041214
-0.0028458
-0.014645
-0.01337
0.0095917
-0.0105
-0.0066727
-0.011137
-0.013689
-0.017835
-0.026126
-0.026445
-0.037607
-0.024851
-0.024851
-0.021661
-0.02198
-0.02517
-0.020705
-0.010819
-0.0076295
2.4388e-05
-0.0038025
-0.0073105
-0.00029452
0.0057648
0.0099106
0.026494
0.021391
0.0019378
0.022986
0.030002
0.029045
0.027451
0.023305
0.033829
0.032872
0.045629
0.05392
0.049774
0.037337
0.026494
0.025537
0.018521
0.017246
0.025537
0.019797
0.012781
0.0051269
0.00098112
-0.00093234
-0.020705
-0.022618
-0.00061343
-0.00029452
-0.017197
-0.030591
-0.02804
0.0092728
-0.009224
-0.017197
0.012143
-0.0105
-0.0063538
-0.017197
0.0019378
0.0019378
-0.014964
-0.0018891
0.0060837
0.0099106
0.0022568
-0.0066727
-0.012094
-0.026126
-0.032186
-0.029953
-0.026764
-0.031229
-0.045899
-0.038883
-0.040477
-0.031867
-0.020705
-0.020067
-0.0066727
-0.022299
-0.023575
-0.016878
-0.01337
-0.018472
0.010548
0.0095917
0.010548
0.015651
0.0057648
0.014375
0.023943
0.022348
0.034148
0.019478
0.035104
0.027451
0.033191
0.048818
0.02777
-0.002208
-0.0028458
0.0131
-0.0031647
-0.015921
-0.015283
-0.027083
-0.027083
-0.046855
-0.042391
-0.041753
-0.057698
-0.069498
-0.062163
-0.044942
-0.040477
-0.048769
-0.044304
-0.049407
-0.04271
-0.039202
-0.034737
-0.034099
-0.034418
-0.0095429
0.01023
0.0095917
-0.011137
-0.0085862
0.0064026
0.0095917
0.0099106
-0.0028458
-0.0028458
-0.025807
-0.012413
-0.016559
-0.038564
-0.024213
-0.03665
-0.058336
-0.053552
-0.030591
-0.043028
-0.020386
-0.023894
-0.019429
-0.005716
0.0060837
-0.0025269
0.0028946
0.015332
0.011824
0.017564
0.012781
0.010867
0.00066221
0.0131
-0.013051
-0.0041214
-0.015921
-0.021024
-0.012732
-0.023575
-0.0018891
0.016289
0.014056
-0.0028458
-0.0105
0.0038513
0.008635
0.010548
0.0016189
-0.011456
0.020754
0.026494
0.063806
0.017564
-0.048131
-0.03952
-0.002208
-0.021024
-0.038564
-0.02804
-0.031548
-0.038245
-0.055147
-0.034737
-0.056104
-0.04558
-0.033461
-0.079703
-0.059612
-0.03665
-0.041434
-0.02804
-0.043347
-0.042391
-0.027083
-0.027402
-0.03952
-0.074601
-0.048131
-0.058974
-0.053871
-0.029315
-0.015602
-0.00061343
-0.019748
-0.012732
-0.021024
-0.0085862
0.010548
-0.0041214
0.011824
0.01023
-0.012732
-0.019748
-0.011775
-0.028996
-0.027721
-0.026445
-0.031867
-0.034418
-0.034737
-0.043347
-0.066628
-0.040796
-0.0044404
-0.026126
-0.031229
-0.01624
-0.005716
-0.0060349
-0.056423
-0.043985
-0.04558
-0.048131
-0.064077
-0.033142
-0.018791
-0.022618
-0.061844
-0.078109
-0.055785
-0.018472
-0.012094
-0.0025269
0.020435
0.013419
0.011824
0.027132
0.0070404
0.022986
0.025856
0.022667
-0.00093234
0.00098112
-0.011775
0.0044891
-0.020386
-0.03091
-0.01337
-0.017197
0.008316
0.014694
0.0003433
0.015013
0.022348
0.017564
0.008635
0.029045
0.040526
0.037018
0.046904
0.070503
0.055196
0.040845
0.032872
0.0051269
0.022029
0.02458
-0.0050782
-0.034737
-0.029315
-0.031867
-0.014645
-0.024213
-0.045899
-0.055785
-0.055466
-0.049407
-0.040158
-0.050682
-0.044942
-0.028996
0.013419
0.01597
-0.034418
-0.045261
-0.058017
-0.070774
-0.043028
-0.018791
-0.031867
-0.056742
-0.072049
-0.034099
-0.025488
-0.047812
-0.087357
-0.11
-0.073006
-0.056104
-0.046218
-0.027721
-0.034418
-0.046218
-0.034099
-0.053234
-0.034737
-0.038883
-0.074282
-0.094692
-0.060887
-0.022299
-0.028996
-0.053552
-0.061844
-0.051958
-0.054828
-0.053234
-0.061525
-0.056742
-0.076833
-0.069817
-0.042391
-0.040477
-0.060887
-0.050682
-0.033142
-0.037926
-0.011137
-0.010181
-0.002208
0.00066221
-0.010819
-0.0076295
0.027451
0.02458
0.014694
0.016608
0.028407
0.022348
0.031596
0.018521
-0.0031647
0.010548
0.010867
0.0079971
0.0076782
0.011505
0.026494
0.0095917
0.043396
0.0013
-0.022299
-0.013689
0.01023
0.025856
-0.0076295
0.014694
0.0060837
0.0095917
0.0060837
0.044991
0.061574
0.060298
-0.0089051
-0.02198
0.0076782
-0.0060349
-0.021661
-0.053234
-0.077471
-0.090227
-0.072687
-0.040477
-0.083211
-0.0982
-0.14317
-0.13966
-0.11638
-0.087357
-0.094054
-0.077152
-0.047493
-0.025807
0.012781
0.019478
-0.0041214
0.025856
-0.00093234
0.023943
0.050093
0.026494
0.02777
0.041802
0.014375
0.020754
0.03638
0.022667
-0.015921
-0.042391
-0.032823
-0.034418
-0.026126
-0.06025
-0.081617
-0.067266
-0.063758
-0.10968
-0.11893
-0.095649
-0.09246
-0.094692
-0.08353
-0.09533
-0.095968
-0.095011
-0.079703
-0.04845
-0.06599
-0.10745
-0.08927
-0.064077
-0.058655
-0.055785
-0.076195
-0.072049
-0.056423
-0.056742
-0.048769
-0.028678
-0.038883
-0.053234
-0.037607
-0.0105
-0.0034836
-0.012732
-0.013689
0.0060837
0.0038513
0.011505
-0.0105
-0.01911
-0.03665
-0.032823
-0.017197
-0.00093234
-0.023575
-0.040158
-0.026764
-0.029315
0.0076782
-0.029634
-0.0034836
0.0003433
-0.0047593
-0.013689
-0.0038025
0.025856
0.0060837
0.0051269
0.0016189
0.018521
0.042758
0.013419
-0.00061343
-0.025488
-0.044623
-0.014964
-0.0069916
-0.021343
-0.014645
-0.0018891
-0.022299
-0.040158
-0.047174
-0.056104
-0.046536
-0.023575
-0.028359
-0.011456
-0.017835
-0.051639
-0.051639
-0.064077
-0.1151
-0.10936
-0.10458
-0.11446
-0.078427
-0.11
-0.11957
-0.060887
-0.084806
-0.12244
-0.093097
-0.13296
-0.12977
-0.093416
-0.060569
-0.040477
-0.038245
-0.027083
-0.037288
-0.056742
-0.041115
-0.046218
-0.065033
-0.068541
-0.075238
-0.08353
-0.048131
-0.02198
-0.022618
-0.01624
-0.040158
-0.061206
-0.056104
-0.047493
-0.028678
-0.012413
-0.0015702
-0.015921
-0.044304
-0.05419
-0.049407
-0.067266
-0.057379
-0.059612
-0.069179
-0.063758
-0.072049
-0.063758
-0.078746
-0.090227
-0.073644
-0.067585
-0.056423
-0.049726
-0.053234
-0.064714
-0.058017
-0.027402
-0.032823
-0.041434
-0.035056
-0.026445
-0.02198
0.0067215
0.029683
0.0067215
0.017564
0.0079971
0.056153
0.042758
0.073693
0.069547
0.051688
0.028088
0.03925
0.046266
0.042758
-0.0041214
0.0064026
0.01884
-0.017835
-0.063758
-0.057379
-0.051639
-0.039202
-0.078427
-0.10585
-0.089908
-0.10617
-0.1049
-0.098838
-0.080979
-0.089908
-0.093416
-0.1033
-0.085762
-0.088633
-0.080979
-0.054828
-0.040477
-0.019429
-0.050682
-0.11287
-0.069498
-0.059612
-0.00029452
0.0092728
-0.023575
-0.055466
-0.034737
-0.036012
-0.023575
-0.04271
-0.052277
-0.051958
-0.05132
-0.038883
-0.098519
-0.097881
-0.079065
-0.089908
-0.094373
-0.099476
-0.10394
-0.1218
-0.11574
-0.10936
-0.10043
-0.10298
-0.1151
-0.11064
-0.099157
-0.084806
-0.055785
-0.059612
-0.068222
-0.057379
-0.040796
-0.016878
-0.065671
-0.069498
-0.052915
0.016608
0.0013
-0.0028458
-0.005716
-0.021024
-0.020705
-0.011775
-0.0044404
-0.00029452
-0.011137
-0.08353
-0.072049
-0.097881
-0.078746
-0.04845
-0.052915
-0.093416
-0.10649
-0.076514
-0.074601
-0.055147
-0.057698
-0.066628
-0.047812
-0.027083
-0.052915
-0.062163
-0.063758
-0.043347
-0.047174
-0.054828
-0.05419
-0.052277
-0.069498
-0.1202
-0.12116
-0.091822
-0.097881
-0.083849
-0.06025
-0.069498
-0.056742
-0.085125
-0.10841
-0.092141
-0.037607
-0.038564
-0.023894
-0.047812
-0.058017
-0.036969
-0.087357
-0.091184
-0.06599
-0.0031647
-0.019429
-0.073006
-0.11765
-0.069817
-0.044942
-0.052596
-0.083849
-0.08066
-0.069179
-0.069817
-0.085443
-0.094373
-0.070455
-0.033142
-0.056104
-0.062163
-0.075557
-0.057379
-0.056742
-0.060569
-0.066309
-0.041434
-0.041115
-0.045899
-0.043985
-0.054828
-0.073644
-0.076833
-0.058017
-0.048131
-0.053234
-0.065033
-0.07779
-0.082254
-0.078109
-0.078746
-0.062482
-0.081298
-0.11
-0.09246
-0.11446
-0.11287
-0.11128
-0.11096
-0.11925
-0.1167
-0.099476
-0.10139
-0.11
-0.10872
-0.10362
-0.070136
-0.089589
-0.080022
-0.067266
-0.068541
-0.060569
-0.063439
-0.052596
-0.063439
-0.08066
-0.065033
-0.057379
-0.053234
-0.034737
-0.06886
-0.068222
-0.074919
-0.038245
0.010867
-0.012094
-0.0079484
-0.012732
-0.012732
-0.010819
-0.011775
0.004808
0.022348
-0.0079484
-0.0105
0.0032135
0.031278
-0.005716
-0.047174
-0.042391
-0.040796
-0.042391
-0.06025
-0.069179
-0.085762
-0.086081
-0.078746
-0.072687
-0.053871
-0.074919
-0.048131
-0.031548
-0.03952
-0.068541
-0.068222
-0.075557
-0.075876
-0.042072
-0.064714
-0.071411
-0.082892
-0.10904
-0.078109
-0.10458
-0.10553
-0.11383
-0.12818
-0.11415
-0.10203
-0.085443
-0.0864
-0.057379
-0.028359
-0.047493
-0.035694
-0.06599
-0.056104
-0.049088
-0.043985
-0.047493
-0.055147
-0.046218
-0.044623
-0.074919
-0.08927
-0.096605
-0.11032
-0.090227
-0.084168
-0.099157
-0.079384
-0.027083
-0.072368
-0.10777
-0.095968
-0.079703
-0.031229
-0.026445
-0.052915
-0.061206
-0.012413
0.047223
0.021391
0.0070404
0.0054459
0.0076782
0.049137
0.091552
0.043715
0.03925
0.05105
0.079433
0.079114
0.080709
0.093784
0.022348
-0.0076295
-0.0089051
0.010867
0.019478
-0.022937
-0.066309
-0.023575
-0.056742
-0.030591
-0.051001
-0.10203
-0.11415
-0.10809
-0.11
-0.12339
-0.16836
-0.17474
-0.13456
-0.091822
-0.067903
-0.11446
-0.16039
-0.18175
-0.17027
-0.13009
-0.10809
-0.11159
-0.094054
-0.071411
-0.072049
-0.04271
-0.037607
-0.047493
-0.044942
0.015013
0.022986
0.025218
0.023943
0.043077
0.054877
0.032872
0.049455
0.043077
0.017564
0.027132
-0.002208
-0.0069916
0.015332
0.0035324
-0.036969
0.0057648
0.031278
-0.0050782
-0.01624
0.011505
0.022029
0.043715
0.036061
0.067314
0.074649
0.035742
0.049137
0.047542
0.031596
0.017564
0.019478
-0.0015702
0.008635
-0.023894
-0.021661
-0.029315
-0.067903
-0.085762
-0.067903
-0.04271
-0.047174
-0.068222
-0.067903
-0.022937
0.028726
0.052007
0.02171
0.026813
0.0035324
0.044353
0.052645
0.046904
0.019159
0.0073593
-0.024213
-0.0012513
0.026494
-0.0025269
-0.061844
-0.040796
0.023305
0.0057648
-0.0073105
-0.0098618
-0.02198
-0.02804
-0.011775
-0.002208
0.05679
0.06572
-0.010819
-0.00061343
0.012462
-0.0098618
-0.047812
-0.10011
-0.087357
-0.088952
-0.087357
-0.097243
-0.12626
-0.069817
-0.059293
-0.037607
-0.011456
-0.025488
-0.05132
-0.042391
-0.017197
0.0025757
0.052326
0.055834
0.032553
0.06572
0.070503
0.048499
0.040845
0.032872
-0.0015702
0.013419
0.008635
0.027132
0.028407
-0.031229
0.0095917
0.0032135
-0.014008
-0.010181
-0.019748
-0.018153
0.0028946
0.0013
0.049455
0.080071
0.11993
0.12823
0.096335
0.093146
0.064444
0.052645
0.089319
0.05679
0.040207
0.070503
0.00066221
-0.024851
-0.029953
-0.07779
-0.11446
-0.14986
-0.16995
-0.12531
-0.093097
-0.10936
-0.10904
-0.085762
-0.083849
-0.075876
-0.062482
-0.010181
0.032553
0.0019378
-0.0050782
0.00098112
-0.005716
-0.0041214
0.0089539
0.011824
-0.0050782
0.028407
0.067314
0.053601
0.043715
0.022348
0.043715
0.029683
0.049774
-0.012094
-0.010181
-0.035694
0.028726
0.015651
0.00066221
-0.012094
-0.053234
-0.083211
-0.09246
-0.075876
-0.069498
-0.072368
-0.054828
-0.076514
-0.047174
-0.0085862
-0.058655
-0.036012
-0.00061343
-0.021661
-0.018153
-0.019429
-0.032823
-0.027083
2.4388e-05
-0.020067
-0.03378
-0.044304
-0.026445
-0.036331
-0.036969
-0.050682
-0.046218
-0.051639
-0.048769
-0.043028
-0.060887
-0.057698
-0.051001
-0.049088
-0.068541
-0.043028
-0.040796
-0.040158
-0.032504
-0.027083
-0.032186
-0.014964
0.017883
0.029045
0.050731
0.058066
0.054877
0.046266
0.055196
0.04531
0.029364
0.025537
0.071779
0.11228
0.11611
0.068909
0.056471
0.04818
0.035104
0.11037
0.085492
0.085173
0.093465
0.094741
0.10877
0.069228
0.037018
0.078157
0.088681
0.089638
0.059661
0.013419
-0.01911
-0.034418
-0.05132
-0.076195
-0.052277
-0.031867
-0.079384
-0.070455
-0.094692
-0.1269
-0.13232
-0.091822
-0.13232
-0.14412
-0.085443
-0.076195
-0.084168
-0.09246
-0.14412
-0.12084
-0.092778
-0.073325
-0.060887
-0.063758
-0.075876
-0.074601
-0.067903
-0.060569
-0.078109
-0.056742
-0.022618
-0.049088
-0.061525
-0.028996
-0.018472
-0.041434
-0.051639
-0.041115
-0.060887
-0.050363
-0.062482
-0.046218
-0.047493
-0.03091
-0.0028458
0.027451
0.092508
0.071779
0.056153
0.069547
0.073374
0.067633
0.046904
0.050412
0.069866
0.087406
0.087087
0.046904
0.0003433
-0.0044404
-0.019748
-0.028678
-0.024851
0.017246
0.013738
-0.015602
-0.023894
-0.020067
-0.07173
-0.053234
0.011505
-0.011456
0.010548
-0.055785
-0.029953
0.0051269
-0.038564
-0.08353
-0.041434
-0.023256
-0.014008
-0.031229
-0.077152
-0.049407
-0.048131
-0.051958
-0.075876
-0.048131
-0.088952
-0.10171
-0.11191
-0.11415
-0.1403
-0.16294
-0.17282
-0.18494
-0.15369
-0.14572
-0.1033
-0.072049
-0.022937
-0.014008
-0.017516
-0.0098618
-0.0047593
-0.028359
-0.02517
-0.024532
-0.034099
0.0016189
0.019478
0.0076782
-0.075238
-0.096286
-0.10266
-0.1151
-0.10777
-0.11446
-0.12276
-0.10841
-0.058974
-0.058336
-0.082573
-0.083849
-0.063758
-0.06312
-0.068541
-0.043985
-0.017835
0.028407
0.0131
-0.01337
0.02171
0.03064
0.014694
0.008635
0.011186
0.02458
0.050731
0.034148
0.031915
0.043396
0.015013
-0.00061343
-0.058974
-0.02517
-0.049407
-0.073963
-0.043985
-0.053552
-0.070136
-0.093097
-0.070774
-0.027083
-0.03665
-0.040477
-0.061844
-0.041115
-0.030591
-0.037288
0.0076782
-0.062482
-0.053871
-0.05132
-0.046536
-0.061525
-0.057379
-0.080341
-0.087676
-0.067266
-0.060887
-0.087995
-0.10522
-0.089908
-0.10043
-0.10043
-0.12467
-0.085443
-0.063758
-0.076833
-0.085762
-0.059931
-0.059293
-0.052277
-0.066309
-0.073644
-0.052915
0.031596
0.00066221
-0.03091
-0.065671
0.00098112
-0.034099
-0.06025
0.0076782
0.038294
0.02777
-0.010181
0.010548
-0.0085862
-0.033461
0.0070404
0.0016189
-0.011775
-0.0053971
0.0022568
-0.022299
-0.03378
-0.063758
-0.12244
-0.056742
-0.071093
-0.071093
-0.06599
-0.054509
-0.08066
-0.080022
-0.081935
-0.089908
-0.12626
-0.11957
-0.10649
-0.064395
-0.061525
-0.068541
-0.086081
-0.10585
-0.11223
-0.12977
-0.11797
-0.11383
-0.097562
-0.089589
-0.10266
-0.081298
-0.073325
-0.046218
-0.025807
-0.025488
-0.014645
-0.032504
-0.047812
-0.0038025
-0.00029452
-0.0076295
-0.058017
-0.055147
-0.025807
-0.00061343
-0.0085862
-0.046855
-0.025488
-0.015283
-0.012413
-0.039839
-0.036331
-0.02198
-0.01911
-0.036331
-0.050682
-0.040796
-0.048131
-0.075876
-0.079703
-0.031229
0.014056
0.050731
-0.020705
-0.036969
-0.023256
0.0025757
-0.0041214
-0.053552
-0.021024
0.030002
0.03351
0.027132
-0.02198
-0.061844
-0.034418
-0.041753
-0.049088
-0.079065
-0.047812
-0.037288
-0.068222
-0.070136
-0.02517
-0.023575
-0.053234
-0.035056
-0.012094
-0.020386
0.010548
-0.026126
-0.054509
-0.057698
-0.026445
-0.0028458
-0.025488
-0.075557
-0.058974
-0.044304
0.0003433
-0.0076295
-0.026445
-0.035694
-0.035694
-0.064077
-0.093735
-0.058017
-0.053234
-0.041434
-0.028678
-0.047812
-0.047174
-0.048769
-0.041115
-0.053552
-0.050363
-0.040477
-0.044623
-0.043347
-0.035694
-0.051639
-0.03091
-0.016878
-0.01337
-0.028996
-0.037288
-0.054828
-0.052277
-0.083849
-0.082573
-0.084487
-0.10171
-0.070455
-0.058336
-0.079703
-0.094692
-0.10011
-0.093416
-0.088314
-0.084168
-0.081935
-0.067266
-0.047812
-0.044942
-0.037288
0.012781
0.013419
-0.0085862
0.004808
0.037975
0.0038513
-0.0095429
-0.00061343
0.00066221
0.0057648
0.0057648
-0.0069916
-0.026126
-0.041434
-0.05132
-0.0098618
-0.017516
-0.017516
0.01023
0.022667
0.023305
0.080709
0.064763
0.072736
0.053282
0.01884
0.032553
0.042758
0.035104
-0.021343
0.0051269
-0.012094
-0.031229
-0.065352
-0.087357
-0.095649
-0.11191
-0.12052
-0.10043
-0.097243
-0.10809
-0.11383
-0.070455
-0.03952
-0.054509
-0.056742
-0.071093
-0.026764
-0.017516
-0.017835
-0.026764
-0.026445
-0.0012513
0.023305
0.021391
0.012781
0.022986
0.0131
0.022029
0.0060837
-0.016559
0.035742
0.070822
0.064125
0.029045
0.042121
0.042439
0.028726
0.011824
-0.044942
-0.018153
0.020116
0.008316
0.0060837
-0.034418
-0.063758
-0.067585
-0.021661
-0.027721
-0.029634
-0.014964
-0.024532
-0.021343
-0.010181
-0.05132
-0.017516
0.0022568
0.0025757
0.0076782
0.05105
0.026813
-0.0082673
-0.031867
-0.018791
-0.036331
-0.05132
-0.037607
-0.011456
0.0022568
0.0013
-0.026764
-0.041753
-0.033461
-0.054509
-0.043028
-0.063439
-0.043347
-0.067903
-0.054828
-0.061844
-0.078109
-0.081935
-0.078746
-0.083211
-0.079384
-0.064395
-0.061844
-0.063758
-0.056423
-0.055147
-0.049726
-0.027721
-0.039839
-0.034737
-0.026126
-0.021343
-0.022618
-0.02517
-0.014964
-0.023575
-0.020067
-0.0044404
-0.0076295
-0.0047593
-0.0050782
-0.0076295
-0.021343
-0.002208
0.021391
0.015651
0.0073593
0.019159
0.015332
0.023943
0.044991
0.057747
0.035742
0.040845
0.056471
0.060617
0.032553
0.060617
0.07433
0.061574
0.15087
0.098886
0.096335
0.1193
0.096335
0.040526
0.052645
0.040845
0.0073593
0.032553
0.078795
0.043715
0.0073593
-0.022299
-0.048131
-0.038883
-0.017197
0.0035324
-0.022299
-0.034099
-0.03378
-0.026126
-0.029953
-0.041115
-0.021024
-0.026126
0.0038513
-0.0047593
-0.0073105
-0.01911
-0.012413
-0.017197
-0.025488
-0.005716
-0.013051
-0.028678
-0.033461
0.014694
0.026175
0.0051269
-0.027083
-0.020705
-0.018472
-0.0098618
-0.015921
0.012462
0.0095917
0.0028946
0.0013
0.0019378
0.0076782
0.0079971
0.0099106
0.010867
0.015013
0.021391
0.021391
0.031596
0.024899
0.019478
0.022667
0.035742
0.038294
0.035423
0.012462
0.03638
0.029683
0.052007
0.035104
0.020754
0.013419
0.019478
0.02171
0.015651
0.018202
0.0054459
0.032234
0.037975
0.042439
0.045947
0.055196
0.059023
0.061255
0.078157
0.12727
0.14672
0.14162
0.11292
0.14864
0.16394
0.1413
0.10877
0.077838
0.1429
0.16299
0.096654
0.07146
0.057109
0.025856
0.025537
0.051369
0.03064
0.0032135
-0.026764
-0.031229
-0.023894
-0.021343
-0.047174
-0.054828
-0.028678
-0.032186
-0.018153
-0.005716
0.011505
-0.0034836
-0.0060349
0.0054459
0.028088
0.0092728
-0.0079484
0.0099106
0.017246
0.026813
0.013419
0.022029
0.0016189
0.010867
-0.0089051
0.0038513
0.0016189
-0.0085862
0.011505
0.0038513
0.023624
0.02777
0.015013
-0.0012513
0.026175
0.028088
0.034148
0.023305
0.031915
0.018202
0.020435
0.028407
0.013738
0.040845
0.063487
0.053601
0.046904
0.058704
0.091233
0.093784
0.062212
0.10144
0.11579
0.1008
0.10335
0.099843
0.09187
0.099843
0.11802
0.10463
0.083898
0.067952
0.032234
0.085811
0.1464
0.099205
0.074649
0.074968
0.073374
0.055834
0.032234
0.048818
0.053601
0.040526
0.046585
0.023943
-0.013689
0.0064026
0.026175
0.017564
0.010548
-0.013689
-0.019748
-0.0073105
0.016289
-0.016878
-0.023894
0.0019378
0.028407
0.0051269
-0.026764
-0.011775
0.0003433
0.0131
-0.037926
-0.06599
-0.065352
-0.034737
-0.026126
-0.051639
-0.062163
-0.079384
-0.05419
-0.052277
-0.061525
-0.076195
-0.059612
-0.047174
-0.014645
-0.014008
0.011186
0.02171
0.047861
0.051688
0.076563
0.044672
0.048818
0.078795
0.062531
0.092508
0.11005
0.10303
0.057747
0.075925
0.07752
0.059661
0.031915
0.04531
0.037018
0.054558
0.046266
0.056153
0.029364
0.0054459
0.04531
0.067952
0.081665
0.074968
0.025218
0.030959
0.042758
0.042439
0.0013
-0.023256
0.039569
0.07146
0.034467
0.025537
-0.0082673
-0.040796
-0.041115
-0.028359
-0.037607
-0.04845
-0.052915
-0.062482
-0.045899
-0.051639
-0.044304
-0.045261
-0.046855
-0.027721
-0.027721
-0.024851
-0.0076295
-0.015921
-0.015283
-0.00093234
0.0019378
0.0092728
0.026494
0.0032135
-0.00029452
0.062212
0.061255
0.041164
0.03064
0.022986
0.041164
0.066039
0.06285
0.012143
0.05392
0.052007
0.044353
0.019478
-0.002208
0.0131
0.031915
0.027451
0.0076782
0.0022568
0.017564
0.0095917
0.011505
0.008316
0.0057648
0.042758
0.03638
0.034148
0.037337
0.030002
0.019478
0.030002
0.03638
0.053282
0.062212
0.044991
0.044672
0.04818
0.055834
0.03925
0.0003433
0.05105
0.046904
0.039569
0.04818
0.029045
-0.0034836
0.0057648
0.012143
0.0013
-0.026126
0.014056
0.0019378
-0.015283
-0.0015702
0.0076782
0.020435
0.030321
0.023305
-0.0053971
-0.0018891
0.0054459
0.029364
0.040526
0.014375
0.028726
0.0076782
-0.0025269
-0.0034836
0.0025757
-0.024213
-0.0060349
-0.021343
-0.0066727
-0.0038025
0.0013
-0.021024
-0.025488
-0.01911
-0.036969
-0.016878
-0.017197
-0.014645
-0.012732
-0.005716
-0.00029452
0.015651
0.0041702
0.00098112
-0.0018891
0.012781
0.019797
0.047223
0.025218
0.03638
0.066677
0.052963
0.059979
0.069228
0.074012
0.047542
0.092189
0.12408
0.096654
0.10526
0.11101
0.11069
0.10973
0.13014
0.083579
0.087087
0.08613
0.03925
0.017564
0.025218
0.020435
-0.0012513
-0.025488
-0.0098618
-0.0028458
-0.027721
-0.042391
-0.04558
-0.034099
-0.033142
-0.02517
-0.022618
-0.0098618
0.022029
0.0057648
0.0070404
0.022348
0.0038513
-0.00029452
0.0099106
0.0073593
0.023305
-0.0018891
0.0051269
0.0076782
-0.012094
-0.017835
0.0092728
-0.0060349
-0.018791
-0.015283
-0.019748
-0.021024
-0.014327
-0.0012513
-0.013051
0.0076782
0.015013
0.022029
0.024262
0.0095917
0.0073593
0.016608
0.032872
0.028726
0.044353
0.042758
0.020116
0.0089539
0.013738
0.020754
0.014056
0.0070404
0.011824
0.022029
0.030321
0.032553
0.043077
0.037656
0.025537
0.02171
0.038294
0.035104
0.044034
0.062531
0.085492
0.07433
0.074968
0.084536
0.10431
0.088681
0.092189
0.088681
0.090276
0.12089
0.15119
0.13907
0.14768
0.11579
0.12249
0.17766
0.14736
0.11037
0.099524
0.10686
0.087087
0.069547
0.084854
0.074968
0.094103
0.058385
0.032234
0.026494
0.016289
-0.012732
-0.022937
-0.065352
-0.056104
-0.051639
-0.045899
-0.048131
-0.032504
-0.023575
-0.022299
-0.0012513
-0.0098618
-0.00061343
0.0028946
0.019159
0.026813
0.044353
0.017246
0.010867
0.01597
0.030959
0.026175
0.0028946
-0.022299
-0.046855
-0.039839
-0.037607
-0.058336
-0.053234
-0.053234
-0.059612
-0.060569
-0.04271
-0.022299
-0.020386
-0.029634
-0.023894
-0.020386
-0.025488
-0.011456
-0.0050782
-0.018472
-0.0012513
0.015013
0.0089539
0.025218
0.0016189
0.0064026
0.0003433
0.030959
0.026813
0.016608
0.015332
0.017246
0.01597
0.017883
0.027132
0.027451
0.062531
0.1075
0.12185
0.10654
0.12153
0.14034
0.15948
0.1362
0.17415
0.18308
0.22007
0.22773
0.18435
0.1818
0.18404
0.19233
0.15565
0.14959
0.1177
0.10176
0.091552
0.049455
0.040207
0.020754
0.0038513
-0.025488
-0.023256
-0.033461
-0.032504
-0.036331
-0.03378
-0.032186
-0.041753
-0.051639
-0.03665
-0.036331
-0.023256
-0.023894
-0.026764
-0.039839
2.4388e-05
0.0028946
-0.05419
-0.06599
-0.093416
-0.091184
-0.087038
-0.094054
-0.1049
-0.11446
-0.12084
-0.1218
-0.10298
-0.08927
-0.08353
-0.085443
-0.10203
-0.071411
-0.046218
-0.052915
-0.04558
-0.035056
-0.033461
-0.009224
0.014694
0.015651
0.015651
0.050412
0.051369
0.03925
0.034467
0.055834
0.047861
0.07433
0.11451
0.079114
0.080071
0.054239
0.07433
0.085173
0.093146
0.091552
0.087725
0.063806
0.10144
0.14258
0.13747
0.12185
0.13078
0.15246
0.14321
0.10782
0.11451
0.18372
0.13716
0.090276
0.10239
0.063487
0.060936
0.057109
0.044034
0.013738
0.01023
0.017883
-0.011456
-0.032504
-0.04845
-0.058336
-0.045899
-0.053234
-0.089589
-0.11159
-0.10298
-0.11383
-0.10777
-0.11925
-0.14125
-0.14636
-0.13009
-0.12658
-0.14412
-0.1202
-0.12148
-0.11606
-0.10235
-0.090546
-0.074282
-0.070136
-0.056104
-0.069498
-0.072368
-0.053234
-0.058974
-0.077152
-0.055466
-0.020386
-0.051958
-0.057379
-0.010181
-0.035375
-0.03952
-0.03952
-0.045899
-0.048131
-0.041115
-0.020705
-0.016559
0.020435
0.058066
0.045629
0.06572
0.077201
0.099205
0.099205
0.094741
0.11898
0.1346
0.15788
0.17255
0.12855
0.084536
0.072736
0.045629
0.06859
0.148
0.13333
0.09187
0.069866
0.038612
0.047542
0.050412
0.050093
0.06859
0.066677
0.074012
0.060936
0.019478
0.021072
-0.0069916
-0.023575
-0.04558
-0.042072
-0.093097
-0.12403
-0.1336
-0.11064
-0.13806
-0.15752
-0.14253
-0.13583
-0.13041
-0.12371
-0.12052
-0.11797
-0.11383
-0.10681
-0.093735
-0.096286
-0.088633
-0.088314
-0.090227
-0.084487
-0.076195
-0.067585
-0.068541
-0.073006
-0.096286
-0.070774
-0.055466
-0.060569
-0.073963
-0.062163
-0.055147
-0.020705
-0.022299
-0.023575
0.0064026
0.012781
0.015651
0.035104
0.041164
0.06285
0.055196
0.042121
0.066358
0.056153
0.058385
0.090914
0.091233
0.090595
0.10208
0.10558
0.10558
0.094741
0.10941
0.10271
0.077838
0.10686
0.12727
0.1177
0.15852
0.13078
0.09506
0.11101
0.057428
0.043077
0.027132
0.0054459
-0.0082673
-0.014645
-0.02804
-0.062801
-0.053871
-0.075876
-0.053234
-0.054509
-0.10011
-0.11638
-0.082573
-0.12626
-0.1049
-0.082892
-0.082892
-0.085125
-0.070774
-0.078746
-0.11446
-0.0864
-0.066309
-0.076833
-0.086081
-0.095968
-0.088633
-0.084487
-0.062801
-0.058336
-0.069179
-0.087038
-0.069817
-0.050682
-0.063758
-0.064714
-0.046855
-0.042391
-0.023256
-0.0095429
-0.0053971
-0.010819
-0.0105
-0.0018891
0.017246
0.032872
0.025218
0.027132
0.015332
0.011824
0.0032135
0.0073593
0.015013
-0.0018891
-0.0038025
0.020435
0.034786
0.027451
0.052007
0.049137
0.025537
0.029683
0.041164
0.070822
0.078795
0.10654
0.11866
0.10782
0.097611
0.064444
0.050093
0.11292
0.096973
0.076882
0.066677
0.031596
0.044353
0.062212
0.055196
0.036699
0.02777
0.03351
-0.00029452
-0.020705
-0.018791
-0.012094
-0.029315
-0.043985
-0.012094
-0.042391
-0.056104
-0.045899
-0.058974
-0.081617
-0.1218
-0.083849
-0.10426
-0.097881
-0.12307
-0.11957
-0.1033
-0.091822
-0.10362
-0.10171
-0.075238
-0.097562
-0.093735
-0.067266
-0.038245
-0.029634
-0.025488
-0.015602
0.0060837
0.0035324
-0.0089051
-0.014008
-0.0060349
-0.0089051
-0.0041214
0.0022568
-0.012094
0.008635
0.0019378
-0.00029452
0.0016189
-0.0028458
0.012781
0.008635
0.032234
0.021391
0.017246
0.0054459
0.0054459
-0.002208
0.017883
0.026175
0.0016189
-0.0031647
0.0054459
0.020754
0.015013
0.0016189
0.0025757
0.016608
0.05392
0.067314
0.050731
0.053601
0.11611
0.10399
0.082941
0.078795
0.11962
0.10622
0.13237
0.09793
0.11005
0.12504
0.066995
0.074012
0.043396
0.012462
0.069866
0.050093
-0.0053971
-0.0095429
0.015651
-0.017516
-0.037288
-0.016878
-0.027083
0.0016189
-0.032504
-0.03665
-0.048769
-0.041753
-0.053871
-0.057379
-0.036331
-0.024532
-0.027721
-0.059293
-0.056104
-0.042391
-0.065671
-0.062482
-0.051001
-0.048769
-0.026126
-0.012094
-0.033461
-0.041434
-0.034099
-0.045261
-0.034099
-0.034737
-0.03091
-0.03091
-0.041434
-0.04845
-0.044942
-0.035056
-0.035694
-0.056423
-0.046855
-0.029953
-0.0082673
-0.033142
-0.027083
-0.018791
-0.016878
-0.0060349
-0.0015702
-0.0050782
-0.013689
-0.0098618
-0.0089051
-0.0069916
-0.0076295
-0.011456
-0.0069916
2.4388e-05
0.0013
-0.0085862
-0.0069916
0.0079971
0.011186
0.017883
0.052963
0.047223
0.03638
0.042758
0.050412
0.052963
0.05679
0.050093
0.036699
0.052645
0.068271
0.066358
0.043077
0.080709
0.076882
0.066677
0.059661
0.098249
0.095378
0.11228
0.10718
0.098886
0.10941
0.12631
0.12918
0.090276
0.087406
0.060936
0.044353
0.014694
0.016927
0.012462
-0.0073105
-0.037607
-0.055785
-0.068222
-0.10872
-0.12084
-0.11223
-0.11893
-0.11638
-0.12403
-0.12626
-0.10617
-0.089589
-0.087676
-0.081617
-0.094692
-0.08927
-0.081935
-0.061844
-0.042391
-0.034418
-0.048769
-0.050044
-0.030272
-0.016878
-0.015283
-0.0085862
-0.016559
-0.024851
-0.0085862
-0.0012513
0.0064026
0.012143
-0.0076295
0.01023
0.038612
0.020754
-0.0012513
0.022029
0.02458
0.029364
0.03351
0.035423
-0.0015702
0.028407
0.039888
0.023943
0.011186
0.027451
0.025218
0.01597
0.022029
0.022986
0.0028946
0.0044891
0.022667
0.011824
0.0022568
0.013419
0.0099106
-0.00029452
0.016927
0.035742
0.038612
0.035423
0.036061
0.038612
0.051369
0.064444
0.067314
0.061574
0.059661
0.066677
0.06572
0.055196
0.063487
0.070185
0.086768
0.070822
0.072736
0.072736
0.063806
0.072417
0.084536
0.069547
0.081665
0.095378
0.075606
0.07146
0.074649
0.04818
0.050093
0.040207
0.017883
0.028726
0.02171
-0.010181
-0.028678
-0.031229
-0.019748
-0.055466
-0.053234
-0.052915
-0.066947
-0.079703
-0.06312
-0.077471
-0.091184
-0.070136
-0.070455
-0.070774
-0.055147
-0.051639
-0.056423
-0.043028
-0.041753
-0.046218
-0.035375
-0.014964
-0.024851
-0.023256
-0.024851
-0.021024
-0.021024
-0.02198
-0.019429
-0.029634
-0.01911
-0.01337
-0.005716
-0.012413
-0.010819
-0.0082673
-0.0073105
-0.0073105
0.0092728
0.0038513
-0.0079484
-0.0018891
-0.0025269
0.0025757
0.0019378
0.0025757
-0.0034836
0.015651
0.02171
0.01884
0.017564
0.029045
0.053601
0.061255
0.058066
0.061255
0.07146
0.069228
0.072098
0.082622
0.09506
0.082941
0.070822
0.076244
0.06859
0.08326
0.099843
0.055196
0.059342
0.063806
0.043077
0.056471
0.068271
0.058704
0.032234
0.026175
0.020754
0.0016189
-0.0028458
-0.029953
-0.037288
-0.03378
-0.029315
-0.057379
-0.064395
-0.047493
-0.050363
-0.075238
-0.065671
-0.062163
-0.075557
-0.058974
-0.04271
-0.02517
-0.0085862
-0.002208
-0.0098618
-0.0018891
-0.010181
-0.0076295
0.0028946
-0.0012513
0.00066221
0.014056
0.0044891
0.0057648
0.0051269
-0.022937
-0.026445
-0.029634
-0.029953
-0.020705
-0.041434
-0.039839
-0.027721
-0.017835
-0.014645
-0.020705
-0.019748
-0.014327
-0.015602
-0.00093234
-0.021343
-0.011775
-0.018472
-0.0098618
-0.017516
-0.018153
-0.01624
-0.032823
-0.023575
-0.021024
-0.017197
-0.019748
-0.021024
-0.016559
-0.015921
-0.0095429
0.0035324
-0.0050782
-0.011137
-0.0044404
-0.0034836
-0.002208
2.4388e-05
-0.0012513
-0.013689
0.0019378
0.0051269
0.0079971
0.0032135
-0.00061343
0.0064026
0.010548
0.01597
0.012781
0.026175
0.025218
0.024262
0.027132
0.035104
0.035742
0.026494
0.061574
0.072417
0.06572
0.059342
0.07146
0.069228
0.06859
0.082941
0.10622
0.10112
0.094741
0.078157
0.073055
0.043396
0.027451
0.027132
0.0076782
0.017246
0.008316
-0.013689
-0.031229
-0.037288
-0.049407
-0.060887
-0.053871
-0.05419
-0.068222
-0.066628
-0.02804
-0.021024
-0.035694
-0.032186
-0.022937
-0.029953
-0.012094
-0.00093234
-0.002208
-0.012094
0.0035324
-0.0041214
-0.02517
-0.0069916
-0.0082673
-0.018791
-0.03378
-0.037607
-0.037607
-0.041434
-0.043985
-0.053234
-0.056423
-0.046536
-0.037607
-0.040477
-0.037926
-0.034418
-0.03378
-0.023575
-0.0105
-0.02198
-0.023256
-0.015921
-0.012413
-0.0095429
-0.0076295
-0.005716
-0.017197
-0.0044404
-0.0031647
0.0070404
0.00098112
0.0003433
-0.00061343
0.0003433
0.012462
0.020754
0.01023
-0.0028458
0.0038513
0.0073593
0.0057648
0.0022568
-0.0015702
-0.014327
-0.002208
0.0060837
0.0038513
0.0013
-0.0018891
-0.00061343
-0.00061343
0.010548
0.0060837
0.0035324
0.0032135
0.0070404
0.008635
0.0073593
0.011186
0.0028946
-0.00061343
0.0089539
0.01597
0.011505
0.0079971
0.016927
0.030959
0.03351
0.051369
0.043715
0.029364
0.037656
0.055834
0.053601
0.065082
0.069547
0.043715
0.052007
0.049774
0.053282
0.037656
0.025218
0.023624
0.022029
0.021391
0.015332
-0.0012513
-0.020067
-0.01624
-0.022299
-0.030272
-0.02517
-0.022937
-0.035056
-0.027083
-0.018472
-0.02517
-0.02198
-0.030591
-0.027721
-0.017516
-0.0041214
-0.020067
-0.026126
-0.029315
-0.032186
-0.014008
-0.010819
0.0016189
-0.017516
-0.023575
-0.014964
-0.0031647
-0.0031647
-0.0089051
0.0076782
0.0054459
0.0003433
0.022029
0.012143
-0.022299
-0.02198
-0.023575
-0.026126
-0.023575
-0.022299
-0.038564
-0.037926
-0.039202
-0.039839
-0.044623
-0.04845
-0.034418
-0.033142
-0.028996
-0.022937
-0.028678
-0.031548
-0.025807
-0.022618
-0.01911
-0.018153
-0.021661
-0.03091
-0.015602
-0.0076295
-0.009224
-0.0053971
-0.0047593
-0.0047593
-0.00029452
0.010867
0.0076782
0.011824
0.0067215
0.0057648
0.022348
0.030002
0.020754
0.0092728
0.015013
0.026175
0.037975
0.032553
0.032234
0.022986
0.026175
0.01597
0.023943
0.022029
0.01597
0.012781
0.0016189
0.0044891
0.018202
0.012781
-0.0031647
0.01023
0.0079971
0.0013
0.0038513
0.020435
0.027451
0.025856
0.044672
0.034148
0.017564
0.016289
0.02171
0.016927
0.0022568
0.0032135
0.0051269
-0.005716
-0.0089051
0.0028946
-0.011775
-0.018791
-0.029315
-0.019429
-0.0069916
0.016608
-0.0095429
-0.018472
-0.01911
-0.0069916
-0.0050782
-0.014327
-0.01911
-0.029634
-0.031229
-0.016878
-0.011456
-0.027083
-0.025488
-0.024851
-0.032504
-0.026764
-0.015921
-0.032823
-0.045899
-0.042391
-0.032823
-0.025807
-0.026445
-0.033461
-0.04271
-0.025807
-0.027721
-0.024213
-0.027402
-0.02198
-0.010181
-0.013051
-0.002208
-0.0031647
-0.0063538
-0.0034836
0.0003433
0.0044891
-0.00093234
0.0003433
-0.0038025
-0.019748
-0.0076295
0.0013
-0.00061343
-0.0034836
-0.005716
-0.0098618
-0.012732
0.0019378
-0.002208
-0.0089051
0.0035324
0.0054459
0.0076782
0.0095917
0.008635
0.01023
0.014375
0.028726
0.042758
0.043715
0.056471
0.044991
0.034148
0.041483
0.051369
0.049137
0.048818
0.030321
0.01884
0.022667
0.012143
0.0054459
-0.015602
-0.0105
-0.01911
-0.026764
-0.035056
-0.03952
-0.044942
-0.04271
-0.038883
-0.044623
-0.050044
-0.057061
-0.052277
-0.049407
-0.051001
-0.048131
-0.053871
-0.058974
-0.043985
-0.035375
-0.038245
-0.034737
-0.034418
-0.031867
-0.026126
-0.010181
-0.019429
-0.017516
-0.017197
-0.013689
-0.01337
-0.011775
-0.010181
-0.018472
-0.010819
-0.0066727
0.0003433
-0.005716
-0.0047593
-0.00029452
0.00098112
0.0044891
0.017246
0.0089539
2.4388e-05
0.008316
0.008316
0.0079971
0.0095917
0.0060837
-0.0085862
0.0079971
0.0073593
0.0067215
0.0051269
0.0016189
0.012462
0.015013
0.022029
0.013738
0.022029
0.029045
0.028407
0.029045
0.030002
0.031596
0.028407
0.020116
0.033829
0.034148
0.042758
0.03925
0.028407
0.020116
0.022029
0.029045
0.019159
0.015651
0.018202
0.020435
0.008635
0.0028946
0.0013
0.0019378
0.011824
0.0038513
0.0003433
-0.012094
-0.0031647
-0.00061343
-0.011456
0.0003433
0.008316
-0.0047593
-0.021024
-0.023575
-0.029953
-0.027402
-0.02517
-0.036012
-0.047493
-0.02804
-0.020386
-0.020705
-0.022937
-0.026126
-0.012413
-0.011775
0.0035324
-0.0050782
-0.0041214
-0.0012513
0.00098112
0.0044891
0.0044891
-0.00093234
-0.0105
-0.017197
-0.0089051
-0.0031647
-0.0073105
-0.015602
-0.022299
-0.022299
-0.027721
-0.01337
-0.022618
-0.022618
-0.021024
-0.02198
-0.022937
-0.025488
-0.026126
-0.035375
-0.02517
-0.022299
-0.017197
-0.022618
-0.023256
-0.018791
-0.018472
-0.010181
-0.0018891
-0.010819
-0.015283
-0.011775
-0.0095429
-0.0085862
-0.0025269
-0.0066727
-0.012413
2.4388e-05
0.008635
0.0070404
0.0070404
0.013738
0.017564
0.020435
0.034467
0.037337
0.041164
0.03351
0.035742
0.039569
0.040526
0.039569
0.033829
0.019159
0.021072
0.023624
0.014375
0.0070404
0.0092728
-0.00093234
-0.0034836
0.0044891
-0.014645
-0.023256
-0.023256
-0.025807
-0.022937
-0.024532
-0.022299
-0.032823
-0.02517
-0.02804
-0.029634
-0.032504
-0.032186
-0.02804
-0.024851
-0.021343
-0.015921
-0.024532
-0.026126
-0.031548
-0.033142
-0.021343
-0.01337
-0.016559
-0.026445
-0.013689
-0.0044404
-0.0060349
-0.0066727
-0.0069916
-0.005716
2.4388e-05
0.014056
0.00066221
-0.0041214
-0.0076295
-0.0015702
-0.0050782
-0.012732
-0.010181
-0.020386
-0.018791
-0.012413
-0.0031647
-0.0098618
-0.012413
-0.0085862
-0.0034836
0.0013
0.020435
0.0099106
0.0057648
0.0028946
0.0089539
0.020116
0.016289
0.019478
0.0099106
0.014694
0.017564
0.027451
0.038294
0.026813
0.023943
0.019478
0.028407
0.03925
0.037337
0.027451
0.025218
0.016289
0.014694
0.0064026
0.0060837
-0.0069916
-0.0031647
0.012462
-0.0025269
-0.0095429
-0.0044404
-0.018791
-0.023575
0.0019378
-0.017835
-0.013051
-0.012094
-0.0095429
-0.015602
-0.035694
-0.031867
-0.040796
-0.040477
-0.035375
-0.032823
-0.03378
-0.039839
-0.041115
-0.037288
-0.035694
-0.023256
-0.026764
-0.034099
-0.028996
-0.025488
-0.025488
-0.028678
-0.026445
-0.031867
-0.020067
-0.03091
-0.031548
-0.035694
-0.028359
-0.021024
-0.027083
-0.026764
-0.020705
-0.024213
-0.028678
-0.024851
-0.020386
-0.018153
-0.017835
-0.02198
-0.03378
-0.025488
-0.0085862
-0.0095429
-0.015283
-0.01624
-0.018153
-0.017516
0.0019378
-0.00061343
0.0003433
-0.0031647
-0.0066727
-0.0034836
-0.002208
0.0041702
-0.0012513
-0.0050782
-0.0050782
-0.00061343
-0.0041214
0.0032135
2.4388e-05
-0.0105
-0.0105
0.008316
0.00098112
-0.0038025
0.0041702
-0.00061343
-0.0089051
-0.010819
-0.012413
-0.019748
-0.0025269
-0.010181
-0.0031647
0.0019378
-0.012413
-0.012413
-0.012732
-0.011137
-0.0044404
-0.0031647
-0.0041214
-0.0053971
-0.0082673
-0.0079484
0.019797
0.0079971
0.0041702
0.012462
0.014694
0.014375
0.01884
0.014056
0.0073593
0.0054459
0.02171
0.0079971
0.00098112
-0.0082673
-0.015283
-0.014645
-0.019748
-0.018791
-0.031229
-0.033142
-0.017516
-0.013689
-0.021024
-0.01911
-0.01624
-0.014008
-0.0085862
0.0044891
0.0060837
0.00098112
0.0013
-0.0034836
-0.0034836
0.0003433
-0.005716
-0.022299
-0.0085862
-0.012094
-0.0073105
-0.013689
-0.024213
-0.023256
-0.022937
-0.022618
-0.025488
-0.029953
-0.031867
-0.023575
-0.019429
-0.02198
-0.023575
-0.029315
-0.036331
-0.019748
-0.0069916
-0.013051
-0.012094
-0.0050782
-0.0069916
-0.0038025
0.0076782
0.0016189
-0.0031647
-0.0041214
-0.00061343
-0.0028458
-0.011137
-0.014645
-0.017197
-0.023575
-0.022618
-0.011775
-0.016559
-0.0105
-0.011775
-0.013051
-0.013051
0.0095917
0.0032135
0.00066221
0.013738
0.020435
0.023624
0.026813
0.028726
0.012781
0.032872
0.023624
0.019478
0.019478
0.023624
0.027132
0.019797
0.019797
0.0079971
0.0025757
0.0003433
-0.014327
-0.013051
-0.0069916
-0.015283
-0.025488
-0.034099
-0.017835
-0.022618
-0.024851
-0.017197
-0.018791
-0.027721
-0.022937
-0.014327
-0.027721
-0.028996
-0.027721
-0.032504
-0.029953
-0.030591
-0.028359
-0.044623
-0.043666
-0.041434
-0.035694
-0.043985
-0.04845
-0.04271
-0.042072
-0.042072
-0.023256
-0.032504
-0.041434
-0.035694
-0.03378
-0.02804
-0.027721
-0.027083
-0.036969
-0.020386
-0.015602
-0.017197
-0.018791
-0.013689
-0.011775
-0.012732
-0.0044404
-0.0060349
-0.0041214
-0.0095429
-0.0044404
-0.0079484
-0.005716
-0.0060349
-0.012413
-0.01911
-0.0063538
2.4388e-05
-0.0044404
-0.002208
-0.0012513
-0.0073105
-0.0012513
0.0131
0.0035324
0.0025757
0.0070404
0.0019378
0.00066221
-0.00061343
-0.0060349
-0.022299
-0.0041214
0.0028946
0.0019378
-0.0047593
-0.0050782
-0.010181
-0.011775
-0.0047593
0.0073593
-0.0044404
-0.015921
-0.012732
-0.011137
-0.0073105
-0.0069916
-0.014645
-0.028996
0.0038513
0.0079971
0.0060837
0.0025757
0.0003433
0.014694
0.027451
0.046585
0.037337
0.027132
0.033829
0.055515
0.056471
0.039569
0.028726
0.019159
0.013419
0.019478
0.011505
0.01023
0.0070404
-0.011137
-0.036012
-0.029315
-0.018791
-0.045261
-0.054509
-0.056423
-0.051001
-0.05419
-0.060569
-0.060887
-0.073006
-0.056104
-0.057698
-0.055466
-0.066628
-0.061844
-0.04845
-0.043985
-0.041434
-0.023894
-0.028678
-0.036331
-0.026445
-0.025488
-0.033461
-0.026126
-0.020386
-0.03091
-0.017516
-0.012732
-0.015283
-0.010819
-0.01337
-0.015283
-0.016559
-0.0066727
-0.015602
-0.010819
-0.0069916
-0.012413
-0.012094
-0.010181
-0.0089051
-0.0053971
-0.00029452
-0.002208
0.00066221
-0.002208
0.008316
0.024899
0.020754
0.010548
0.026175
0.019797
0.013738
0.01597
0.023624
0.015332
0.0089539
0.0003433
-0.0050782
0.01023
2.4388e-05
0.019478
0.0099106
0.0016189
0.0003433
0.0032135
0.004808
0.014375
0.01597
-0.00029452
-0.0018891
-0.0041214
-0.0073105
-0.002208
0.0035324
-0.026445
-0.025807
-0.017835
-0.017197
-0.0085862
-0.014008
-0.019429
-0.011137
0.011824
-0.0041214
-0.011456
-0.023894
-0.024851
-0.017516
-0.0028458
-0.0069916
-0.033142
-0.028359
-0.028996
-0.034737
-0.029315
-0.028359
-0.019429
-0.035375
-0.02804
-0.0015702
-0.024851
-0.030272
-0.022937
-0.0082673
-0.00093234
0.024262
0.019797
0.008316
0.020435
0.028726
0.044353
0.045947
0.043077
0.051688
0.052645
0.068271
0.077201
0.055834
0.040845
0.028726
0.046904
0.042439
0.038612
0.019159
-0.0044404
0.0038513
0.0079971
-0.00029452
0.0054459
-0.0060349
-0.018472
-0.014008
-0.010819
-0.011137
-0.022299
-0.03378
-0.028996
-0.032186
-0.02517
-0.017197
-0.041434
-0.062482
-0.040796
-0.046536
-0.067266
-0.048131
-0.046536
-0.06025
-0.047812
-0.038245
-0.058017
-0.029953
-0.020386
-0.029953
-0.029953
-0.013051
0.0051269
-0.0047593
0.023943
0.043715
0.041164
0.041802
0.048818
0.054877
0.058385
0.073693
0.07433
0.059342
0.044034
0.072736
0.058704
0.040207
0.044672
0.041164
0.018202
0.037018
0.045947
0.035423
0.02777
0.040207
0.022986
0.025537
0.043077
0.018521
0.015651
0.034467
0.030959
-0.0031647
-0.002208
0.0044891
-0.010819
-0.0031647
-0.0082673
0.0067215
0.0054459
-0.0063538
-0.019748
0.0076782
0.015651
0.037337
0.014375
0.0079971
0.025856
-0.018791
-0.011137
-0.014008
0.014694
0.00066221
2.4388e-05
-0.00093234
-0.022618
-0.025807
-0.019429
-0.026126
-0.025807
-0.020386
-0.035694
-0.042072
-0.034099
-0.0018891
-0.010819
-0.029953
-0.019429
-0.015921
-0.039839
-0.02517
-0.018791
-0.029634
-0.023894
-0.022618
-0.023575
-0.013689
0.0022568
-0.020386
-0.030272
-0.027083
-0.018153
-0.021343
-0.018791
-0.024851
-0.026445
-0.014008
-0.009224
-0.0031647
-0.013689
-0.0095429
0.013738
0.025856
0.018521
0.034786
0.02777
0.033191
0.05392
0.037656
0.054558
0.056471
0.058385
0.055515
0.07433
0.060617
0.019159
0.02777
0.029045
0.024899
0.026813
0.020435
2.4388e-05
0.00066221
-0.024213
-0.041434
-0.045261
-0.050363
-0.043985
-0.029634
-0.06025
-0.052915
-0.044304
-0.030591
-0.037926
-0.048131
-0.04845
-0.042391
-0.043985
-0.042391
-0.024213
-0.049726
-0.053234
-0.061525
-0.058974
-0.052915
-0.060887
-0.055466
-0.052915
-0.025488
-0.038883
-0.028678
0.0013
0.012462
0.032234
0.061255
0.068271
0.031596
0.046266
0.049774
0.060617
0.064125
0.048499
0.021391
0.023624
0.017246
0.014694
0.0099106
0.026494
-0.027083
-0.041434
-0.029315
-0.013051
-0.02517
-0.032186
-0.02517
-0.022618
-0.028678
-0.038564
-0.065033
-0.059612
-0.037288
-0.029315
-0.023894
-0.040477
-0.07779
-0.059612
-0.037926
-0.039839
-0.039202
0.00098112
0.0095917
0.012143
0.014056
0.022348
0.039569
0.0076782
0.022029
0.023943
0.01597
0.034786
0.022348
0.03064
0.0095917
-0.013689
-0.0028458
-0.0095429
-0.04845
-0.058655
-0.047812
-0.049407
-0.06312
-0.066947
-0.075876
-0.055147
-0.018791
-0.0098618
-0.034737
-0.043666
-0.015602
-0.011137
0.0019378
-0.010181
-0.0053971
-0.016559
-0.017835
0.0076782
-0.0063538
0.022029
-0.002208
-0.0085862
-0.018153
-0.01624
-0.0060349
0.0070404
0.027132
0.044353
0.037018
0.060936
0.029364
0.046266
0.036061
-0.00061343
0.01597
0.03638
0.016289
-0.012413
-0.010181
-0.042072
-0.032186
-0.0060349
-0.032186
-0.062163
-0.022299
-0.0089051
-0.029634
-0.039202
-0.05132
-0.038564
-0.009224
0.018521
0.008316
-0.011775
-0.074919
-0.049726
-0.014645
-0.026764
-0.068541
-0.070774
-0.065033
-0.098519
-0.078109
-0.097562
-0.057379
-0.051001
-0.042391
-0.040796
-0.056104
-0.069817
-0.061525
-0.03378
-0.027402
-0.030591
-0.036331
-0.058974
-0.042391
-0.048769
-0.044942
-0.060887
-0.077152
-0.092778
-0.092141
-0.069817
-0.089908
-0.080341
-0.093735
-0.10362
-0.087357
-0.055147
-0.034737
-0.026764
-0.020386
0.0092728
0.021391
0.011186
0.02458
0.040526
0.054877
0.10048
0.10367
0.030959
0.037656
0.054239
0.035423
0.070185
0.054239
0.087725
0.079752
0.091552
0.093146
0.079114
0.072736
0.027132
0.036061
0.062531
0.072098
0.069547
0.022029
0.046266
0.010867
0.0035324
0.0099106
-0.012413
-0.020067
-0.062482
-0.091822
-0.090865
-0.072049
-0.043985
-0.055785
-0.055147
-0.052915
-0.041434
-0.036969
-0.024851
-0.037288
-0.065352
-0.028678
-0.03952
-0.01624
-0.0012513
-0.021024
-0.018153
-0.039839
-0.032504
0.0041702
-0.026764
-0.046536
-0.027721
-0.016559
-0.019429
-0.023575
-0.0085862
-0.0095429
-0.0060349
0.0067215
0.037975
0.014056
0.016608
0.047861
0.047542
0.070503
0.040207
0.017564
0.034148
0.038612
0.0070404
0.0016189
-0.00029452
-0.020386
-0.024213
-0.014964
-0.010181
-0.045899
-0.096286
-0.061206
-0.091503
-0.093735
-0.069498
-0.069817
-0.079384
-0.087357
-0.064077
-0.029953
-0.034737
-0.038564
-0.039202
-0.032504
-0.02804
-0.0095429
0.033829
0.060617
0.037337
0.039888
0.041802
0.058704
0.080071
0.092508
0.082303
0.071141
0.033191
0.015013
0.044353
0.066995
0.058066
0.029045
0.0019378
-0.027083
-0.020705
-0.041434
-0.050044
-0.045261
-0.063439
-0.072687
-0.085762
-0.086081
-0.07779
-0.058017
-0.055147
-0.088952
-0.084806
-0.064077
-0.077152
-0.066628
-0.068541
-0.054509
-0.051001
-0.052596
-0.031548
-0.054509
-0.063439
-0.052915
-0.043028
-0.018153
-0.050682
-0.073325
-0.096605
-0.07173
-0.044304
-0.036012
-0.041753
-0.049407
-0.023256
-0.017197
-0.021343
-0.015283
-0.020386
-0.033461
0.010548
0.008316
0.0073593
0.018521
0.031596
0.026813
0.033829
0.052645
0.074649
0.084536
0.087087
0.086449
0.037975
0.034467
0.056471
0.029045
0.018202
0.023943
0.0089539
0.024899
0.012462
-0.013689
-0.054509
-0.062482
-0.057698
-0.046536
-0.073006
-0.067266
-0.057698
-0.050682
-0.037288
-0.046855
-0.02804
-0.023575
-0.032823
-0.055785
-0.031229
-0.015602
-0.020067
-0.018472
-0.029953
0.0003433
-0.0085862
0.0022568
0.019797
-0.011137
-0.017835
-0.02517
-0.034099
-0.028678
0.0057648
0.0025757
-0.029634
-0.031867
-0.035375
-0.06312
-0.065033
-0.06025
-0.06025
-0.084806
-0.10139
-0.1033
-0.10426
-0.08066
-0.079703
-0.076833
-0.052596
-0.064714
-0.067903
-0.073006
-0.039839
-0.020386
-0.021024
-0.019429
0.0025757
0.014694
0.020435
0.026175
0.025856
0.017883
0.026813
-0.0012513
-0.01624
-0.014008
0.0022568
0.0016189
0.0032135
0.0076782
-0.0034836
0.0131
0.041802
0.029045
0.049137
0.048499
0.035104
0.033829
0.03638
0.0079971
2.4388e-05
-0.0041214
0.0028946
0.023943
0.03064
0.0044891
-0.033142
-0.057061
-0.058017
-0.02804
-0.043666
-0.048131
-0.038564
-0.054509
-0.03091
0.012781
-0.018791
-0.014964
0.030321
0.043715
0.025537
-0.033142
-0.011456
-0.0012513
0.01023
0.025856
0.0019378
-0.015283
-0.029953
-0.025807
-0.071411
-0.079384
-0.099157
-0.12467
-0.12563
-0.13774
-0.15114
-0.15528
-0.16932
-0.14253
-0.15433
-0.11765
-0.076514
-0.044942
-0.078109
-0.067266
-0.031867
-0.0082673
0.00098112
-0.014008
0.0022568
-0.012094
-0.019429
-0.032504
-0.013689
-0.02804
-0.075557
-0.10649
-0.10139
-0.069817
-0.087038
-0.09533
-0.1033
-0.10235
-0.087357
-0.06025
-0.069817
-0.066628
-0.052596
-0.029315
-0.018153
-0.01911
-0.0038025
-0.0066727
0.022029
0.0044891
0.0051269
0.0057648
0.014375
0.026175
0.020116
0.040207
0.044991
0.015651
-0.0063538
-0.020386
-0.0050782
0.01023
-0.0098618
-0.011456
-0.024851
-0.033142
-0.0073105
0.015013
-0.0076295
-0.0063538
-0.0038025
-0.031229
-0.022937
-0.022299
-0.028359
-0.032186
-0.0015702
0.0038513
-0.035056
-0.050363
-0.065352
-0.094054
-0.092141
-0.072687
-0.059612
-0.038883
-0.012094
-0.067903
-0.078746
-0.012413
-0.0073105
-0.044942
-0.041434
-0.040158
-0.049726
-0.031867
-0.019429
-0.029634
-0.052915
-0.067266
-0.080341
-0.076514
-0.06886
-0.070774
-0.10458
-0.074601
-0.064077
-0.08927
-0.09533
-0.069498
-0.064077
-0.050682
-0.044942
-0.082254
-0.0982
-0.073963
-0.032823
-0.055785
-0.065352
-0.035375
-0.010181
-0.014645
-0.012732
-0.0050782
0.017883
0.00098112
0.017883
-0.0028458
0.00098112
0.030959
0.015651
-0.0066727
-0.0044404
-0.046855
-0.059293
-0.058017
-0.046855
-0.09533
-0.10203
-0.088952
-0.11925
-0.13934
-0.14954
-0.15401
-0.13615
-0.12658
-0.11574
-0.10713
-0.10298
-0.091184
-0.076833
-0.085125
-0.098838
-0.071411
-0.058336
-0.04271
-0.014008
-0.01624
-0.028359
-0.005716
0.012143
-0.0015702
-0.0044404
-0.0089051
-0.036012
-0.025807
-0.0079484
0.0095917
-0.041753
-0.038564
-0.048769
-0.069817
-0.079703
-0.072049
-0.082254
-0.10649
-0.11351
-0.11032
-0.094373
-0.089908
-0.075876
-0.052915
-0.053552
-0.053552
-0.062163
-0.06886
-0.053234
-0.023894
0.020116
0.034467
-0.0018891
-0.002208
-0.023894
-0.029634
-0.052915
-0.032186
0.013738
-0.023256
-0.021024
0.0032135
0.01597
0.0131
0.019159
0.0070404
-0.010819
0.01884
0.029683
0.022986
0.0076782
-0.0015702
0.0044891
-0.014645
-0.05132
-0.096286
-0.11638
-0.10107
-0.09533
-0.10458
-0.13551
-0.10649
-0.087995
-0.11606
-0.11638
-0.11128
-0.10713
-0.087357
-0.08353
-0.054509
-0.045899
-0.054509
-0.093735
-0.06599
-0.053871
-0.063439
-0.059612
-0.064395
-0.057698
-0.052596
-0.073644
-0.060887
-0.041753
-0.041753
-0.027721
2.4388e-05
0.018521
-0.023256
-0.012732
-0.024213
-0.0041214
0.020754
0.0044891
-0.033461
-0.031229
-0.036331
-0.084168
-0.069817
-0.072049
-0.088314
-0.11446
-0.13073
-0.13902
-0.14954
-0.14349
-0.1454
-0.17474
-0.15497
-0.13519
-0.13806
-0.11765
-0.10394
-0.099157
-0.093735
-0.047812
-0.056742
-0.072049
-0.077152
-0.059293
-0.03665
-0.033142
-0.03952
-0.043028
-0.024851
-0.013051
0.017564
0.0067215
0.027451
0.038931
0.03351
0.028088
0.058066
0.054239
0.046585
0.066677
0.054877
0.054239
0.053282
0.050412
0.030321
0.03064
0.020754
0.024262
0.017883
0.013738
-0.0018891
-0.013689
0.0003433
-0.029315
-0.0041214
-0.03091
-0.01911
-0.074919
-0.08353
-0.066628
-0.090546
-0.10904
-0.10522
-0.070774
-0.077152
-0.11064
-0.15018
-0.13456
-0.12307
-0.10872
-0.11383
-0.084806
-0.091503
-0.081298
-0.0864
-0.097562
-0.098838
-0.10777
-0.087676
-0.064714
-0.015921
-0.017197
-0.012413
-0.013051
-0.022618
0.013419
0.023943
0.025218
0.027132
0.015651
0.016608
0.01884
0.01023
-0.010181
-0.024851
-0.0095429
-0.0012513
-0.022937
-0.041753
-0.067266
-0.067585
-0.047812
-0.032823
-0.032823
-0.032823
-0.0025269
0.0067215
0.043715
0.041483
0.049774
0.073055
0.078476
0.086768
0.069228
0.080071
0.079114
0.080071
0.089319
0.067314
0.014694
0.0016189
-0.059931
-0.075238
-0.057379
-0.092141
-0.10904
-0.13105
-0.16166
-0.16453
-0.14795
-0.15528
-0.16645
-0.14859
-0.084487
-0.069817
-0.063439
-0.056423
-0.047174
-0.02517
0.087725
0.08326
0.1008
0.081665
0.079752
0.060936
0.077201
0.11675
0.1193
0.13269
0.12121
0.058066
0.014056
0.032234
0.037018
0.0073593
-0.02517
-0.014645
-0.039839
-0.029315
-0.02804
-0.047812
-0.085125
-0.099476
-0.10522
-0.083849
-0.10043
-0.12276
-0.12882
-0.05419
-0.078746
-0.12276
-0.12977
-0.12307
-0.13328
-0.11287
-0.11096
-0.10872
-0.11223
-0.085443
-0.086719
-0.076195
-0.059293
-0.014964
-0.002208
-0.022299
-0.016878
0.0099106
0.013738
0.012143
0.020435
0.026175
0.01597
0.032234
0.017246
0.049455
0.023305
0.0025757
0.049774
0.061893
0.070503
0.080071
0.060617
0.075606
0.06285
0.026494
0.026175
0.035742
0.029045
-0.0098618
-0.018791
-0.028996
-0.055466
-0.067585
-0.094054
-0.14604
-0.15241
-0.13519
-0.14093
-0.14667
-0.13806
-0.14412
-0.12754
-0.10298
-0.060569
-0.051001
-0.071093
-0.062482
-0.069179
-0.047493
0.004808
-0.0028458
-0.0012513
-0.00061343
-0.0069916
0.0060837
-0.03378
0.0054459
-0.014008
-0.037288
0.0131
0.0070404
-0.012413
-0.005716
0.031915
0.0067215
0.061255
0.038612
0.01023
0.069547
0.095697
0.038294
0.058704
0.075287
0.053282
0.053601
-0.00061343
-0.025807
-0.0060349
-0.0066727
-0.014008
-0.078427
-0.10362
-0.065671
-0.08927
-0.10139
-0.10394
-0.094373
-0.09533
-0.092141
-0.065033
-0.053871
-0.022299
0.0041702
-0.014008
-0.014645
-0.028359
0.01884
-0.0105
0.028088
0.027451
0.044353
0.039569
0.010548
-0.0012513
-0.01337
-0.01624
-0.013689
-0.050044
-0.078427
-0.083211
-0.07779
-0.088633
-0.10075
-0.11351
-0.12818
-0.10585
-0.12116
-0.094692
-0.095968
-0.10681
-0.1033
-0.093097
-0.054828
-0.034099
-0.018791
0.021072
0.011824
-0.009224
-0.024213
-0.025807
-0.01624
-0.013689
0.0019378
0.016289
0.00098112
-0.020705
-0.009224
-0.041434
-0.033461
-0.014008
-0.014327
0.016289
-0.00029452
-0.014645
0.0060837
0.027132
0.050412
0.039888
0.019797
0.046266
0.048818
0.013738
0.02458
0.054877
0.044991
0.0016189
0.013738
0.043396
-0.0105
-0.012094
-0.005716
-0.014008
-0.02804
-0.072687
-0.00093234
0.059661
0.092189
0.06859
0.023943
0.049774
0.027132
0.039888
0.11579
0.083898
0.056471
0.037975
0.055196
0.024262
0.0051269
-0.020386
-0.044942
-0.087357
-0.081298
-0.081935
-0.085443
-0.09533
-0.13009
-0.13902
-0.12116
-0.079703
-0.088633
-0.087038
-0.057379
-0.0060349
0.0016189
-0.020067
-0.0098618
-0.020067
-0.040158
-0.028678
0.023624
-0.014327
-0.048131
-0.021343
-0.034099
0.020435
0.022029
-0.023256
-0.066947
-0.058974
-0.049088
-0.023256
0.0054459
-0.01337
-0.01911
2.4388e-05
-0.014327
0.0070404
0.021391
-0.0050782
-0.005716
-0.055466
-0.068222
-0.072687
-0.044942
-0.038245
-0.023894
-0.054828
-0.06599
-0.037288
-0.036331
-0.038564
-0.038245
-0.013689
-0.015921
0.0032135
0.033191
0.039888
0.041164
0.069547
0.026813
0.0095917
0.019159
0.0051269
-0.030591
-0.0053971
0.004808
-0.039202
-0.035056
-0.044942
-0.043028
-0.060887
-0.056742
-0.033142
-0.066628
-0.044623
-0.018153
-0.005716
-0.0089051
0.09506
0.10335
0.1244
0.092189
0.018202
0.054239
0.084854
0.063487
0.028726
-0.0012513
0.017883
-0.016559
-0.046218
-0.042072
-0.10458
-0.13806
-0.16868
-0.1792
-0.18877
-0.19324
-0.18558
-0.18367
-0.16804
-0.13232
-0.073963
-0.046536
-0.046536
-0.024851
0.011505
-0.0041214
0.023624
0.037975
0.004808
0.028726
0.014694
0.049455
0.041483
-0.010819
-0.043347
-0.056104
-0.056104
-0.058974
-0.055466
-0.059612
-0.067903
-0.062801
-0.023575
0.01597
-0.029953
-0.077471
-0.050044
0.0099106
-0.0069916
-0.002208
-0.024851
-0.06599
-0.062482
-0.023575
-0.023894
-0.031548
-0.039202
-0.050044
0.008635
0.0057648
-0.02517
-0.01911
-0.027402
-0.058336
-0.045261
-0.039839
0.0060837
-0.067903
-0.033461
-0.0095429
-0.010819
-0.026445
-0.018791
-0.013051
-0.017835
0.0032135
0.071141
0.034148
-0.014964
0.033829
-0.005716
0.012143
0.017246
0.0070404
-0.024851
-0.033142
-0.056104
-0.092141
-0.11733
-0.16645
-0.13743
-0.13296
-0.14667
-0.16262
-0.15879
-0.14317
-0.15273
-0.15241
-0.15784
-0.15624
-0.1454
-0.14636
-0.15369
-0.11765
-0.10171
-0.10904
-0.076833
-0.061844
-0.050363
0.016608
0.033191
0.022348
0.0044891
-0.017197
-0.021024
-0.020386
-0.009224
-0.035375
-0.026126
-0.01624
-0.012094
-0.053552
-0.10394
-0.11638
-0.11638
-0.10681
-0.082573
-0.084168
-0.063758
-0.054828
-0.023894
-0.0082673
0.041483
0.059661
0.047861
0.11547
0.098568
0.046904
0.02777
0.035423
0.051688
-0.0047593
-0.011456
0.0028946
-0.0098618
-0.055147
-0.094373
-0.14954
-0.16804
-0.18431
-0.18749
-0.19515
-0.18526
-0.15337
-0.13456
-0.097562
-0.092778
-0.10968
-0.094054
-0.074601
-0.057061
-0.06599
-0.064714
-0.019748
0.018202
0.088681
0.025218
-0.031867
-0.028678
-0.0079484
0.020435
0.017564
-0.038883
-0.040158
-0.10266
-0.041753
-0.061206
-0.076195
-0.050363
-0.030272
-0.073325
-0.095968
-0.089908
-0.10394
-0.13105
-0.096605
-0.076195
-0.063758
-0.065033
-0.071411
-0.060569
-0.034418
-0.061525
-0.084168
-0.065352
-0.065671
-0.075876
-0.064395
-0.10841
-0.11032
-0.091503
-0.088314
-0.053552
-0.082573
-0.10777
-0.11638
-0.095968
-0.08927
-0.069498
-0.023256
-0.012094
0.05392
0.023624
0.0099106
-0.01911
0.0131
0.013419
0.058704
0.032553
0.0057648
0.073055
0.071779
0.032872
0.063806
0.030002
-0.0041214
-0.0034836
-0.054828
-0.077152
-0.053234
-0.096286
-0.13073
-0.088314
-0.06599
-0.13169
-0.1556
-0.169
-0.16007
-0.17219
-0.17697
-0.132
-0.096286
-0.060887
-0.064714
-0.06886
-0.055785
-0.020386
-0.043347
-0.053234
-0.035056
-0.015602
-0.040477
-0.019429
-0.04271
-0.072049
-0.096924
-0.13105
-0.11893
-0.13169
-0.10426
-0.12563
-0.14667
-0.10681
-0.099794
-0.058974
-0.053234
-0.06025
-0.069817
-0.069817
-0.03952
-0.036969
-0.050363
-0.02804
-0.012413
-0.041434
-0.034737
-0.026764
-0.067266
-0.070455
-0.06025
-0.088633
-0.02198
-0.0031647
-0.018153
-0.024851
-0.018472
0.0022568
0.05392
0.0070404
0.02171
0.00066221
0.083898
0.085811
0.026813
0.037018
0.020116
0.059979
0.0089539
-0.037288
-0.025488
0.0003433
-0.032186
-0.014008
-0.012094
-0.018472
-0.017835
-0.021343
-0.005716
0.050412
0.087406
0.01884
0.033191
0.091233
0.0044891
-0.0025269
-0.027402
-0.017516
-0.0025269
-0.015921
0.023943
0.013419
-0.06025
-0.10553
-0.14795
-0.18207
-0.14349
-0.16262
-0.15688
-0.16039
-0.15178
-0.17314
-0.15528
-0.15401
-0.073006
-0.0098618
2.4388e-05
-0.073325
-0.062482
-0.061844
-0.056423
-0.061844
-0.11893
0.019797
-0.00093234
-0.025807
-0.061844
-0.10171
-0.17219
-0.17091
-0.19834
-0.19387
-0.18175
-0.15975
-0.15943
-0.18144
-0.18399
-0.17633
-0.1674
-0.13009
-0.10266
-0.10617
-0.1202
-0.069179
-0.079384
-0.094054
-0.065671
-0.049088
-0.074601
-0.058974
-0.05132
-0.0082673
0.047861
-0.00029452
-0.012094
0.0089539
0.025218
0.020435
0.0076782
0.01884
0.027132
0.01597
0.021391
0.010867
0.0013
0.047542
0.026175
0.10686
0.12121
0.088681
-0.023894
-0.0053971
0.044991
-0.00029452
0.026175
0.066995
0.023305
-0.01911
-0.086081
-0.10266
-0.13424
-0.14317
-0.13137
-0.15592
-0.1741
-0.15879
-0.16836
-0.169
-0.18845
-0.132
-0.090546
-0.11702
-0.14253
-0.051639
-0.039839
-0.06312
-0.070136
-0.015283
-0.015602
0.017246
0.0016189
-0.052915
-0.027083
0.0019378
-0.049407
-0.080022
-0.035694
-0.012413
-0.0098618
-0.047812
-0.050044
-0.075238
-0.025488
-0.038245
-0.076195
-0.081935
-0.068222
-0.037926
-0.083211
-0.055466
-0.02804
-0.069498
-0.042072
-0.034418
-0.030272
-0.065352
-0.097243
-0.092141
-0.077471
-0.12531
-0.056104
-0.046855
-0.072687
-0.048131
-0.066309
-0.073325
-0.04558
-0.11223
-0.074282
-0.032186
-0.017516
-0.029315
-0.049088
-0.074601
-0.026764
0.00066221
-0.02198
-0.025488
-0.002208
0.0076782
0.0025757
-0.043985
-0.03378
-0.12818
-0.034737
0.0032135
-0.035056
-0.03665
-0.050682
-0.06886
-0.076514
-0.086081
-0.07779
-0.074282
-0.052915
-0.055147
-0.089589
-0.019429
0.020435
-0.012094
-0.037926
-0.044942
-0.021343
0.042439
0.019797
0.0019378
0.023943
0.058066
0.046266
0.0025757
-0.029634
-0.021343
-0.026445
-0.036969
-0.0015702
0.0028946
0.0064026
-0.026126
-0.063758
-0.074919
-0.041753
-0.080022
-0.081298
-0.072368
-0.08066
-0.06599
-0.056104
-0.094054
-0.11191
-0.073644
-0.071093
-0.070455
-0.071093
-0.070136
-0.053234
-0.035056
-0.013051
-0.0034836
0.0057648
0.023624
0.049137
0.065082
0.037018
0.045947
0.067314
0.089638
0.080709
0.080071
0.031596
0.046585
0.020754
0.03925
-0.0063538
0.041483
0.013738
0.01884
-0.013689
-0.010819
-0.014645
-0.017197
-0.0098618
-0.067585
-0.034737
-0.005716
-0.03378
-0.019429
0.010548
-0.0073105
-0.049088
-0.057698
-0.053234
-0.067903
-0.072687
-0.042072
-0.047493
-0.04845
-0.04845
-0.030272
-0.050363
-0.034099
-0.029634
-0.056742
-0.01911
-0.0066727
0.019159
0.047223
0.026175
0.0044891
0.03351
0.071141
0.063487
0.02777
0.012143
0.0131
-0.0069916
0.0022568
0.01597
0.02458
0.0032135
0.00066221
-0.022937
-0.040477
-0.044623
-0.027083
-0.038245
-0.025488
-0.016878
-0.026445
-0.013051
0.0060837
0.0041702
-0.01337
-0.0060349
-0.032823
-0.0089051
0.008316
0.019478
0.01597
-0.012094
-0.00093234
0.026813
0.035423
0.085811
0.061255
0.032553
0.071779
0.091233
0.079752
0.031278
0.034467
0.082303
0.11675
0.088362
0.067952
0.069228
0.089957
0.087406
0.054877
0.041483
0.035742
0.035742
0.067314
0.037018
0.046904
0.069547
0.042439
0.014056
0.016608
0.0099106
-0.0047593
-0.017516
-0.00061343
0.012143
0.014375
0.0041702
-0.012732
-0.013051
-0.022618
-0.021343
-0.016559
0.034467
0.031278
0.0067215
-0.014008
0.042439
0.036061
0.011824
-0.011456
-0.0105
-0.0089051
0.033191
0.0095917
-0.026445
-0.03091
-0.017835
-0.021343
-0.031867
-0.027721
-0.03378
-0.0038025
0.0073593
0.0067215
-0.0034836
0.0060837
0.041483
0.0073593
0.037337
0.047542
0.034148
0.050412
0.027132
0.0051269
0.067952
0.079114
0.03064
0.01597
0.040526
0.060298
0.044034
0.0019378
0.0131
0.031278
0.038931
0.043077
0.038612
0.042758
0.042121
0.023943
0.020116
0.021391
0.017246
0.018202
0.0032135
0.017883
0.056153
0.087725
0.089638
0.069228
0.052963
0.061893
0.080071
0.064125
0.059342
0.090276
0.082622
0.069547
0.073055
0.058066
0.034467
0.052326
0.018202
0.008635
0.028088
0.018521
0.011186
0.0032135
0.017564
0.031596
0.01023
-0.0015702
0.0076782
0.014375
0.012781
-0.011775
-0.026126
-0.0047593
0.01884
0.055196
0.055834
0.037337
0.03064
0.02777
0.019159
0.032553
0.03351
0.056471
0.042758
0.028088
0.043077
0.061893
0.03925
-0.0012513
0.013419
0.03064
0.027132
0.02458
0.019478
0.028407
0.015651
0.047223
0.063806
0.046585
0.05679
0.050412
0.03351
0.09506
0.08326
0.089957
0.08613
0.096016
0.086449
0.074649
0.085811
0.042439
0.058066
0.061574
0.060298
0.045947
0.040845
0.034786
0.008316
-0.01911
-0.023575
-0.021024
-0.037607
-0.045899
-0.03378
-0.02198
-0.025488
-0.018791
-0.010181
0.0016189
0.012781
0.020116
0.051369
0.049137
0.053282
0.037018
0.052326
0.043396
0.039888
0.048499
0.095378
0.11706
0.073693
0.083898
0.089
0.079433
0.074968
0.074649
0.087725
0.08613
0.066995
0.045947
0.017883
0.045947
0.079433
0.062531
0.033191
0.049137
0.029364
0.019478
0.035742
0.019159
0.017564
0.0092728
0.012781
0.052645
0.052326
0.029683
0.02777
0.0076782
0.012781
0.013419
-0.014008
-0.010181
0.0073593
-0.016878
-0.037288
-0.0089051
0.00066221
0.011824
0.0067215
-0.0025269
-0.0085862
0.0092728
0.015332
0.015651
0.011824
0.024262
0.023624
0.018521
0.033829
0.018521
0.028407
0.038931
0.012143
0.012462
0.029045
0.050093
0.083579
0.084217
0.053282
0.040207
0.056153
0.042439
0.1059
0.085811
0.035423
0.070822
0.08326
0.090595
0.074012
0.039569
0.017883
0.028407
0.044034
0.035423
0.017883
0.008316
0.0067215
-0.0034836
-0.011775
0.008316
0.0057648
0.016608
0.047861
0.059023
0.036699
0.022029
0.046585
0.034467
0.060617
0.098568
0.080709
0.081984
0.071779
0.064763
0.059661
0.072417
0.073374
0.037018
0.059342
0.038612
0.012143
0.034786
0.07146
0.076882
0.083898
0.13556
0.1362
0.11898
0.098568
0.092189
0.11037
0.073055
0.12057
0.084217
0.022348
0.07433
0.075925
0.048818
0.042439
-0.0018891
-0.033461
-0.069817
-0.061844
-0.073325
-0.057698
-0.051639
-0.065033
-0.084487
-0.069498
-0.048131
-0.058017
-0.060887
-0.052915
-0.04558
-0.052277
-0.038883
-0.04558
-0.036331
-0.013689
0.0131
0.0041702
-0.0044404
0.011824
0.028407
0.030002
0.044034
0.03064
0.024899
0.049455
0.054558
0.066995
0.057428
0.045947
0.052326
0.045629
0.084854
0.077838
0.067314
0.055834
0.052645
0.055515
0.056471
0.055515
0.038612
0.036699
0.045629
0.062531
0.064125
0.09187
0.12025
0.17893
0.16968
0.16522
0.15533
0.12344
0.16076
0.17415
0.13779
0.11228
0.09506
0.12982
0.14768
0.087087
0.084217
0.016289
-0.0047593
-0.0082673
-0.005716
0.021391
0.011505
-0.015921
-0.033461
-0.014008
-0.0015702
0.030959
0.023943
-0.024532
-0.053234
-0.013051
-0.0044404
-0.0069916
-0.021024
-0.043666
-0.014645
0.00066221
-0.036012
-0.061844
-0.078109
-0.053552
-0.00029452
-0.034418
-0.045899
-0.045261
-0.04558
-0.050044
-0.013689
0.042439
0.048499
0.040207
0.023305
0.027132
0.03925
0.06572
0.056153
0.061574
0.064444
0.077201
0.082622
0.040526
0.035104
0.01023
-0.00093234
-0.002208
0.023943
0.0003433
-0.032823
-0.0069916
-0.0012513
0.026813
0.067314
0.064763
0.042439
0.089319
0.10558
0.11547
0.1311
0.12886
0.11228
0.061574
0.10208
0.10622
0.059023
0.08326
0.070503
0.033829
-0.0047593
-0.030591
-0.012094
-0.041753
-0.037288
-0.036331
-0.044623
-0.020067
-0.015283
-0.022618
-0.015921
-0.0095429
0.008316
2.4388e-05
-0.029953
-0.031548
0.008635
0.054558
0.031915
0.015332
-0.009224
-0.0076295
-0.0089051
-0.0066727
0.0032135
0.015013
0.042758
0.050093
0.045947
0.017883
0.036061
0.015651
0.049137
0.062531
0.022029
0.034786
0.043715
0.021391
0.0089539
0.0044891
0.0054459
-0.011456
-0.027083
-0.009224
-0.03378
-0.010819
-0.015602
0.0051269
-0.012732
-0.026445
-0.0031647
0.011186
0.024262
0.030321
0.078157
0.08326
0.059661
0.048499
0.046904
0.035423
0.086449
0.096335
0.094741
0.076563
0.064125
0.054877
0.043077
0.035423
0.029045
0.010867
-0.0069916
0.030959
0.018202
0.0067215
0.023305
0.023305
0.028407
0.05105
0.048818
0.068909
0.078476
0.080071
0.071141
0.074968
0.08039
0.055515
0.040526
0.067314
0.0060837
0.038612
0.008316
-0.014327
-0.019429
-0.005716
-0.032504
-0.023256
-0.011137
0.017246
0.018202
0.020754
0.031915
0.02777
0.078795
0.070185
0.063169
0.076563
0.078795
0.074649
0.031278
0.041483
0.054558
0.053282
0.047542
0.028726
0.0070404
0.0016189
-0.01624
-0.0095429
-0.02517
-0.043985
-0.023256
-0.039202
-0.048131
-0.062482
-0.065033
-0.065033
-0.046536
-0.056423
-0.053552
-0.053234
-0.055785
-0.05132
-0.031548
-0.017835
-0.0031647
-0.00029452
-0.011775
2.4388e-05
0.0041702
0.023624
0.032553
0.022348
0.023305
0.030959
0.043715
0.066039
0.069547
0.066995
0.064763
0.097611
0.078157
0.070503
0.090914
0.074968
0.089319
0.067952
0.087725
0.086449
0.061574
0.047223
0.06285
0.061255
0.05679
0.063806
0.059342
0.041483
0.034148
0.060617
0.039888
0.035104
0.031278
0.039569
0.051688
0.077838
0.07146
0.047542
0.10782
0.12249
0.10973
0.097611
0.082622
0.10622
0.11419
0.10239
0.083898
0.074012
0.075606
0.041483
0.028088
0.016608
-0.017516
-0.058655
-0.0864
-0.079065
-0.083849
-0.088314
-0.091503
-0.11
-0.10809
-0.09533
-0.081298
-0.087357
-0.096605
-0.083211
-0.058974
-0.062482
-0.058974
-0.057698
-0.061206
-0.052915
-0.034099
-0.017197
-0.022618
-0.032504
-0.018153
-0.012094
-0.0073105
0.020435
0.010548
0.017246
0.016289
0.030002
0.064125
0.084217
0.077838
0.054239
0.08613
0.10782
0.11069
0.11292
0.11579
0.11101
0.097292
0.085492
0.11675
0.088362
0.057747
0.05105
0.038931
0.0089539
-0.016878
-0.012094
-0.033142
-0.032186
-0.031229
-0.012094
0.021072
0.050412
0.020116
0.033191
0.10558
0.069866
0.06572
0.093465
0.14353
0.13301
0.1193
0.11993
0.10686
0.066358
0.066358
0.10463
0.050731
0.020754
0.0060837
-0.015602
-0.028996
-0.053871
-0.067266
-0.070136
-0.085125
-0.08927
-0.087357
-0.082892
-0.08927
-0.11478
-0.093416
-0.0864
-0.076195
-0.061206
-0.059612
-0.051958
-0.033142
-0.0098618
2.4388e-05
-0.00093234
-0.0044404
-0.002208
0.0019378
0.012143
0.010548
0.008635
0.0038513
0.019797
0.011505
-0.0073105
-0.01337
0.0032135
0.0028946
0.0067215
0.0019378
-0.0015702
-0.00093234
-0.0085862
0.0067215
0.013419
0.012462
0.017564
0.022667
0.02171
0.025856
0.050731
0.059023
0.049137
0.08039
0.080071
0.066358
0.10813
0.15151
0.11962
0.10654
0.14066
0.16299
0.14194
0.10845
0.094103
0.12918
0.12823
0.10973
0.11037
0.064444
0.084217
0.073374
0.048499
0.03064
-0.0015702
-0.0018891
-0.00029452
-0.017516
-0.048131
-0.029634
-0.074282
-0.10968
-0.065671
-0.069817
-0.067585
-0.096286
-0.095968
-0.080341
-0.076195
-0.075238
-0.078746
-0.070136
-0.050363
-0.043666
-0.057379
-0.050363
-0.026764
-0.016878
-0.024851
0.0067215
0.038931
0.031278
0.021072
0.035742
0.030959
0.024899
0.061255
0.049455
0.035742
0.025537
0.041164
0.033829
0.038294
0.040845
0.0070404
0.026813
0.041802
0.05392
0.055834
0.044353
0.045947
0.039569
0.094741
0.10271
0.096016
0.072736
0.070503
0.072736
0.086768
0.05105
0.0051269
0.0073593
0.01023
0.043077
0.03064
0.01023
-0.021024
-0.037607
-0.037288
-0.0069916
0.0038513
0.021391
0.0025757
-0.0098618
-0.0098618
-0.0085862
-0.03378
-0.015283
0.0070404
0.010867
-0.00029452
-0.035375
-0.0069916
-0.010181
-0.02198
-0.0066727
-0.013689
-0.015602
-0.0047593
-0.0069916
0.0044891
-0.021343
0.008316
0.031596
-0.011137
0.024899
0.036699
0.087406
0.089
0.075606
0.071779
0.069866
0.089319
0.063487
0.04818
0.052963
0.051369
0.017564
0.017564
-0.0089051
-0.024851
-0.044942
-0.072687
-0.081617
-0.084806
-0.097562
-0.12212
-0.12403
-0.094054
-0.039202
-0.062163
-0.067266
-0.047812
-0.046536
-0.028996
-0.014327
-0.0060349
-0.0053971
-0.0031647
0.016927
0.022348
0.046266
0.063487
0.048818
0.054877
0.046585
0.051369
0.045629
0.041483
0.05679
0.060936
0.068271
0.10973
0.047542
0.016289
0.045629
0.080071
0.076563
0.050093
0.034786
0.028726
0.0095917
0.008635
0.025856
0.0057648
-0.020705
-0.0031647
-0.028678
-0.055785
-0.062801
-0.08066
-0.077152
-0.066947
-0.065033
-0.07779
-0.075238
-0.069498
-0.065671
-0.073006
-0.054828
-0.049407
-0.05419
-0.054828
-0.043028
-0.03091
-0.040158
-0.032504
-0.033142
-0.038883
-0.02804
-0.017197
-0.023256
-0.028996
-0.031229
-0.023256
0.013738
0.020116
-0.0089051
0.0044891
-0.002208
-0.0028458
0.0099106
0.025218
0.020116
-0.0069916
-0.0050782
0.020435
0.048499
0.03351
0.036699
0.031278
0.013738
0.022986
0.02458
0.027451
0.029683
0.04531
0.0051269
-0.01337
-0.019429
-0.014964
-0.038564
0.0131
0.0051269
-0.0079484
-0.040477
-0.046855
-0.046855
-0.041115
-0.0028458
-0.014008
0.03064
0.041483
0.0032135
0.026494
0.040207
0.024899
0.026813
0.057428
0.035742
0.031915
0.034148
0.0099106
0.020754
-0.017516
-0.02517
-0.029634
-0.047493
-0.052277
-0.071411
-0.080022
-0.074919
-0.087357
-0.064077
-0.098838
-0.08927
-0.03378
-0.024851
-0.028359
-0.031548
-0.02198
-0.020705
0.0073593
-0.0034836
-0.010819
-0.0050782
0.0064026
-0.033142
-0.064395
-0.037926
-0.052915
-0.066628
-0.068541
-0.062163
-0.066628
-0.080022
-0.086081
-0.082892
-0.074919
-0.056104
-0.063439
-0.065671
-0.041434
-0.045261
-0.045899
-0.025488
-0.028359
-0.04845
-0.035694
-0.042391
-0.042391
-0.041434
-0.03665
-0.014964
-0.035694
-0.010819
0.016289
-0.024213
-0.047812
-0.023256
-0.0069916
0.055196
0.064763
0.049137
0.028407
0.042121
0.056153
0.044353
0.070503
0.066677
0.043396
0.038294
0.040526
0.014056
-0.020386
-0.0079484
0.022986
-0.00093234
-0.027721
-0.0073105
-0.023575
-0.024213
0.021391
0.028088
0.025537
0.015651
0.028407
0.033829
0.026175
0.060936
0.027132
0.027132
0.06285
0.041164
-0.0063538
-0.058336
-0.096286
-0.081935
-0.042391
-0.053871
-0.054509
-0.077152
-0.075557
-0.094054
-0.088633
-0.092778
-0.0864
-0.076514
-0.078746
-0.088633
-0.070455
-0.034099
-0.049407
-0.078746
-0.084487
-0.094054
-0.063439
-0.044304
-0.056104
-0.095011
-0.070455
-0.062801
-0.06599
-0.073644
-0.060569
-0.065352
-0.066628
-0.06025
-0.054509
-0.065033
-0.06886
-0.071411
-0.062482
-0.04558
-0.035375
-0.023575
-0.033142
-0.024532
0.0054459
0.018202
0.028726
-0.00029452
0.016289
0.0057648
0.038931
0.044672
0.087406
0.11005
0.09187
0.10335
0.076244
0.057109
0.054877
0.058704
0.075925
0.088362
0.091552
0.082622
0.061574
0.037975
-0.0085862
0.019478
0.035742
0.017564
-0.031548
-0.00029452
0.012462
0.015013
-0.0079484
0.0032135
0.0035324
-0.0076295
0.028407
-0.029634
-0.050044
-0.043985
-0.027083
-0.059931
-0.069498
-0.066309
-0.097881
-0.13041
-0.093097
-0.069817
-0.087676
-0.087676
-0.096286
-0.093735
-0.0864
-0.06599
-0.051958
-0.056423
-0.051639
-0.021661
-0.03665
-0.028996
-0.035375
-0.052915
-0.059293
-0.058655
-0.049088
-0.056104
-0.047493
-0.028359
-0.053871
-0.045261
-0.032504
-0.032186
-0.036331
-0.036969
-0.020067
-0.016878
-0.002208
0.0076782
0.0025757
0.020435
0.033829
0.042121
0.03925
0.046266
0.040845
0.035423
0.056153
0.037975
0.037337
0.052007
0.032553
0.026494
-0.0031647
0.0032135
0.019797
0.01023
-0.012094
-0.012732
-0.020067
-0.0025269
0.00098112
0.0092728
0.020435
0.03064
0.008635
-0.00029452
0.012462
0.0057648
0.029045
0.035742
0.045947
-0.0073105
0.058385
0.04818
0.031596
0.05392
0.045947
0.022348
0.04531
0.065401
0.040845
0.066039
0.054239
0.047223
0.026494
0.032872
0.02458
-0.025488
-0.024532
-0.0038025
-0.026764
-0.056742
-0.038245
-0.023575
-0.052915
-0.085125
-0.053234
-0.062482
-0.075876
-0.063758
-0.080022
-0.067585
-0.069817
-0.063758
-0.060569
-0.057698
-0.048131
-0.048769
-0.023575
-0.035694
-0.039202
-0.043028
-0.024213
-0.015602
-0.018472
-0.026126
-0.026445
-0.00061343
0.0013
0.008635
0.024899
-0.014645
-0.00029452
0.0095917
0.018202
0.017246
0.018521
0.034467
0.024262
0.037337
0.03925
0.0028946
-0.00093234
0.01023
-0.012094
-0.020705
-0.017835
-0.038245
-0.046855
-0.03665
-0.018472
-0.022618
-0.022937
-0.012732
-0.020067
-0.014645
0.01023
0.012143
0.020116
0.0044891
0.018202
0.030959
0.042121
0.044034
0.016608
0.020754
0.038294
0.038612
0.017564
0.031915
0.055196
0.037337
0.028088
0.063806
0.052963
0.03351
0.041164
0.050093
0.043396
0.059661
0.032553
0.012462
0.032553
0.017246
0.023305
0.023624
-0.0041214
0.0041702
-0.014645
-0.0066727
-0.029953
-0.019748
-0.02198
-0.0098618
-0.013689
-0.028359
-0.028678
-0.025488
-0.046855
-0.03091
-0.00061343
-0.0085862
0.0057648
-0.0079484
0.01023
0.022029
0.037656
0.012143
0.0041702
-0.0089051
-0.014964
0.020435
0.022029
0.014056
-0.005716
-0.015602
-0.022937
-0.022937
-0.034737
-0.044304
-0.03665
-0.022937
-0.0089051
-0.016878
-0.027721
-0.050044
-0.04558
-0.03665
-0.026126
-0.017197
-0.02517
-0.032186
-0.011456
-0.015283
-0.010819
-0.0066727
-0.0089051
0.0025757
-0.00093234
0.014056
0.0038513
0.0064026
0.016289
0.018521
0.011824
0.014375
0.020116
0.010867
0.008635
0.013738
0.025537
0.016608
0.045947
0.037975
0.022667
0.017883
0.043715
0.045629
0.042758
0.046904
0.022986
0.01884
0.035742
0.020435
-0.015283
0.0019378
0.026175
0.019159
0.01023
-0.0025269
0.008316
-0.0044404
0.011186
0.011505
0.0003433
0.0035324
-0.010819
-0.03378
-0.013689
-0.01624
-0.01337
-0.043028
-0.013689
-0.032186
-0.038883
-0.042391
-0.029953
-0.017516
-0.022937
-0.0089051
-0.02198
-0.013051
0.0054459
-0.017516
-0.012094
-0.010819
0.0057648
-0.0041214
-0.015602
-0.030591
-0.036331
-0.032186
-0.033461
-0.035694
-0.044304
-0.049088
-0.035694
-0.041434
-0.054509
-0.056742
-0.058655
-0.044304
-0.043985
-0.046218
-0.043985
-0.038883
-0.034737
-0.024532
-0.026126
-0.023575
-0.021343
-0.01337
0.0013
0.0060837
-0.0025269
-0.0012513
0.0041702
0.008635
0.010548
0.02171
0.01597
0.0041702
0.035423
0.079433
0.069547
0.082622
0.075925
0.059342
0.061574
0.10813
0.091552
0.090276
0.10877
0.10495
0.069547
0.077201
0.080709
0.0032135
0.01884
0.034467
0.029045
0.0064026
-0.002208
-0.01624
-0.037288
-0.035375
-0.025488
-0.042391
-0.050044
-0.054509
-0.052277
-0.038883
-0.024851
-0.040796
-0.075557
-0.060887
-0.047493
-0.032823
-0.043347
-0.043028
-0.046855
-0.053234
-0.022618
-0.03665
-0.060887
-0.056742
-0.043985
-0.051958
-0.055785
-0.051639
-0.058017
-0.062482
-0.046855
-0.043028
-0.048769
-0.050682
-0.055466
-0.051958
-0.029953
-0.018791
-0.020067
-0.0098618
-0.02198
-0.037288
-0.024213
-0.020386
-0.018153
-0.016878
-0.0028458
-0.0066727
-0.0044404
-0.011137
-0.014964
-0.02198
-0.011456
0.0025757
-0.0018891
-0.016878
-0.014327
-0.0012513
0.016289
0.018202
0.013419
0.016289
0.015651
0.028726
0.040526
0.054239
0.060936
0.072736
0.065082
0.058385
0.054877
0.062531
0.069866
0.03925
0.040845
0.044034
0.032234
0.010867
-0.0082673
-0.023575
-0.023894
-0.028359
-0.028359
-0.024851
-0.032504
-0.048131
-0.046218
-0.042391
-0.04558
-0.043985
-0.035056
-0.026445
-0.015283
-0.0098618
-0.0031647
-0.023894
-0.0044404
-0.0105
-0.020705
-0.012094
-0.0047593
-0.0073105
0.0019378
-0.00061343
-0.0041214
-0.026126
-0.037607
-0.032823
-0.034099
-0.02517
-0.021024
-0.041434
-0.055147
-0.032504
-0.032823
-0.020386
-0.01911
-0.0098618
-0.0066727
0.0076782
0.02777
-0.0098618
-0.032504
-0.014964
-0.0082673
-0.019429
-0.014327
-0.0063538
-0.031867
-0.025807
-0.0069916
-0.011456
-0.017516
-0.018791
-0.03091
-0.021343
-0.032186
0.020754
0.030002
0.019159
0.024899
0.038612
0.039888
0.024262
0.027132
0.011505
0.029683
0.03064
0.028407
0.028726
0.027132
0.025218
0.0073593
0.0095917
-0.0031647
-0.022299
-0.035375
-0.029634
-0.022618
-0.031548
-0.039839
-0.044623
-0.065352
-0.043985
-0.04845
-0.053234
-0.053552
-0.049407
-0.046218
-0.035056
-0.043028
-0.045899
-0.042391
-0.033461
-0.033142
-0.033461
-0.031229
-0.03091
-0.032504
-0.041753
-0.03091
-0.026445
-0.029953
-0.024532
-0.026126
-0.024213
-0.021024
-0.0050782
-0.016878
-0.027083
-0.027721
-0.021343
-0.019748
-0.021343
-0.022937
-0.035375
-0.02198
-0.017835
-0.0095429
-0.0066727
-0.022937
-0.03091
-0.027402
-0.0044404
0.0099106
0.0070404
0.0028946
0.019797
0.015651
0.031915
0.041164
0.044034
0.016608
0.0064026
0.030959
0.041164
0.032234
0.023305
0.019478
0.021391
0.058704
0.044672
0.015013
0.0013
0.017883
0.025218
0.020754
0.027132
0.0131
0.013738
0.028407
0.018521
0.0028946
0.034786
0.028407
-0.005716
-0.036969
-0.018153
-0.047174
-0.061844
-0.04558
-0.056104
-0.067903
-0.084487
-0.078109
-0.09246
-0.09533
-0.085443
-0.078746
-0.080979
-0.06599
-0.059612
-0.053552
-0.032823
-0.02804
-0.024851
-0.031548
-0.021343
-0.017835
-0.014008
-0.0085862
-0.015921
-0.022618
0.0038513
0.0057648
-0.0073105
-0.015283
-0.0076295
-0.0053971
-0.0044404
0.0089539
-0.00061343
-0.010819
-0.0085862
-0.0038025
-0.0050782
-0.0050782
-0.0079484
-0.015283
-0.017516
-0.0082673
-0.00029452
-0.0073105
-0.020386
-0.018472
-0.010181
-0.0079484
0.0032135
-0.0076295
-0.018472
-0.017835
-0.014645
-0.012094
-0.013051
-0.010181
-0.026126
-0.013689
-0.015921
0.0044891
0.0038513
0.01023
0.016608
0.01884
0.05105
0.060936
0.037656
0.034467
0.035423
0.023624
0.022986
0.042439
0.02777
0.0035324
0.022348
0.022348
0.0073593
-0.018153
-0.017835
-0.01911
-0.036331
-0.035694
-0.016559
-0.0066727
-0.021661
-0.03378
-0.036331
-0.029634
-0.031867
-0.037607
-0.03665
-0.036331
-0.034099
-0.030272
-0.021343
-0.025807
-0.031867
-0.032186
-0.012413
-0.022299
-0.032186
-0.019748
-0.018153
-0.017197
-0.01624
-0.017516
-0.031548
-0.017835
-0.017835
-0.01911
-0.018472
-0.010819
-0.016559
-0.018472
-0.012732
-0.0079484
-0.014008
-0.021024
-0.01911
-0.012413
-0.012094
-0.0063538
-0.014964
-0.03665
-0.026764
-0.0079484
-0.0085862
-0.0105
-0.014327
-0.015283
-0.012413
-0.00029452
-0.011775
-0.011137
-0.012094
-0.0095429
-0.0073105
-0.0105
-0.012732
-0.021661
-0.0098618
-0.0018891
-0.0015702
-0.0028458
-0.0063538
-0.0069916
-0.0012513
0.016608
0.019478
0.012781
0.0032135
0.012462
0.01597
0.018202
0.034148
0.032553
2.4388e-05
0.004808
-0.0050782
0.019478
0.024899
0.018202
0.016927
0.01597
0.011824
0.015332
0.0067215
-0.010181
-0.012094
-0.0076295
-0.0018891
-0.0015702
-0.017835
-0.034099
-0.017516
-0.011775
-0.017835
-0.018791
-0.0053971
-0.012732
-0.0089051
0.017883
0.0041702
0.0079971
0.0041702
0.0057648
0.0095917
-0.00029452
0.0060837
-0.0025269
-0.002208
-0.0015702
0.0041702
-0.014645
-0.02198
-0.018472
-0.012732
-0.0095429
-0.0053971
-0.019429
-0.029315
-0.022618
-0.022299
-0.021343
-0.016559
-0.015921
-0.023894
-0.013689
-0.014964
-0.021024
-0.020705
-0.018791
-0.0098618
-0.012094
-0.0073105
-0.0047593
-0.0063538
-0.0085862
-0.0034836
-0.0031647
-0.0034836
-0.0034836
-0.0085862
-0.016559
-0.0015702
0.008316
0.0035324
-0.0041214
-0.009224
-0.005716
0.0019378
0.012781
-0.0047593
-0.0066727
-0.0063538
0.0022568
0.0028946
2.4388e-05
0.00066221
-0.0025269
0.011505
0.015332
0.017883
0.017246
0.028726
0.03925
0.02777
0.031278
0.04531
0.035104
0.022348
0.031915
0.032872
0.027451
0.021072
0.010548
-0.014327
-0.0031647
-0.0015702
-0.0018891
-0.0105
-0.005716
0.0028946
-0.016559
-0.014327
-0.0105
-0.0041214
-0.005716
-0.0038025
-0.010181
-0.0089051
0.0064026
0.00066221
-0.012413
-0.014008
-0.0012513
-0.0018891
0.0054459
0.004808
-0.0025269
-0.0018891
0.01023
-0.0031647
-0.0063538
-0.0079484
-0.0098618
-0.0089051
-0.013689
-0.015921
-0.028678
-0.018791
-0.011775
-0.011137
-0.018153
-0.020067
-0.015921
-0.012094
-0.0060349
0.0060837
-0.0012513
-0.0063538
-0.0015702
0.0025757
-0.0015702
0.00098112
0.0025757
-0.009224
0.0095917
0.012781
0.0070404
2.4388e-05
-0.009224
-0.0069916
-0.0076295
0.0019378
-0.0041214
-0.0085862
-0.012094
-0.0060349
-0.0066727
-0.012094
-0.0095429
-0.014964
-0.024532
-0.013051
0.0025757
2.4388e-05
2.4388e-05
0.0089539
0.0067215
0.014694
0.025856
0.0067215
0.0041702
0.012143
0.0131
0.01023
0.0057648
0.0028946
-0.0073105
0.00066221
0.0032135
0.0044891
-0.0034836
-0.002208
-0.0012513
-0.0015702
0.0044891
0.015332
0.004808
-0.0044404
0.0016189
0.0092728
0.010867
0.0092728
0.0022568
-0.010819
0.0035324
0.0067215
0.0079971
0.0054459
0.0038513
0.0032135
0.0035324
0.027451
0.015651
0.0092728
0.0016189
0.0064026
0.0095917
0.0099106
0.0092728
0.0022568
-0.0047593
0.0038513
0.0092728
-0.002208
-0.012732
0.0025757
0.018202
0.0131
0.024262
0.0070404
0.0022568
0.0028946
0.016289
0.040526
0.038612
0.025856
0.010548
0.015013
0.026175
0.030002
0.031596
0.030002
0.015651
0.019159
0.014056
0.02777
0.018202
-0.0079484
-0.0041214
-0.0028458
0.00066221
0.0060837
-0.0038025
-0.023575
-0.012732
-0.016559
-0.011137
-0.017835
-0.017516
-0.020067
-0.030272
-0.021343
-0.024851
-0.024213
-0.027402
-0.028359
-0.028359
-0.032823
-0.030591
-0.039202
-0.038883
-0.02804
-0.020705
-0.025488
-0.020386
-0.018472
-0.017197
-0.014645
0.00066221
-0.010819
-0.017197
-0.011775
-0.0069916
-0.0082673
-0.009224
-0.0095429
-0.020067
-0.0073105
-0.0073105
-0.0028458
-0.0089051
-0.009224
-0.0063538
-0.0060349
0.0051269
0.0092728
0.0003433
-0.0053971
0.0044891
0.008316
0.0051269
0.0057648
0.0025757
-0.0079484
0.0076782
0.012781
0.0099106
0.0073593
0.0060837
0.008635
0.0067215
0.029045
0.015332
0.01023
0.008316
0.013419
0.008635
0.0089539
0.0076782
0.00098112
-0.010181
-0.0034836
0.0099106
2.4388e-05
-0.002208
-0.00029452
-0.0031647
-0.00029452
0.0131
0.0016189
-0.00061343
0.0057648
0.0013
0.0013
0.0022568
0.00098112
-0.012413
2.4388e-05
0.0060837
0.012462
-0.0041214
-0.013051
-0.0069916
-0.0098618
-0.002208
-0.005716
-0.011775
-0.016878
-0.012413
-0.010181
-0.011456
-0.012094
-0.018153
-0.028996
-0.013051
-0.0047593
-0.0105
-0.014964
-0.013051
-0.012094
-0.0085862
0.0089539
-0.0038025
-0.011456
-0.0076295
-0.0015702
0.0051269
-0.00029452
-0.0053971
-0.0073105
-0.0038025
0.00098112
0.011824
0.0054459
0.004808
0.0076782
0.0057648
0.0051269
0.02171
0.0095917
0.0051269
0.0038513
-0.0028458
-0.00093234
0.0003433
-0.0063538
-0.016878
-0.0047593
-0.0076295
-0.0066727
-0.0105
0.0019378
0.0131
0.011824
0.017246
0.020435
0.01884
0.018202
0.024899
0.029683
0.030321
0.023943
0.016608
0.0073593
0.028726
0.046585
0.016927
0.019797
0.023943
0.0131
0.008635
0.016289
0.0028946
0.0003433
0.0057648
0.0041702
0.0054459
-0.0053971
-0.010819
-0.020386
-0.023894
-0.024851
-0.016559
-0.014645
-0.019748
-0.019429
-0.023575
-0.02198
-0.005716
-0.018791
-0.026126
-0.022299
-0.022937
-0.02198
-0.01624
-0.019748
-0.036012
-0.020705
-0.020705
-0.026126
-0.026126
-0.026126
-0.020067
-0.020705
-0.012094
-0.012094
-0.016878
-0.022618
-0.01337
-0.011456
-0.010819
-0.012732
-0.027083
-0.032504
-0.018153
-0.012732
-0.011456
-0.0047593
-0.0105
-0.012094
-0.0063538
0.0051269
0.0028946
-0.0012513
-0.0066727
-0.002208
0.00098112
0.0028946
0.0016189
-0.005716
0.0028946
0.0022568
0.0076782
-0.0018891
-0.00029452
0.0064026
0.016289
0.016608
0.028726
0.017883
0.012143
0.015332
0.015013
0.020435
0.02171
0.015651
0.0095917
0.018202
0.025218
0.027451
0.020754
0.012143
0.022986
0.018202
0.025537
0.030959
0.023624
0.026494
0.037018
0.030959
0.035104
0.03925
0.032553
0.022348
0.042758
0.059342
0.043077
0.03638
0.030959
0.033191
0.031596
0.030959
0.013419
0.0013
-0.0079484
-0.013051
-0.017516
-0.024532
-0.044304
-0.061206
-0.061525
-0.057698
-0.056742
-0.064395
-0.065033
-0.062482
-0.06025
-0.053234
-0.037607
-0.044942
-0.049407
-0.041434
-0.045899
-0.037288
-0.032186
-0.034418
-0.044304
-0.029953
-0.026126
-0.025488
-0.022937
-0.024851
-0.021343
-0.019748
-0.0073105
-0.012413
-0.013051
-0.01337
-0.0079484
-0.0079484
-0.0095429
-0.011456
-0.015283
-0.020067
-0.0044404
0.0016189
-0.0085862
-0.0060349
-0.0041214
-0.00061343
0.00066221
0.012143
2.4388e-05
0.0032135
0.011186
0.010548
0.0079971
0.0044891
0.0003433
-0.005716
0.013419
0.022348
0.034467
0.028088
0.016289
0.025856
0.03064
0.037018
0.03925
0.02458
0.026494
0.03351
0.023305
0.022986
0.027451
0.011505
-0.0076295
-0.0041214
-0.0082673
-0.0066727
-0.0095429
-0.013689
-0.012413
-0.012732
-0.0085862
-0.015921
-0.012413
-0.02198
-0.015602
-0.011775
-0.011775
-0.0069916
-0.01337
-0.01911
-0.0098618
-0.00093234
-0.0066727
-0.0018891
0.0022568
-0.00029452
2.4388e-05
0.013738
0.0025757
-0.002208
0.004808
0.0051269
0.0099106
0.025218
0.018202
0.00066221
0.014375
0.018202
0.019159
0.017883
0.01597
0.020116
0.022348
0.025218
0.02777
0.0076782
-0.00093234
0.0003433
-0.0038025
-0.0069916
-0.009224
-0.017516
-0.035694
-0.023894
-0.019748
-0.024851
-0.026764
-0.027721
-0.026126
-0.023256
-0.012094
-0.017516
-0.020067
-0.023894
-0.01911
-0.015283
-0.01624
-0.017197
-0.022618
-0.02517
-0.010819
0.0054459
-0.0044404
-0.002208
0.010548
0.017883
0.025856
0.037975
0.027451
0.028726
0.03351
0.038931
0.035423
0.031278
0.040845
0.035104
0.037337
0.021072
0.024899
0.014375
0.0079971
0.0051269
0.0067215
0.0051269
0.0089539
-0.0060349
-0.01624
-0.015921
-0.020386
-0.023894
-0.017197
-0.01911
-0.024213
-0.017197
-0.010181
-0.0044404
-0.0063538
-0.015283
-0.013689
-0.010181
0.0032135
0.0003433
-0.002208
-0.0076295
0.0032135
-0.005716
-0.017197
-0.013689
-0.021661
-0.025807
-0.012094
-0.0041214
-0.0025269
-0.0050782
-0.0047593
-0.00061343
0.0035324
0.023624
0.0131
0.0038513
0.0022568
0.0019378
0.0016189
0.0099106
0.0054459
-0.012732
-0.0047593
-0.0105
-0.014645
-0.01911
-0.023894
-0.017516
-0.022937
-0.018791
-0.014964
-0.021343
-0.026126
-0.022618
-0.02517
-0.020705
-0.018791
-0.024532
-0.039202
-0.023256
-0.014327
-0.01911
-0.01911
-0.018153
-0.01624
-0.014964
-0.0018891
-0.010819
-0.0095429
-0.0089051
-0.0066727
-0.0060349
-0.0053971
-0.0047593
-0.015602
-0.01624
-0.0028458
0.0060837
0.00066221
0.0003433
0.0044891
-0.0015702
0.0025757
0.019478
0.0073593
0.0003433
0.0064026
0.0057648
0.004808
-0.002208
-0.00093234
-0.0085862
0.0044891
0.011824
0.011505
0.0013
0.012143
0.017883
0.013419
0.019797
0.02458
0.021072
0.014056
0.013738
0.020116
0.024899
0.026813
0.013419
-0.0044404
0.017883
0.03638
0.021391
0.013738
0.015332
0.015013
0.015013
0.028407
0.01597
0.010548
0.0070404
0.0092728
0.0054459
-0.0018891
-0.011456
-0.028359
-0.039202
-0.035375
-0.024851
-0.040477
-0.048131
-0.046218
-0.050363
-0.041115
-0.026764
-0.038883
-0.04845
-0.03665
-0.034099
-0.031548
-0.024532
-0.02517
-0.031229
-0.012094
-0.013689
-0.015921
-0.0089051
-0.015921
-0.022299
-0.0018891
0.011824
-0.00093234
-0.009224
-0.014645
-0.009224
-0.0076295
-0.010819
-0.015283
-0.021024
-0.032504
-0.012094
0.0032135
-0.0076295
-0.015921
-0.017835
-0.017197
-0.013689
0.0003433
-0.012413
-0.018791
-0.010819
-0.0069916
-0.0050782
-0.009224
-0.0063538
-0.029315
-0.01911
-0.0085862
0.0003433
-0.0050782
-0.005716
-0.0041214
-0.0031647
-0.0025269
0.0060837
-0.0050782
-0.011775
-0.0031647
0.0054459
0.015013
0.014375
0.0099106
-0.0041214
0.011186
0.018202
0.010548
0.0079971
0.019478
0.020754
0.022348
0.021391
0.011824
0.0089539
0.0079971
0.0073593
0.0067215
0.01023
0.0051269
0.012781
-0.010181
0.0032135
0.016289
0.011505
0.013419
0.025537
0.016608
0.017564
0.041802
0.027451
0.0099106
0.0025757
-0.00061343
-0.0031647
-0.012413
-0.0098618
-0.020705
-0.016878
-0.028359
-0.034099
-0.022299
-0.029953
-0.035694
-0.031548
-0.022937
-0.0089051
-0.017835
-0.037288
-0.03378
-0.033142
-0.029634
-0.031548
-0.039839
-0.055466
-0.047493
-0.040796
-0.038883
-0.031867
-0.039202
-0.038564
-0.034418
-0.017197
-0.018791
-0.020386
-0.012094
0.0003433
0.0051269
0.0067215
0.010867
0.0019378
-0.0015702
0.0092728
0.01597
0.010867
0.011505
0.0089539
0.020754
0.023624
0.034148
0.023305
0.026813
0.023624
0.025856
0.029364
0.03351
0.035104
0.021072
0.014375
0.019478
0.008635
-0.013689
-0.0098618
0.0073593
-0.005716
-0.010181
-0.005716
-0.031229
-0.031229
-0.032504
-0.048769
-0.043347
-0.029634
-0.028996
-0.02198
0.014056
0.030002
0.05105
0.026494
0.022667
0.032234
0.052645
0.079114
0.075925
0.07146
0.077838
0.060936
0.063806
0.059023
0.04531
0.013419
-0.012413
0.0054459
0.028407
0.0060837
-0.017516
-0.014645
-0.024213
-0.029315
0.0044891
-0.0082673
-0.021024
-0.019429
-0.012413
0.0079971
0.014694
0.0019378
-0.024213
-0.010819
0.0003433
-0.00029452
0.0022568
-0.0041214
-0.021661
-0.014964
0.0003433
-0.0031647
-0.026445
-0.028678
-0.01911
-0.020386
-0.01337
-0.017516
-0.021024
-0.032504
-0.015921
-0.012413
-0.017197
-0.012413
-0.0079484
0.0032135
0.0057648
0.019159
0.0051269
0.0038513
0.014375
0.021391
0.022348
0.040207
0.050412
0.046266
0.037018
0.034148
0.041483
0.044034
0.046266
0.051688
0.054239
0.050412
0.05679
0.055196
0.038612
0.030959
0.01023
0.02777
0.017246
0.011824
-0.014964
0.00066221
-0.0085862
-0.021661
-0.032823
-0.03665
-0.036012
-0.022937
-0.024851
-0.017516
-0.041115
-0.066628
-0.049726
-0.047493
-0.043666
-0.038245
-0.051958
-0.058974
-0.029953
-0.035375
-0.023575
-0.022299
-0.020067
-0.0028458
-0.0089051
0.010548
0.014694
0.0035324
0.008316
0.023624
0.028088
0.031915
0.039569
0.031915
0.008316
0.01884
0.024262
0.0073593
-0.0069916
-0.005716
0.010548
0.0060837
0.017564
0.017246
0.00098112
-0.00061343
-0.0015702
-0.0041214
-0.0069916
0.00066221
0.0076782
0.0060837
-0.0076295
-0.010181
0.0035324
0.0038513
-0.014008
-0.0038025
-0.0047593
-0.015283
-0.013051
-0.033461
-0.0044404
-0.012094
-0.034418
-0.034418
-0.058017
-0.061206
-0.033142
-0.024532
-0.040158
-0.04558
-0.046855
-0.057379
-0.053234
-0.051001
-0.056423
-0.048131
-0.050044
-0.05132
-0.053234
-0.043666
-0.046855
-0.036969
-0.028678
-0.022618
-0.010819
-0.021024
-0.039202
-0.027721
-0.020705
0.018202
0.042121
0.03064
0.027451
0.030321
0.031278
0.013738
0.0070404
0.039569
0.047542
0.031596
0.035423
0.054877
0.04818
0.022667
0.0064026
0.0057648
0.01597
0.021391
0.030321
0.0131
0.0019378
-0.00061343
-0.01624
-0.018791
-0.035375
-0.079065
-0.053552
-0.035375
-0.037288
-0.050682
-0.049088
-0.04558
-0.050363
-0.034418
-0.058336
-0.088952
-0.048131
-0.032186
-0.062163
-0.064714
-0.03665
-0.065352
-0.074282
-0.036331
-0.026445
-0.055466
-0.047812
-0.087676
-0.090865
-0.036331
-0.025807
-0.074282
-0.061206
-0.066947
-0.071411
-0.055466
-0.038564
-0.055466
-0.064077
-0.062163
-0.055466
-0.051639
-0.066309
-0.057061
-0.041115
-0.03952
-0.029953
-0.04271
-0.051958
-0.046218
-0.040796
-0.0066727
-0.0028458
-0.012732
-0.022299
-0.032823
-0.012413
0.0016189
0.011186
0.016608
0.0016189
-0.0041214
0.015651
0.029045
0.0095917
0.0019378
0.014375
0.020435
0.00066221
0.00066221
0.0095917
-0.024851
-0.013051
-0.0015702
0.019797
0.0095917
0.020116
0.035104
0.0057648
-0.005716
0.0054459
-0.020386
-0.032823
-0.031548
-0.053234
-0.028359
-0.034099
-0.055147
-0.091822
-0.088314
-0.098838
-0.090227
-0.096286
-0.11064
-0.10553
-0.094692
-0.10043
-0.10617
-0.096605
-0.075876
-0.079065
-0.080979
-0.078109
-0.076514
-0.080341
-0.1049
-0.080022
-0.060887
-0.066309
-0.067585
-0.072049
-0.069498
-0.051958
-0.050682
-0.046855
-0.042072
-0.04271
-0.034737
-0.032823
-0.027721
-0.0073105
-0.0073105
0.017883
0.013419
0.042758
0.05679
0.041483
0.022029
0.03925
0.049137
0.07146
0.057428
0.047223
0.041483
0.028726
0.044353
0.022986
-0.024213
-0.031229
-0.015283
-0.009224
0.00066221
-0.020705
-0.041753
-0.044623
-0.053871
-0.026126
-0.049726
-0.058336
-0.067585
-0.073963
-0.076833
-0.049726
-0.057379
-0.08353
-0.10235
-0.093416
-0.061206
-0.060887
-0.069498
-0.0864
-0.081617
-0.06599
-0.036969
-0.062482
-0.059612
-0.035375
-0.043347
-0.046218
-0.056742
-0.039202
-0.034737
-0.038564
-0.04558
-0.04271
-0.035056
-0.051958
-0.070136
-0.060569
-0.031548
-0.048131
-0.061206
-0.060569
-0.058974
-0.058017
-0.069498
-0.06599
-0.064395
-0.06312
-0.057379
-0.054509
-0.023575
-0.029634
-0.044304
-0.027721
-0.0060349
0.015332
0.030959
0.0095917
0.025537
0.018521
0.015651
0.031915
0.008316
0.03064
0.027451
0.03925
0.032872
0.016289
0.017246
-0.00093234
-0.0053971
-0.015921
0.0044891
-0.022299
-0.0105
-0.035694
-0.051639
-0.068541
-0.055785
-0.043985
-0.077471
-0.082573
-0.067585
-0.074282
-0.052915
-0.044304
-0.043028
-0.048131
-0.03952
-0.017197
-0.014008
-0.023894
-0.0053971
-0.0073105
-0.019429
0.0079971
-0.019748
-0.044304
-0.025807
-0.040477
-0.03091
-0.022937
-0.063758
-0.082892
-0.059293
-0.063758
-0.058974
-0.050682
-0.041434
-0.043985
-0.079384
-0.078109
-0.032186
-0.053552
-0.050363
-0.044942
-0.020067
-0.034099
-0.044304
-0.048769
-0.047174
-0.052915
-0.041115
-0.069179
-0.080341
-0.068541
-0.073644
-0.083211
-0.082573
-0.077152
-0.082573
-0.066628
-0.064077
-0.07173
-0.06886
-0.067585
-0.054828
-0.041115
-0.018791
0.0013
-0.0079484
-0.022299
0.0095917
0.037018
0.010548
0.018521
0.023943
0.021391
0.028726
0.03925
0.023305
0.029045
0.037018
0.05679
0.01023
0.0016189
0.040207
0.0064026
-0.024213
0.0051269
0.045629
0.041483
0.021391
0.0019378
-0.0076295
0.029045
0.041164
0.0041702
0.017883
0.0019378
-0.034099
-0.055466
-0.034418
-0.037607
-0.035056
-0.065033
-0.056423
-0.066947
-0.11925
-0.14444
-0.13519
-0.099476
-0.080979
-0.059612
-0.084806
-0.090227
-0.07173
-0.081298
-0.058974
-0.056104
-0.037288
-0.027402
-0.033142
-0.073006
-0.072687
-0.072687
-0.087676
-0.093416
-0.073963
-0.061525
-0.027083
-0.053552
-0.087357
-0.073006
-0.060569
-0.041753
-0.056104
-0.045899
-0.048131
-0.027083
-0.035694
-0.020386
-0.032504
-0.058655
-0.035056
-0.014964
-0.01911
-0.032186
-0.047812
-0.045899
-0.047174
-0.047812
-0.037288
-0.036331
-0.046536
-0.053552
-0.035375
-0.020067
-0.040796
-0.044304
-0.05132
-0.015921
-0.0038025
0.015651
0.041164
0.039888
0.043077
0.035742
0.065082
0.079752
0.07433
0.085492
0.078795
0.066995
0.066677
0.085811
0.053282
0.029364
0.028407
0.023305
-0.0050782
-0.0028458
-0.024532
-0.029634
-0.04845
-0.043347
-0.075876
-0.069179
-0.059293
-0.062482
-0.06599
-0.075238
-0.080979
-0.084806
-0.11446
-0.11159
-0.094054
-0.097881
-0.10585
-0.069179
-0.029634
-0.055466
-0.059612
-0.05132
-0.072687
-0.073644
-0.047812
-0.035056
-0.022618
-0.0105
-0.021661
-0.014964
-0.03952
-0.048131
-0.049088
-0.050682
-0.06312
-0.063439
-0.049726
-0.073963
-0.12467
-0.097562
-0.087676
-0.084168
-0.087676
-0.094692
-0.079065
-0.0864
-0.074919
-0.037607
-0.028678
-0.045261
-0.034418
-0.023575
-0.026764
0.0003433
-0.0044404
0.010548
-0.013051
-0.012413
-0.027721
-0.036331
-0.015283
-0.038245
-0.042072
-0.043028
-0.026764
-0.02517
-0.023894
-0.021343
-0.021343
-0.0018891
0.019478
0.0044891
-0.0085862
0.030959
0.066677
0.093784
0.07433
0.047542
0.015013
0.026494
0.025537
0.063806
0.047542
0.023943
0.044353
0.016289
0.004808
-0.039202
-0.085443
-0.085443
-0.083849
-0.10362
-0.11128
-0.0982
-0.095968
-0.14667
-0.13105
-0.12531
-0.16326
-0.13966
-0.12499
-0.13487
-0.10904
-0.075238
-0.093735
-0.081298
-0.076514
-0.081617
-0.084487
-0.072368
-0.06886
-0.058655
-0.050363
-0.036331
-0.039202
-0.066309
-0.066947
-0.067903
-0.078746
-0.057698
-0.039839
-0.022618
-0.035694
-0.060569
-0.068222
-0.049407
-0.030272
-0.021343
-0.036969
-0.01337
-0.0034836
0.015332
-0.00029452
-0.0060349
-0.010181
-0.022937
-0.005716
0.0013
-0.020705
-0.016878
-0.018472
-0.0018891
0.01884
-0.00061343
-0.040158
-0.050044
-0.024213
-0.0044404
-0.035375
-0.0041214
-0.0041214
-0.020067
-0.033461
-0.0034836
0.0131
0.038294
0.0095917
0.027451
0.024899
0.011824
-0.01337
-0.026126
-0.0012513
0.016608
0.0041702
2.4388e-05
-0.0060349
0.019797
-0.099157
-0.1049
-0.066628
-0.092778
-0.067585
-0.086081
-0.10362
-0.10075
-0.1049
-0.11032
-0.10362
-0.088633
-0.074919
-0.044942
-0.049407
-0.03665
-0.011137
-0.013051
-0.00061343
-0.027721
-0.0098618
0.0044891
2.4388e-05
0.0041702
-0.023256
-0.030591
-0.048769
-0.054509
-0.071411
-0.073006
-0.097562
-0.093097
-0.091503
-0.096605
-0.10107
-0.10681
-0.13487
-0.13551
-0.12435
-0.11893
-0.10394
-0.10617
-0.10681
-0.093735
-0.072049
-0.055466
-0.061844
-0.086081
-0.087038
-0.072368
-0.060569
-0.045899
-0.04558
-0.066628
-0.087995
-0.10171
-0.072368
-0.075876
-0.078746
-0.093416
-0.1151
-0.10841
-0.10139
-0.096286
-0.096924
-0.075557
-0.048769
-0.033461
0.0092728
-0.012094
-0.0069916
-0.0050782
-0.0031647
0.0038513
0.01884
0.039888
0.012781
0.031596
0.0044891
0.021072
0.017246
-0.011456
0.014056
-0.012732
-0.038564
-0.034737
-0.054828
-0.031548
-0.050044
-0.057698
-0.082254
-0.071411
-0.090227
-0.093735
-0.08353
-0.10394
-0.074919
-0.073644
-0.076195
-0.079065
-0.065352
-0.061525
-0.025488
-0.02198
-0.052915
-0.072049
-0.058336
-0.066947
-0.085125
-0.096924
-0.11638
-0.052915
-0.022618
-0.072049
-0.11925
-0.11383
-0.12403
-0.11829
-0.087676
-0.084168
-0.06599
-0.04845
-0.018791
-0.015921
-0.017197
-0.011775
0.010548
-0.0034836
-0.0041214
0.028088
0.025218
0.0044891
0.0035324
0.019159
0.032553
0.039569
0.0131
-0.046536
-0.079703
-0.076514
-0.061844
-0.055785
-0.059931
-0.1033
-0.080341
-0.097881
-0.058974
-0.05132
-0.03378
-0.029315
-0.032823
-0.047812
-0.023256
-0.020705
-0.025807
0.010548
-0.027083
-0.020067
-0.038564
-0.077152
-0.065352
-0.05132
-0.089908
-0.083211
-0.0982
-0.1285
-0.11861
-0.081617
-0.07779
-0.081935
-0.080022
-0.092778
-0.067266
-0.06599
-0.064714
-0.073325
-0.068222
-0.058655
-0.056423
-0.027402
-0.053234
-0.071093
-0.078746
-0.071093
-0.066947
-0.045261
-0.059293
-0.066947
-0.029634
-0.0085862
-0.026445
-0.041753
-0.047493
-0.064077
-0.056742
-0.037607
-0.02804
-0.050682
-0.062801
-0.055466
-0.025488
0.0089539
0.040526
0.022348
-0.012732
-0.0015702
0.014694
0.017883
0.020435
0.050731
0.073055
0.063169
0.063487
0.036061
-0.0069916
0.028726
0.019478
0.014694
-0.0073105
-0.021343
-0.082573
-0.070455
-0.04845
-0.040477
-0.06025
-0.087038
-0.1151
-0.1049
-0.11064
-0.094373
-0.1285
-0.14412
-0.10266
-0.1218
-0.14125
-0.12052
-0.10745
-0.10522
-0.087038
-0.041115
-0.043347
-0.05132
-0.044942
-0.0082673
0.022667
0.0060837
0.0038513
0.0095917
-0.023575
-0.029315
0.012462
-0.0044404
0.017883
-0.027402
-0.069498
-0.084806
-0.089908
-0.087357
-0.082892
-0.099476
-0.072368
-0.062482
-0.042391
-0.036331
-0.0034836
-0.0044404
-0.024851
-0.0015702
0.017564
0.0038513
0.020116
0.010548
0.051369
0.0092728
-0.0018891
-0.032504
-0.066628
-0.061525
-0.027083
-0.047812
-0.075876
-0.087357
-0.10203
-0.091822
-0.097562
-0.090546
-0.1033
-0.11032
-0.10936
-0.090546
-0.081298
-0.059612
-0.10872
-0.14731
-0.081935
-0.036969
-0.076195
-0.092778
-0.08066
-0.061844
-0.059293
-0.054828
-0.039839
0.068909
0.04818
0.023624
0.034148
0.030002
0.069866
0.079752
0.064763
0.090276
0.047542
0.079752
0.064125
0.027451
-0.0095429
0.0028946
0.022986
-0.028678
-0.057061
-0.059612
-0.066947
-0.085762
-0.12212
-0.0982
-0.10171
-0.088952
-0.083211
-0.091822
-0.033461
-0.045261
-0.049088
-0.0060349
0.015332
0.0057648
-0.0031647
-0.0095429
0.023305
0.02777
0.015013
-0.0044404
-0.016559
-0.03378
0.0095917
0.011824
-0.0015702
-0.013051
-0.023256
-0.013689
-0.041115
-0.015602
0.0051269
0.029045
0.0076782
-0.022299
-0.021343
-0.024851
-0.034418
-0.024851
-0.01911
-0.037288
-0.034737
-0.043985
-0.011456
-0.01624
-0.026764
-0.022618
-0.011456
-0.027083
-0.022618
-0.022618
-0.01911
0.0016189
0.0016189
-0.0028458
-0.01911
-0.032186
-0.035056
-0.036331
-0.051001
-0.056742
-0.055785
-0.050363
-0.036969
-0.015283
0.022667
0.012781
0.030959
0.02458
0.023305
0.034148
0.057109
0.052007
0.088044
0.12312
0.11005
0.076563
0.078795
0.074012
0.076244
0.029364
0.036699
0.042121
0.024899
0.048818
0.063487
0.026813
-0.019429
-0.028359
-0.051958
-0.026126
-0.034418
-0.039839
-0.025807
-0.070455
-0.044942
-0.021661
-0.01337
-0.034737
-0.063758
-0.075557
-0.065352
-0.057061
-0.06599
-0.062801
-0.079065
-0.034418
-0.0031647
0.0022568
0.0051269
0.01597
0.03638
0.022986
0.02171
0.07433
0.058066
0.048818
0.026494
0.01597
0.077201
0.08613
0.045629
0.017246
0.0092728
0.026813
0.037656
0.028088
-0.034737
-0.025807
-0.017835
0.014694
-0.023894
-0.04845
-0.053234
-0.055147
-0.022937
-0.023894
-0.045899
-0.074601
-0.088314
-0.080979
-0.069179
-0.072368
-0.086081
-0.075557
-0.089589
-0.066628
0.011186
0.0079971
-0.0025269
0.015013
-0.0028458
0.0038513
0.014375
0.012462
-0.033142
0.014694
0.019478
0.038294
0.01884
0.0099106
0.034786
0.0032135
0.017883
0.029045
0.017883
0.014056
0.024899
0.0131
0.042439
0.083898
0.14449
0.11196
0.13237
0.11228
0.083579
0.01884
-0.0015702
0.016289
0.040526
0.025856
-0.017835
-0.062482
-0.081617
-0.1049
-0.1454
-0.1556
-0.14093
-0.15592
-0.16262
-0.13073
-0.11765
-0.11574
-0.11191
-0.098519
-0.07779
-0.073325
-0.030591
-0.051639
-0.056742
-0.054828
-0.046536
-0.037288
-0.055147
-0.040477
-0.056742
-0.04845
-0.036969
-0.0105
-0.021343
-0.026764
-0.014964
-0.009224
0.0003433
0.033829
0.0095917
-0.011775
0.025856
0.048818
0.021072
-0.0098618
-0.014964
-0.028359
0.015013
0.014375
-0.017835
-0.03665
-0.043666
-0.016878
0.0003433
0.031915
0.067633
0.059979
0.026813
0.037975
0.062531
0.056153
0.043715
0.022348
0.033829
0.041164
0.081346
0.081346
0.032872
-0.0038025
-0.041753
-0.050682
-0.017835
-0.078427
-0.096605
-0.077471
-0.056742
-0.10936
-0.11096
-0.10617
-0.11223
-0.078109
-0.088633
-0.10649
-0.090227
-0.078427
-0.071411
-0.074601
-0.035694
-0.020067
-0.03091
-0.031229
-0.042391
-0.018153
-0.027402
-0.010181
-0.034737
-0.05419
-0.037607
-0.012413
-0.010181
-0.04845
-0.050682
-0.046218
-0.040796
0.0019378
-0.014008
-0.019748
-0.038245
-0.028678
-0.0031647
-0.0028458
-0.024213
-0.034418
-0.032186
-0.00029452
-0.014645
-0.0012513
-0.0031647
-0.009224
-0.011137
0.015332
0.099205
0.073055
0.050412
0.026813
0.023305
0.016289
0.041802
0.064125
0.068909
0.035104
0.037018
-0.010181
-0.067585
-0.099476
-0.03378
-0.035694
-0.063439
-0.056742
-0.080341
-0.088314
-0.071411
-0.055466
-0.056104
-0.047812
-0.030591
-0.048131
-0.040158
-0.02804
-0.0066727
-0.023575
-0.017197
-0.026764
-0.051958
-0.0073105
-0.018153
-0.069817
-0.061525
-0.068541
-0.082892
-0.094054
-0.094373
-0.10809
-0.10235
-0.1202
-0.085443
-0.069817
-0.090865
-0.097562
-0.091822
-0.04845
0.040526
0.020116
-0.025488
0.011505
0.025856
0.048499
0.058066
0.011505
0.0019378
0.06572
0.11324
0.16968
0.11611
0.087406
0.050412
0.029683
0.01023
0.0089539
0.014056
0.057109
0.015013
-0.011137
-0.018153
-0.021024
-0.027402
-0.043985
-0.053234
-0.038883
-0.091822
-0.093097
-0.10235
-0.10522
-0.074601
-0.08353
-0.090546
-0.091503
-0.084806
-0.094373
-0.088952
-0.10203
-0.093097
-0.082254
-0.089908
-0.085762
-0.081935
-0.094054
-0.069817
-0.051001
-0.045261
-0.012413
-0.0012513
-0.038564
-0.067903
-0.029953
-0.039202
-0.072368
-0.036331
-0.028996
-0.050044
-0.017516
-0.026445
-0.020067
-0.023894
-0.024213
-0.035694
-0.032186
-0.0098618
-0.009224
-0.0098618
0.0073593
0.0028946
0.0060837
0.041483
0.054877
0.04531
0.061255
0.039888
0.032872
0.061255
0.042758
0.029364
0.075287
0.043715
0.054239
0.026175
0.00066221
-0.014327
-0.046855
-0.058974
-0.031229
-0.03091
-0.040796
-0.050363
-0.032823
0.026494
0.0064026
-0.0060349
-0.023256
0.0095917
-0.0076295
0.02171
0.026175
-0.010181
0.034148
0.040207
0.015651
-0.046218
-0.031867
-0.041753
-0.050363
-0.042072
-0.034099
-0.024851
-0.052596
-0.040477
-0.03952
0.020754
-0.0018891
0.034467
0.089319
0.066995
0.051688
0.048818
0.054877
0.045629
0.018202
-0.02804
-0.022618
0.065082
0.057747
0.010548
-0.043666
-0.069179
-0.083211
-0.089908
-0.12307
-0.12403
-0.10171
-0.085762
-0.087357
-0.091822
-0.11638
-0.099476
-0.087038
-0.063439
-0.058655
-0.053552
-0.053552
-0.036012
0.0038513
0.01023
0.021391
-0.002208
0.016289
0.10877
0.074649
0.056153
0.022667
-0.0060349
0.041802
0.056471
0.02171
-0.010819
0.011186
-0.0073105
-0.027402
-0.018791
-0.043985
-0.070455
-0.077471
-0.057698
-0.069179
-0.047493
-0.04558
-0.058974
-0.041115
0.0089539
0.012462
-0.002208
-0.0076295
0.03925
0.059023
0.025218
0.057747
0.052007
0.031915
-0.0015702
0.028088
0.025537
0.017246
0.0092728
-0.021343
-0.0063538
0.00098112
-0.0028458
-0.042072
-0.032186
-0.0060349
0.0051269
0.017883
0.018521
0.0067215
0.019797
0.017246
0.016927
0.065082
0.10048
0.096335
0.097292
0.10303
0.095378
0.094103
0.072098
0.046585
0.070822
0.017883
0.073055
0.060936
0.0095917
-0.027721
-0.033461
-0.053234
-0.072368
-0.066947
-0.08927
-0.10235
-0.11223
-0.082573
-0.077471
-0.079703
-0.09246
-0.072687
-0.050682
-0.032504
-0.051958
-0.050363
-0.043028
-0.036969
-0.034737
-0.037288
-0.029953
-0.043666
-0.02198
-0.015921
-0.0089051
-0.0098618
-0.0105
-0.0041214
-0.005716
-0.0095429
-0.0066727
0.0092728
0.011824
0.012462
0.008635
0.037656
0.022348
0.014694
0.028726
0.071141
0.08326
0.076244
0.050412
0.063169
0.052963
0.036699
0.064125
0.064444
0.059342
0.03638
0.017564
0.024899
0.0028946
-0.0050782
-0.03952
-0.033461
-0.017197
0.015013
0.014375
0.0076782
0.025218
0.023624
0.028407
0.053282
0.046266
0.044672
0.0073593
0.032553
0.073055
0.076882
0.034786
0.027451
0.041164
0.0044891
0.00066221
0.020435
0.020435
-0.02198
0.0089539
0.0076782
-0.014008
-0.027402
-0.036012
-0.017835
0.01597
0.01597
-0.0060349
-0.030591
-0.043347
-0.01911
0.0016189
0.0035324
2.4388e-05
0.0013
0.0057648
0.02171
0.022986
0.02171
0.024899
0.0131
0.0076782
-0.00029452
-0.005716
-0.0082673
0.0060837
0.012781
0.0057648
0.0051269
-0.015921
-0.0085862
-0.010181
0.00098112
0.0070404
0.0131
0.0060837
-0.0012513
0.0025757
0.0044891
0.008635
0.0131
0.016608
0.011505
0.043715
0.047542
0.06859
0.05679
0.073374
0.081346
0.048818
0.068271
0.07433
0.055196
0.080071
0.080709
0.055196
0.039888
0.038612
0.025856
-0.012094
0.0044891
0.0095917
-0.0085862
-0.014645
-0.015921
-0.0073105
-0.010819
-0.0028458
-0.010819
-0.012094
0.008316
0.0060837
0.014375
0.021072
0.035742
-0.00061343
0.020116
0.016289
0.0051269
0.025856
0.037975
0.023943
0.0044891
-0.005716
0.035423
0.055196
0.018521
0.022029
0.02171
0.020754
0.021391
0.057109
0.04531
0.066995
0.052645
0.022986
0.015013
0.057428
0.050731
0.037656
0.044353
0.026494
0.0028946
0.014694
-0.0034836
-0.016878
-0.019429
-0.009224
-0.032186
-0.035056
-0.021024
-0.015921
-0.01624
-0.014008
-0.014964
-0.013051
-0.014327
0.015651
0.023943
0.008635
0.0003433
0.010867
0.010867
0.022029
0.03064
0.018202
0.023305
0.03064
0.019478
0.014375
0.032234
0.040207
0.0076782
0.016927
0.04531
0.037656
0.02458
0.01884
0.0099106
0.035742
0.034148
0.012781
0.0038513
0.023943
0.041483
0.044034
0.0016189
0.0054459
0.023624
0.032553
0.037656
0.02777
0.0016189
-0.0047593
0.019797
0.042439
0.031915
0.040526
0.0092728
0.026494
0.049774
0.060936
0.068271
0.075606
0.091233
0.10431
0.16012
0.1767
0.1649
0.16044
0.1531
0.13971
0.12089
0.11834
0.13237
0.077201
0.097292
0.09506
0.041483
0.0032135
-0.0073105
-0.030591
-0.055466
-0.064395
-0.065033
-0.0864
-0.12084
-0.10426
-0.09246
-0.094692
-0.094054
-0.094054
-0.11191
-0.093416
-0.083211
-0.079384
-0.044942
-0.027721
-0.01911
-0.02198
-0.00061343
2.4388e-05
-0.016559
-0.0038025
0.0019378
0.0057648
0.031596
-0.011137
0.012781
0.022029
0.026813
0.025218
0.0092728
-0.0038025
-0.005716
0.008635
0.010548
0.038931
0.037018
0.025856
0.013738
0.018202
0.02458
0.023624
0.026494
0.011186
0.0099106
0.011505
0.015013
0.021072
0.02171
0.008635
-0.00093234
0.016289
0.031596
0.019159
0.0099106
0.013738
0.028088
0.02458
0.034467
0.03925
0.035423
0.063806
0.056471
0.059979
0.054877
0.062531
0.050412
0.073374
0.11802
0.076563
0.085492
0.072417
0.055834
0.089
0.10845
0.091233
0.069547
0.027132
0.033829
0.10526
0.10877
0.067952
0.052007
0.012781
-0.0028458
0.034467
0.01023
0.0070404
0.0041702
-0.0012513
-0.021661
-0.02517
-0.046855
-0.064714
-0.05132
-0.02804
-0.027721
-0.042072
-0.050363
-0.032186
-0.05132
-0.039202
-0.036969
-0.034099
-0.039839
-0.040158
-0.049407
-0.03952
-0.051001
-0.073963
-0.075876
-0.047174
-0.034099
-0.037926
-0.039839
-0.049088
-0.041115
-0.036331
-0.027083
-0.032823
-0.028996
-0.016878
-0.015602
-0.020386
-0.01624
-0.011775
-0.016878
-0.020705
-0.0105
0.0057648
-0.0060349
0.0067215
0.0060837
0.0089539
0.016608
0.04818
0.035742
0.032872
0.035423
0.037975
0.050093
0.055515
0.051369
0.035742
0.041483
0.038612
0.057109
0.048818
0.062212
0.066677
0.05679
0.060617
0.059661
0.043715
0.040526
0.049455
0.051369
0.034467
0.05679
0.059979
0.03925
0.053601
0.053282
0.049455
0.057109
0.08039
0.067314
0.050412
0.056153
0.047223
0.065401
0.058066
0.063487
0.041483
0.025218
0.03925
0.0073593
0.004808
0.0095917
0.022986
-0.013689
-0.0073105
-0.0079484
-0.0073105
-0.0069916
0.011505
-0.012094
-0.031229
-0.034418
-0.041753
-0.042072
-0.02198
-0.031548
-0.052915
-0.054509
-0.052915
-0.049407
-0.043985
-0.051639
-0.044304
-0.033142
-0.021024
-0.014964
-0.005716
-0.0085862
-0.014645
0.013738
0.017246
0.0073593
0.032553
0.020116
0.028726
0.041483
0.057747
0.066995
0.040526
0.040845
0.046904
0.043077
0.022986
0.03638
0.069866
0.05105
0.020116
0.0099106
-0.017516
-0.011456
-0.0079484
0.0016189
-0.0063538
-0.027402
-0.011137
-0.0044404
-0.002208
0.0051269
0.016289
0.016927
0.014056
0.054558
0.080071
0.031915
0.030959
0.020116
0.028088
0.046585
0.081028
0.076882
0.075925
0.04531
0.016927
0.0057648
0.038612
0.024899
0.02171
0.027132
0.021072
-0.0028458
-0.03378
-0.0066727
2.4388e-05
-0.022618
-0.025488
-0.020067
-0.011456
-0.011775
-0.014964
-0.01337
-0.00029452
0.0032135
-0.0082673
-0.0069916
-0.005716
-0.0012513
0.0044891
-0.012094
0.010867
-0.0060349
-0.015602
-0.012094
-0.01337
-0.0085862
-0.009224
-0.035056
-0.042072
-0.018791
-0.00029452
-0.018791
-0.038883
-0.033142
-0.017835
-0.022618
-0.032823
-0.032823
-0.036331
-0.018472
-0.011456
-0.0089051
-0.0082673
-0.012413
-0.012413
-0.020067
0.0095917
0.029045
0.034467
0.0095917
0.020116
0.034148
0.048499
0.027132
0.01884
0.0079971
0.022986
0.059661
0.070185
0.032553
0.013738
0.017246
0.0019378
0.018521
0.072417
0.037975
0.03638
0.043396
0.028407
0.010548
0.01023
0.0032135
0.028088
0.040845
0.044991
0.021391
0.010548
0.0051269
-0.0098618
0.0079971
0.016608
0.0041702
-0.029634
-0.014008
-0.017835
-0.024532
-0.031229
-0.033142
-0.043985
-0.020705
-0.012094
-0.0089051
-0.018791
0.008635
0.042121
0.03351
0.040526
0.027132
0.020754
0.020754
0.029364
0.03064
0.014375
-0.00093234
-0.032186
-0.046536
-0.037288
-0.043666
-0.073006
-0.083849
-0.091822
-0.10362
-0.087995
-0.066309
-0.071411
-0.089589
-0.074282
-0.064077
-0.060569
-0.047812
-0.02804
-0.028678
-0.024851
-0.016559
-0.021024
-0.018472
-0.014327
-0.00061343
-0.0073105
-0.0018891
0.01023
0.019478
0.044991
0.030959
0.041802
0.062212
0.062531
0.067633
0.058385
0.074968
0.085492
0.10526
0.068271
0.072417
0.057109
0.045947
0.062531
0.042439
0.042439
0.0095917
0.0041702
-0.037288
-0.056104
-0.044623
-0.048769
-0.054509
-0.072368
-0.074601
-0.073006
-0.070136
-0.076195
-0.054509
-0.031548
-0.017197
-0.028359
-0.044942
-0.026764
-0.021343
-0.028996
0.0003433
0.0089539
-0.011456
0.0099106
-0.0028458
-0.0066727
-0.027083
-0.034099
-0.03091
-0.023575
-0.020067
-0.0098618
-0.031548
-0.058655
-0.044623
-0.045261
-0.037288
-0.040477
-0.056423
-0.057379
-0.072368
-0.062801
-0.050682
-0.071411
-0.061525
-0.053552
-0.059293
-0.067585
-0.056423
-0.063439
-0.040158
-0.024213
-0.014008
-0.023575
-0.019748
-0.02198
-0.040158
-0.025807
-0.0076295
-0.005716
-0.0076295
0.021391
-0.0038025
0.016289
0.0131
-0.024213
-0.021343
0.0019378
-0.0038025
-0.0085862
-0.014008
0.0038513
-0.00061343
0.0076782
0.014694
0.032872
0.016289
0.008635
0.031915
0.029364
0.015651
0.035104
0.023943
0.0070404
0.030959
0.011505
0.0022568
0.026175
0.036699
0.0070404
-0.037607
-0.034737
-0.018791
0.0099106
-0.011456
-0.041753
-0.025488
-0.027402
-0.024851
-0.041115
-0.046855
-0.031229
-0.059612
-0.05132
-0.056742
-0.087995
-0.10043
-0.073325
-0.050363
-0.039839
-0.052915
-0.06312
-0.069817
-0.05419
-0.026764
-0.027721
-0.03091
-0.028996
-0.053234
-0.037607
-0.041753
-0.038245
-0.045261
-0.03952
-0.048131
-0.032823
-0.040477
-0.083849
-0.092778
-0.072368
-0.056104
-0.057698
-0.064714
-0.069179
-0.086719
-0.083211
-0.063758
-0.052915
-0.066947
-0.075876
-0.023575
-0.0089051
-0.016878
-0.018791
-0.0015702
0.0041702
0.0076782
0.015332
0.02458
0.032553
0.015013
0.039569
0.046585
0.0051269
-0.0085862
-0.0028458
-0.0034836
-0.014327
-0.028359
-0.031867
-0.037607
-0.020386
-0.022299
-0.020067
-0.019748
-0.041753
-0.061525
-0.044623
-0.027083
-0.027402
-0.017835
-0.017835
-0.051001
-0.026126
-0.010819
-0.01624
-0.0018891
-0.016559
-0.0031647
-0.012413
0.008316
0.0073593
0.0019378
-0.015602
-0.028678
-0.022618
-0.031229
-0.041434
-0.056742
-0.060887
-0.061206
-0.05419
-0.041434
-0.05132
-0.071411
-0.047493
-0.049407
-0.035694
-0.051001
-0.040158
-0.023894
-0.01337
-0.018472
-0.020067
-0.020067
-0.032504
-0.03378
-0.05132
-0.039202
-0.027721
-0.050044
-0.05132
-0.059293
-0.073644
-0.052277
-0.072368
-0.077471
-0.07779
-0.079703
-0.088633
-0.07779
-0.086719
-0.10649
-0.097243
-0.09246
-0.097562
-0.08927
-0.10075
-0.091822
-0.06886
-0.024851
-0.044942
-0.073963
-0.047174
0.0095917
0.015651
0.022029
0.040207
0.035104
0.070503
0.11675
0.10654
0.10239
0.11356
0.11101
0.1126
0.096335
0.11515
0.091233
0.10271
0.091233
0.082622
0.044034
0.013419
0.0054459
-0.012732
0.0038513
-0.0038025
-0.01337
-0.046855
-0.044942
-0.043347
-0.044942
-0.03378
-0.04271
-0.053234
-0.070455
-0.067585
-0.073325
-0.066309
-0.073006
-0.081935
-0.088314
-0.068541
-0.061844
-0.069498
-0.073006
-0.070455
-0.072368
-0.078109
-0.065033
-0.067585
-0.061525
-0.072687
-0.069498
-0.066628
-0.053234
-0.038245
-0.061525
-0.077152
-0.057061
-0.022937
-0.03378
-0.039839
-0.036012
-0.017516
-0.014645
0.0025757
0.00098112
-0.0031647
0.015651
0.029045
0.032872
0.015651
0.040526
0.043715
0.032553
0.035742
0.074012
0.066039
0.05679
0.045629
0.05392
0.08039
0.089638
0.072417
0.049137
0.029683
0.070503
0.078795
-0.0069916
-0.0095429
-0.031548
-0.018153
-0.024851
-0.0105
-0.018153
-0.022618
-0.048769
-0.056423
-0.065352
-0.056423
-0.084487
-0.082573
-0.065352
-0.034737
-0.02198
-0.02198
-0.051958
-0.056423
-0.041753
-0.027402
-0.035375
-0.01911
-0.0012513
-0.0073105
0.0057648
0.017564
-0.0044404
-0.011775
0.0064026
0.014375
0.022029
0.017883
0.029364
0.021391
0.032872
0.031278
0.029045
0.023943
0.010867
0.0057648
0.020754
0.03638
0.027451
0.00098112
-0.011775
-0.0060349
-0.016878
-0.015921
-0.018791
-0.023256
-0.038564
-0.026126
-0.0066727
0.0003433
-0.014327
-0.012413
-0.010819
0.0038513
0.015332
0.019797
0.030002
0.028726
0.045629
0.029045
0.024262
0.031278
0.022029
0.029683
0.03925
0.051369
0.063169
0.044034
0.015651
0.05392
0.056471
0.042439
0.039888
0.042439
0.052007
0.058385
0.050093
0.042439
0.036061
0.047542
0.065401
0.048499
0.06572
0.071779
0.071779
0.07433
0.069547
-0.03091
-0.01624
-0.014645
-0.024532
-0.021343
-0.023256
-0.050363
-0.074919
-0.080022
-0.068541
-0.067903
-0.059612
-0.065352
-0.092141
-0.067903
-0.046218
-0.035056
0.0060837
-0.011137
-0.0082673
0.0079971
0.013419
0.0054459
-0.0015702
-0.0089051
-0.020386
-0.01624
-0.0038025
0.0035324
-0.0031647
-0.009224
0.00066221
0.0016189
0.00098112
0.017564
0.0076782
0.0003433
0.0054459
0.008316
0.011505
0.008635
0.0057648
-0.0031647
0.014056
0.015651
0.02171
0.01597
0.012462
0.015013
0.012781
0.012143
0.022029
0.021391
0.016289
0.027132
0.024899
0.025218
0.033829
0.043715
0.057747
0.065401
0.075287
0.088681
0.088681
0.065082
0.076244
0.081984
0.099524
0.088681
0.07146
0.06572
0.056471
0.025856
0.022348
0.030002
0.0095917
0.023305
0.020435
-0.016878
0.0032135
0.02171
0.017246
0.031278
0.047542
0.070185
0.032234
0.028407
0.071141
0.063806
0.046585
0.037018
0.026175
0.015651
0.023943
0.020754
0.0016189
-0.018153
-0.0098618
-0.015283
-0.011456
-0.017835
-0.029315
-0.028678
-0.03378
-0.035056
-0.033142
-0.02517
-0.023256
-0.024213
-0.039839
-0.010819
-0.015921
-0.015602
-0.0066727
-0.0089051
-0.0066727
-0.0031647
0.0095917
-0.0041214
0.00098112
0.013738
0.0099106
0.012462
0.0070404
0.011186
0.0067215
0.019478
0.024262
0.041802
0.062212
0.050412
0.035104
0.032234
0.032553
0.06285
0.076244
0.026494
0.016927
0.017564
0.010867
-0.013051
0.0057648
-0.035056
-0.04271
-0.027721
-0.0038025
-0.057379
-0.02517
-0.028678
-0.032823
-0.002208
-0.038883
-0.02198
-0.026445
-0.022299
0.0032135
0.015013
0.012143
0.019478
-0.0060349
0.015013
0.023305
0.020435
0.030959
0.035423
0.032872
0.041483
0.056153
0.043077
0.02458
0.046904
0.039569
0.032872
0.019478
0.0092728
-0.005716
-0.0047593
-0.0060349
-0.0069916
-0.016559
-0.020705
-0.01624
-0.012413
-0.010819
-0.0044404
-0.0098618
-0.014327
-0.0044404
-0.0025269
-0.0028458
0.0032135
0.0032135
-0.0076295
0.0016189
0.0099106
0.022348
0.01884
0.018202
0.021072
0.030959
0.040207
0.03351
0.024899
0.026175
0.029364
0.038931
0.022029
0.024899
0.020435
0.016927
0.038612
0.057747
0.026175
0.020754
0.017246
0.016927
0.018521
0.050093
0.026813
0.035423
0.028088
0.032234
0.040207
0.039888
0.0131
0.011186
0.034148
0.029683
0.054239
0.026494
0.025537
0.031278
0.029045
0.02458
0.049455
0.039569
-0.0085862
-0.0041214
0.017564
0.025537
0.015013
-0.0085862
-0.011775
0.01597
0.0092728
0.016927
0.0067215
-0.020705
-0.014008
0.0016189
0.012781
0.0028946
-0.0044404
-0.02198
0.0089539
-0.018153
-0.032186
-0.028996
-0.033461
-0.052596
-0.03665
-0.02804
-0.026445
-0.01911
-0.029634
-0.02198
-0.011775
-0.0047593
-0.021024
-0.028678
-0.0089051
0.010867
0.0079971
0.0041702
-0.0018891
-0.0105
0.0044891
0.017564
0.028726
0.034467
0.029045
0.026494
0.01884
0.044991
0.051369
0.03925
0.028407
0.027132
0.01884
0.03638
0.0051269
-0.0079484
-0.0095429
-0.012732
-0.01624
-0.0085862
-0.00029452
-0.022299
-0.01624
-0.0063538
-0.00093234
-0.0073105
-0.018791
-0.0098618
0.013738
0.016927
0.030959
0.028407
0.024262
0.03638
0.037018
0.034148
0.03064
0.018521
0.032872
0.019797
0.022029
0.026494
0.023305
0.052963
0.021072
-0.0098618
0.041483
0.017564
-0.0047593
0.00066221
0.010548
0.011505
0.027132
0.026494
0.008316
-0.0069916
0.0064026
-0.002208
0.0028946
-0.00029452
-0.012094
-0.020067
-0.028359
-0.038564
-0.028996
-0.041115
-0.058974
-0.046218
-0.037288
-0.038883
-0.041115
-0.040477
-0.038883
-0.037607
-0.022937
-0.030591
-0.029634
-0.029634
-0.021343
-0.017516
-0.019748
-0.019748
-0.024213
-0.018791
-0.0085862
-0.00061343
-0.0060349
2.4388e-05
0.0003433
-0.0012513
0.0099106
0.02171
0.012462
0.0025757
0.0041702
0.011505
0.0089539
0.014694
0.014375
-0.0044404
0.01023
0.020435
0.026494
0.019159
0.031915
0.035423
0.037337
0.056471
0.054558
0.060936
0.047542
0.045629
0.040207
0.050093
0.055196
0.064763
0.050412
0.05105
0.054558
0.065401
0.044672
0.029683
0.035423
0.04531
0.032553
0.01023
0.016608
0.0038513
0.017883
-0.026126
-0.032504
-0.034418
-0.04271
-0.038245
-0.042072
-0.052277
-0.034099
-0.024851
-0.017197
-0.026126
-0.02198
-0.011456
-0.021343
-0.017197
-0.00093234
0.00066221
0.0013
0.010548
-0.0041214
-0.03091
-0.02804
-0.010181
-0.023256
-0.031867
-0.027402
-0.026126
-0.020386
-0.0082673
-0.0089051
-0.018153
-0.019748
-0.012732
-0.011775
-0.009224
-0.012732
-0.016559
-0.023256
-0.013689
-0.0098618
-0.0053971
-0.0047593
-0.0034836
-0.012413
-0.017835
-0.0028458
-0.0079484
-0.0066727
-0.0082673
-0.0050782
-0.0050782
-0.0063538
-0.0047593
-0.014327
-0.0089051
-0.005716
-0.00093234
-0.0028458
0.0022568
0.0057648
0.004808
0.0095917
0.024899
0.015332
0.01023
0.020754
0.028726
0.05679
0.059023
0.046266
0.037337
0.054877
0.065082
0.059661
0.053601
0.049455
0.043077
0.050412
0.042758
0.02458
0.012143
0.0079971
0.00098112
-0.0085862
-0.017516
-0.033461
-0.048769
-0.05419
-0.03665
-0.018472
-0.03378
-0.028996
-0.023894
-0.020067
-0.025807
-0.0085862
0.0016189
0.011186
0.010548
0.010548
0.018521
0.024899
0.017564
-0.0060349
0.01023
0.021391
0.026175
0.0019378
-0.011456
-0.005716
0.0070404
0.0025757
0.0038513
-0.018153
-0.029315
-0.027721
-0.030272
-0.02804
-0.028359
-0.031229
-0.041434
-0.026445
-0.023575
-0.023894
-0.025807
-0.023894
-0.017197
-0.016878
-0.005716
-0.0060349
-0.0082673
-0.0098618
-0.0073105
-0.0041214
-0.0047593
-0.0034836
-0.0098618
-0.014964
-0.0031647
0.008635
0.00098112
-0.0012513
2.4388e-05
-0.0044404
0.0019378
0.017883
0.0064026
0.0003433
0.0022568
0.0032135
0.004808
0.0032135
0.00098112
-0.0079484
0.00066221
0.0013
0.0054459
-0.0012513
-0.002208
0.00066221
0.0044891
0.012462
0.023624
0.016608
0.016289
0.019797
0.0131
0.01597
0.018202
0.025537
0.018521
0.028407
0.022986
0.023305
0.022986
0.015651
0.013738
0.014375
0.020435
0.0070404
-0.0028458
-0.0069916
-0.00061343
-0.0073105
0.0028946
-0.0050782
-0.018791
-0.019429
-0.00061343
0.0073593
-0.0015702
0.0003433
0.0035324
0.0019378
0.0060837
0.016927
-0.0025269
-0.009224
0.0028946
-0.017835
-0.015283
-0.013051
-0.026764
-0.040796
-0.02804
-0.031548
-0.028678
-0.032823
-0.018153
-0.016878
-0.024213
-0.024851
-0.0069916
-0.0050782
-0.0034836
0.011505
0.0051269
0.0051269
0.011824
0.0038513
-0.0063538
0.015651
0.0060837
0.0089539
0.01023
0.008635
-0.0044404
-0.0089051
0.011505
0.0064026
-0.005716
0.015332
0.020435
0.0076782
0.0022568
0.0067215
-0.0018891
0.0035324
0.020116
0.022029
0.013419
0.0099106
0.00098112
0.0019378
0.008316
0.016927
-0.012413
-0.021343
-0.020386
-0.020705
-0.026445
-0.031867
-0.037288
-0.049407
-0.035375
-0.034418
-0.026126
-0.031229
-0.032504
-0.027083
-0.022937
-0.015602
-0.0012513
0.0032135
-0.014008
-0.0063538
-0.0028458
-0.0028458
-0.0015702
-0.0050782
-0.01911
-0.0060349
0.0022568
-0.00061343
-0.012732
-0.0073105
-0.010181
-0.0095429
0.0003433
-0.010819
-0.013051
-0.014964
-0.012413
-0.0098618
-0.011775
-0.011775
-0.011137
0.0028946
-0.00061343
0.0038513
0.004808
0.0079971
0.013419
0.01597
0.015332
0.030002
0.020754
0.0095917
0.012143
0.034786
0.05392
0.015332
0.010548
0.0099106
0.025856
0.02171
0.020754
0.011186
0.0057648
0.0016189
0.0041702
-0.0015702
0.0054459
-0.0015702
-0.026126
-0.028678
-0.01911
-0.018791
-0.028678
-0.043028
-0.058336
-0.03952
-0.031229
-0.034418
-0.034737
-0.030591
-0.026445
-0.023256
-0.0095429
-0.021343
-0.019429
-0.021661
-0.017197
-0.014645
-0.014327
-0.015283
-0.020386
-0.01624
-0.0089051
-0.0012513
-0.0069916
-0.0063538
-0.0047593
-0.0050782
0.0003433
0.0131
0.0013
-0.0034836
0.0019378
0.0019378
0.0032135
0.00066221
-0.0012513
-0.014964
-0.0015702
-0.0015702
-0.00061343
-0.0076295
-0.0073105
-0.0044404
-0.0031647
0.0051269
0.0067215
0.0060837
-0.0034836
0.0025757
0.0044891
0.0060837
0.00098112
-0.0044404
-0.0053971
0.012781
0.012781
0.0025757
0.0041702
0.004808
0.0079971
0.020435
0.019797
0.0089539
0.01023
0.0092728
0.015013
0.014694
0.01023
0.0095917
0.015013
0.022348
0.0095917
0.017564
0.016608
0.014056
0.014694
0.0003433
0.013419
0.03638
0.023305
-0.0069916
-0.0015702
0.0070404
-0.0073105
-0.0069916
-0.011137
-0.027721
-0.014645
-0.020067
-0.020386
-0.015921
-0.026445
-0.033461
-0.033461
-0.023894
-0.023894
-0.036331
-0.046855
-0.038564
-0.041753
-0.041115
-0.037607
-0.04558
-0.055466
-0.041434
-0.031229
-0.028678
-0.029634
-0.032186
-0.028678
-0.022618
-0.0044404
-0.015921
-0.012413
-0.0089051
-0.0076295
-0.0105
-0.0095429
-0.0105
-0.01911
-0.013689
-0.014327
-0.0060349
-0.011775
-0.011456
-0.010181
-0.0105
-0.0050782
0.0060837
-0.0025269
-0.015921
-0.0095429
-0.0066727
-0.0076295
-0.0085862
-0.011137
-0.022618
-0.009224
-0.0063538
-0.0076295
-0.010819
-0.010819
-0.0073105
-0.0082673
0.0028946
-0.00029452
-0.0038025
-0.0063538
0.0044891
0.0073593
0.0041702
0.010548
0.0003433
-0.0069916
0.0028946
0.0131
0.008635
0.012781
0.014694
0.011824
0.01023
0.015013
0.0067215
0.004808
0.0057648
0.0019378
-0.00061343
-0.0041214
-0.010819
-0.021343
-0.009224
-0.0082673
-0.009224
-0.01624
-0.017516
-0.015283
-0.015602
-0.009224
0.0041702
-0.0073105
-0.0073105
-0.005716
-0.0060349
-0.0031647
0.0038513
-0.00093234
-0.0073105
0.0028946
0.0099106
0.0073593
0.0032135
-0.00061343
0.0025757
0.0092728
0.01597
0.0032135
0.0032135
0.0038513
0.0079971
0.0038513
-0.00029452
-0.010181
-0.01337
-0.014327
-0.0015702
0.0041702
0.00098112
-0.00029452
0.00066221
-0.0028458
-0.0031647
0.014056
2.4388e-05
-0.0073105
-0.0069916
-0.0069916
-0.0041214
-0.0066727
-0.0105
-0.021343
-0.013689
-0.01337
-0.013051
-0.016559
-0.016878
-0.015283
-0.015921
-0.009224
-0.0018891
-0.0105
-0.016878
-0.01337
-0.012094
-0.012094
-0.011775
-0.015283
-0.025807
-0.011775
-0.0076295
-0.0098618
-0.012094
-0.012732
-0.011137
-0.010181
0.0022568
-0.0060349
-0.0079484
-0.0089051
-0.0053971
-0.0050782
-0.0069916
-0.0076295
-0.014008
-0.018472
-0.0085862
-0.002208
-0.0063538
-0.0079484
-0.0085862
-0.0079484
-0.0053971
0.008316
-0.0034836
-0.0069916
-0.0047593
-0.0031647
-0.0015702
-0.0044404
-0.0060349
-0.015283
-0.0034836
-0.0028458
-0.00061343
-0.0066727
-0.0069916
-0.0031647
-0.0031647
0.0019378
0.011186
0.0013
-0.0082673
-0.0015702
2.4388e-05
-0.00061343
0.0032135
-0.0038025
-0.014964
0.0025757
0.017246
0.046904
0.030002
0.018521
0.01884
0.030002
0.04818
0.041483
0.041483
0.033829
0.029045
0.026813
0.0099106
0.010548
0.0076782
-0.0028458
-0.016559
-0.018472
-0.020386
-0.026764
-0.033142
-0.038564
-0.035056
-0.021343
-0.035056
-0.040477
-0.038564
-0.032504
-0.032504
-0.032823
-0.032823
-0.042072
-0.02804
-0.02517
-0.023575
-0.027721
-0.026764
-0.019748
-0.020705
-0.012094
-0.0076295
-0.01337
-0.018153
-0.011456
-0.010819
-0.012732
-0.013051
-0.018153
-0.027083
-0.0098618
-0.005716
-0.010819
-0.010819
-0.0079484
-0.009224
-0.005716
0.0073593
-0.0015702
2.4388e-05
-0.0031647
2.4388e-05
0.0019378
0.0003433
2.4388e-05
-0.0085862
-0.0082673
-0.0012513
0.0057648
-0.00061343
-0.0038025
-0.002208
-0.0018891
0.0016189
0.013419
0.00098112
-0.0060349
-0.0015702
-0.00061343
-0.0015702
-0.0025269
-0.0044404
-0.014964
-0.0018891
-0.00061343
0.0013
-0.0031647
-0.0079484
-0.0041214
-0.00061343
0.0073593
0.008635
0.010867
0.011186
0.010548
0.0089539
0.0089539
0.012462
0.014694
0.0032135
0.015651
0.017883
0.021072
0.023943
0.012462
0.010867
0.02171
0.029045
0.0092728
0.0041702
0.0032135
0.0025757
0.0028946
-0.0050782
-0.014645
-0.024213
-0.017835
-0.020067
-0.02198
-0.026445
-0.025807
-0.027083
-0.03091
-0.026126
-0.015283
-0.023256
-0.031867
-0.028359
-0.028359
-0.027721
-0.026126
-0.027721
-0.036331
-0.020705
-0.021024
-0.021661
-0.022618
-0.022937
-0.019429
-0.017197
-0.0089051
-0.0076295
-0.012413
-0.016559
-0.011456
-0.0098618
-0.010819
-0.0095429
-0.017835
-0.025807
-0.011456
-0.0018891
-0.0060349
-0.0085862
-0.0066727
-0.0076295
-0.0053971
0.0070404
-0.0031647
-0.0047593
-0.0034836
2.4388e-05
2.4388e-05
-0.0047593
-0.0038025
-0.014964
-0.0069916
-0.002208
-0.0012513
-0.0069916
-0.0098618
-0.010181
-0.0069916
0.0013
0.012462
-0.0018891
-0.0095429
-0.0038025
-0.0031647
-0.002208
-0.0031647
-0.0047593
-0.012094
-0.00029452
0.0025757
-0.0015702
-0.002208
-0.00029452
0.0003433
0.00098112
0.010548
0.0095917
0.004808
2.4388e-05
0.010548
0.01023
0.0041702
0.0044891
-0.0060349
-0.014008
-0.0015702
0.0095917
0.0051269
-0.0018891
-0.0053971
-0.0105
-0.0085862
0.012781
0.0022568
-0.005716
-0.009224
-0.005716
0.0067215
0.0057648
0.0016189
-0.0095429
0.0032135
0.0070404
0.0079971
0.0054459
0.0051269
0.0060837
0.0067215
0.008635
0.010867
-0.0015702
-0.011137
-0.0079484
-0.01337
-0.015283
-0.017516
-0.028678
-0.041115
-0.026126
-0.026764
-0.028996
-0.03378
-0.033142
-0.030591
-0.032504
-0.017516
-0.02198
-0.025488
-0.029634
-0.020705
-0.02198
-0.02198
-0.023575
-0.029953
-0.03378
-0.020386
-0.012732
-0.015602
-0.017835
-0.017835
-0.017197
-0.012413
0.0019378
-0.0105
-0.012094
-0.0098618
-0.0079484
-0.0060349
-0.0044404
-0.0069916
-0.01624
-0.0076295
-0.005716
0.0003433
-0.0034836
-0.005716
-0.0028458
-0.002208
0.0028946
0.013738
0.0016189
-0.0050782
-0.0050782
-0.0069916
-0.0025269
-0.002208
-0.0095429
-0.019748
-0.005716
-0.0044404
-0.002208
-0.0060349
-0.0038025
0.00098112
-0.0034836
0.008635
2.4388e-05
0.0035324
0.0022568
0.0070404
0.0070404
0.0003433
2.4388e-05
-0.0085862
-0.013689
-0.0041214
0.0035324
-0.0028458
-0.01337
-0.010819
-0.010819
-0.0089051
0.0028946
-0.015283
-0.013689
-0.010819
-0.013689
-0.013051
-0.015283
-0.015921
-0.020067
-0.014327
-0.017197
-0.014008
-0.014645
-0.014645
-0.012732
-0.013689
-0.005716
-0.0015702
-0.0085862
-0.015921
-0.010181
-0.0095429
-0.0105
-0.0085862
-0.013689
-0.025807
-0.010181
-0.0073105
-0.0089051
-0.010819
-0.011775
-0.011456
-0.0089051
0.0035324
-0.0044404
-0.005716
-0.0095429
-0.0041214
-0.0041214
-0.005716
-0.0069916
-0.014645
-0.013689
-0.0038025
0.0028946
0.00066221
-0.0028458
0.0019378
0.0016189
0.004808
0.019159
0.0099106
0.01023
0.01023
0.0095917
0.0079971
0.0041702
0.0003433
-0.0095429
0.004808
0.0064026
0.012781
-0.0038025
-0.0076295
-0.0063538
-0.0041214
0.0131
0.012781
0.0067215
0.004808
0.008635
0.0057648
0.0079971
0.00098112
-0.00061343
-0.0073105
-0.0044404
0.0032135
-0.0047593
-0.0095429
-0.014645
-0.01337
-0.012732
-0.0050782
-0.020705
-0.02198
-0.023575
-0.022299
-0.024213
-0.026764
-0.027721
-0.03378
-0.033461
-0.028678
-0.022937
-0.026126
-0.026126
-0.027721
-0.026764
-0.024213
-0.0073105
-0.017516
-0.02517
-0.018153
-0.016559
-0.014964
-0.017197
-0.017516
-0.025807
-0.0105
-0.0105
-0.0085862
-0.012094
-0.0079484
-0.0066727
-0.0060349
0.0003433
0.0035324
0.00098112
-0.0063538
-0.0050782
-0.0085862
-0.0066727
0.00066221
-0.0098618
-0.019748
-0.0069916
-0.0025269
-0.0073105
-0.0089051
-0.009224
-0.009224
-0.0073105
0.0057648
-0.0073105
-0.0073105
-0.0076295
-0.0060349
-0.0038025
-0.0073105
-0.009224
-0.017516
-0.013051
-0.0082673
-0.0018891
-0.0085862
-0.0079484
-0.0063538
-0.0066727
-0.0028458
0.012781
2.4388e-05
-0.0079484
-0.0038025
-0.0034836
-0.0025269
-0.0041214
-0.0060349
-0.015283
-0.0038025
-0.0012513
-0.00061343
-0.0095429
-0.0098618
-0.0034836
-0.0044404
0.0022568
0.0022568
-0.0047593
-0.0066727
-0.0034836
-0.0028458
-0.002208
-0.0041214
-0.011456
-0.021661
-0.0105
2.4388e-05
-0.0015702
-0.0073105
-0.0069916
-0.0089051
-0.0053971
0.0073593
-0.0034836
-0.0038025
-0.0044404
-0.0034836
0.0025757
-0.0060349
-0.0047593
-0.0095429
-0.0079484
-0.0079484
0.0092728
0.0070404
-0.0012513
0.0013
-0.0066727
-0.0034836
0.0073593
-0.0073105
-0.018472
-0.018791
-0.014645
-0.020705
-0.02517
-0.026445
-0.034737
-0.012413
-0.0089051
-0.015921
-0.016559
-0.017516
-0.0079484
-0.0050782
0.012781
0.018521
0.010867
0.014056
0.02171
0.010548
0.0060837
0.0022568
-0.0038025
-0.013689
-0.0034836
0.0044891
-0.0053971
-0.01337
-0.015602
-0.017516
-0.017835
-0.0073105
-0.018472
-0.021343
-0.023575
-0.023256
-0.024213
-0.022299
-0.024851
-0.038245
-0.02804
-0.027083
-0.023894
-0.026126
-0.023894
-0.020067
-0.018472
-0.012732
0.0019378
-0.0041214
-0.0105
-0.0053971
-0.0018891
0.0019378
0.01023
0.014375
-0.002208
0.011186
0.017564
0.015651
0.010548
0.017246
0.022029
0.0079971
0.021072
0.011505
0.0092728
0.0044891
0.0054459
-0.00029452
-0.0050782
-0.00093234
-0.0041214
-0.015921
-0.010819
-0.0076295
-0.012732
-0.011775
-0.0089051
-0.0076295
-0.0047593
0.016608
0.0060837
-0.00029452
-0.00061343
0.0019378
0.0044891
0.00098112
0.011505
0.0013
0.0073593
0.010867
0.011824
0.0073593
0.013738
0.014375
0.016927
0.020754
0.026813
0.020754
0.015013
0.018521
0.017246
0.020754
0.021072
0.019797
0.0051269
0.0073593
0.0038513
0.0032135
0.00098112
0.0035324
0.0067215
0.00066221
0.0060837
-0.0025269
-0.0038025
0.0051269
0.012781
0.0041702
-0.0018891
0.0032135
0.0028946
-0.0066727
0.0076782
0.025856
0.02171
0.008316
0.0038513
0.0076782
0.014375
0.030321
0.017246
0.0095917
0.012781
0.022986
0.018202
0.011824
0.016608
0.0060837
0.0041702
0.004808
0.012462
0.011505
0.0099106
0.0095917
0.0032135
0.010548
0.016927
0.0067215
-0.0018891
-0.002208
0.010548
-0.0050782
-0.0063538
-0.0066727
-0.017197
-0.0105
-0.0012513
0.0070404
-0.0038025
-0.0050782
-0.0018891
0.010548
0.01023
0.0032135
0.0067215
0.0013
0.012781
0.021391
0.01597
0.01597
0.0060837
0.0095917
0.016608
0.020116
0.043396
0.035104
0.024262
0.029045
0.03064
0.05392
0.036061
0.034786
0.044353
0.029045
0.037018
0.046904
0.0095917
-0.02198
-0.0012513
0.0070404
0.0060837
-0.017516
-0.024851
-0.027083
-0.040477
-0.017516
-0.026126
-0.03952
-0.04845
-0.044942
-0.04558
-0.02804
-0.019429
-0.012094
-0.014964
0.0070404
0.0095917
0.010548
0.0095917
0.024899
0.040207
0.032234
0.046266
0.032553
0.047542
0.06285
0.046266
0.027132
0.028726
0.016289
-0.005716
-0.00093234
0.0041702
-0.005716
-0.015602
-0.02517
-0.01337
-0.005716
0.0079971
0.0064026
-0.01337
-0.009224
0.0067215
-0.00061343
0.00098112
0.0070404
0.0095917
0.0032135
0.019478
0.026813
0.044991
0.042121
0.031596
0.02777
0.021072
0.025856
0.034786
0.041483
0.023305
0.022667
0.025218
0.018202
0.0044891
-0.002208
-0.01911
-0.02804
-0.01911
-0.029634
-0.025488
-0.03665
-0.03952
-0.037926
-0.027721
-0.041115
-0.035694
-0.051958
-0.037288
-0.029634
-0.036012
-0.025488
-0.025807
-0.034418
-0.0050782
-0.015602
-0.042391
-0.02517
-0.018791
-0.014008
-0.012732
-0.01624
-0.0076295
-0.015283
-0.021343
-0.024851
-0.015283
-0.012094
-0.016878
-0.029315
-0.0089051
-0.024851
-0.040158
-0.033142
-0.018791
-0.023894
-0.030591
-0.035375
-0.024532
-0.034099
-0.053871
-0.050044
-0.055147
-0.049407
-0.046855
-0.053552
-0.067903
-0.056742
-0.031867
-0.020705
0.0025757
-0.013051
-0.012732
-0.0105
0.029683
0.01023
0.0057648
0.01884
0.037337
0.032553
0.02777
0.018202
0.00098112
-0.012094
0.016927
0.024262
0.032553
0.016608
-0.0082673
0.0131
0.024899
0.012781
-0.012094
-0.017516
-0.011775
-0.023575
-0.0050782
0.012462
-0.012094
-0.045261
-0.043985
-0.044942
-0.069179
-0.066947
-0.077152
-0.06599
-0.067266
-0.061525
-0.076195
-0.073325
-0.084806
-0.071093
-0.09246
-0.065033
-0.061844
-0.081935
-0.069817
-0.022299
-0.030591
-0.046855
-0.052915
-0.041753
-0.029315
-0.025807
0.012462
0.011186
-0.02198
-0.032823
-0.022618
-0.037607
-0.028996
-0.011456
-0.029634
-0.024213
-0.01337
-0.022618
-0.028359
-0.020705
0.010867
0.016608
0.0025757
-0.0025269
0.0092728
0.013738
0.022348
0.023305
0.0025757
0.013419
0.014056
0.0057648
0.023943
0.02777
-0.0105
-0.024213
-0.0069916
-0.0034836
-0.0015702
0.019797
0.018202
-0.0063538
0.014694
0.0051269
0.0044891
-0.029634
-0.01337
-0.038883
-0.049088
-0.0031647
0.0025757
-0.012732
-0.013051
-0.012094
-0.031229
-0.027721
-0.035056
-0.030272
-0.034099
-0.0076295
-0.019748
-0.013051
-0.022299
-0.031548
-0.055147
-0.036331
-0.038564
-0.029953
-0.042391
-0.043985
-0.055466
-0.060887
-0.070455
-0.057698
-0.073644
-0.061525
-0.032823
-0.026764
-0.027402
-0.058655
-0.060887
-0.050044
-0.023575
0.0095917
0.0051269
-0.009224
0.0032135
-0.0053971
0.022986
0.055196
0.024899
0.0003433
0.024899
0.048499
0.076244
0.020435
0.022348
0.039569
0.02171
0.06285
0.037975
0.020754
-0.011456
-0.0028458
-0.027083
-0.037288
-0.017197
-0.058974
-0.059931
-0.052277
-0.039839
-0.057061
-0.062801
-0.094054
-0.11351
-0.090865
-0.10075
-0.063758
-0.049407
-0.073963
-0.073963
-0.062163
-0.062163
-0.058974
-0.050044
-0.061206
-0.073006
-0.085762
-0.066628
-0.047812
-0.053234
-0.055466
-0.028996
-0.024213
-0.0063538
0.0013
0.0041702
0.01597
0.0089539
0.025218
0.025218
0.050412
0.044353
0.042758
0.052963
0.058704
0.068909
0.082622
0.069547
0.060298
0.056153
0.066995
0.099524
0.092189
0.070503
0.068271
0.068271
0.04818
0.059979
0.046904
0.052326
0.017883
0.0038513
-0.00061343
-0.0044404
-0.00061343
-0.0085862
-0.02198
-0.012732
-0.0069916
-0.0085862
-0.017516
-0.0050782
-0.022299
-0.014964
-0.018791
-0.041115
-0.058655
-0.069179
-0.042391
-0.071093
-0.095011
-0.079065
-0.066309
-0.061525
-0.085443
-0.15911
-0.14253
-0.13966
-0.094692
-0.11415
-0.093416
-0.049088
-0.058336
-0.048769
-0.024851
-0.041434
-0.057379
-0.032186
-0.016559
0.017246
0.032553
0.029045
0.049774
0.053601
0.047861
0.060617
0.030959
0.028726
0.030002
0.026813
0.016608
0.015332
0.0131
-0.026445
-0.020386
-0.013051
-0.014327
-0.016559
-0.017197
-0.035056
-0.045261
-0.027721
0.0076782
-0.0095429
-0.022299
-0.020386
-0.019748
-0.0095429
0.037337
0.030321
0.027132
0.008635
-0.0063538
0.0131
0.025856
0.012462
0.023624
0.032553
0.042121
0.015013
0.008316
0.0054459
0.028726
0.036699
0.015013
0.0013
-0.016878
0.0022568
-0.0089051
-0.0018891
0.012462
0.0035324
0.031915
-0.0050782
-0.047493
-0.028996
-0.045261
-0.063439
-0.037607
-0.061844
-0.046536
-0.075876
-0.058017
-0.053234
-0.041434
-0.06599
-0.04558
-0.058974
-0.067585
-0.053552
-0.038564
-0.014008
-0.03091
-0.014008
-0.0041214
-0.0095429
-0.022937
-0.011775
-0.009224
-0.029315
-0.02517
-0.024851
-0.03378
-0.031229
-0.022299
-0.050044
-0.044942
-0.035056
-0.021343
-0.01624
-0.0098618
-0.032823
-0.035056
-0.027721
-0.026126
-0.0044404
2.4388e-05
-0.0041214
-0.00029452
0.046904
0.078795
0.076244
0.041164
0.016608
0.020435
0.043715
0.052963
0.061255
0.058066
0.031596
0.02777
0.0041702
-0.026445
-0.042391
-0.0089051
-0.014327
-0.0044404
-0.0025269
-0.0025269
-0.034737
-0.044942
-0.02804
-0.01911
-0.0038025
0.00098112
-0.013689
-0.044623
-0.00061343
-0.012094
-0.044942
-0.081617
-0.057061
-0.042391
-0.039839
-0.051958
-0.058336
-0.095649
-0.1033
-0.090227
-0.1151
-0.092778
-0.090546
-0.078746
-0.037288
-0.023575
-0.023575
-0.022299
-0.012413
-0.022299
-0.009224
0.012462
0.01597
0.012462
0.02171
0.061255
0.038612
-0.0044404
-0.005716
0.038294
0.038612
0.055515
-0.018791
-0.056423
-0.056423
-0.032186
-0.02517
-0.020067
0.0073593
0.023943
0.02171
-0.0073105
-0.038883
-0.06025
-0.036969
-0.056742
-0.036012
-0.029315
-0.030591
-0.02804
-0.037607
-0.055785
-0.00093234
-0.0076295
-0.021343
-0.013051
-0.0038025
0.0025757
0.0019378
0.013419
0.063806
0.046904
0.028407
0.026175
0.054239
0.039569
0.032234
0.023305
0.0035324
0.004808
-0.0063538
-0.014964
-0.024532
-0.03665
-0.050044
-0.047174
-0.052915
-0.09246
-0.071093
-0.07779
-0.10107
-0.10777
-0.093735
-0.0864
-0.066309
-0.060569
-0.050363
-0.027721
-0.038564
-0.038564
-0.017516
-0.01337
0.01884
0.017246
0.008635
0.011824
-0.0012513
-0.0089051
-0.011456
-0.0069916
0.010548
0.017246
0.00098112
0.010867
-0.042072
-0.083849
-0.027083
-0.043985
-0.019748
0.044672
0.014694
-0.009224
0.0013
-0.03378
-0.040477
-0.033142
-0.063439
-0.065033
0.01884
0.011186
0.013738
-0.031229
-0.035375
-0.022299
0.0092728
0.010867
-0.026764
-0.05132
-0.039202
-0.028359
0.0067215
0.0092728
-0.0063538
-0.021343
-0.052915
-0.061206
-0.064395
-0.074919
-0.092778
-0.091503
-0.084806
-0.081617
-0.059931
-0.06025
-0.12084
-0.11797
-0.087357
-0.08066
-0.10203
-0.090546
-0.10043
-0.091184
-0.087357
-0.072049
-0.058336
-0.051639
-0.078109
-0.096924
-0.068222
-0.071093
-0.048769
-0.055785
-0.015602
-0.0076295
-0.035375
-0.030591
-0.028678
-0.030272
0.015651
0.053282
0.046266
0.069228
0.068271
0.079433
0.12918
0.08326
0.049137
0.078157
0.059661
0.055196
0.016289
0.037656
0.010548
-0.0034836
-0.0063538
-0.023575
-0.040796
-0.029634
-0.072049
-0.06599
-0.051639
-0.084806
-0.079703
-0.072687
-0.048131
-0.076833
-0.089908
-0.062801
-0.064395
-0.058336
-0.11638
-0.10553
-0.094054
-0.077471
-0.044942
-0.081935
-0.11542
-0.10745
-0.10107
-0.068222
-0.053552
-0.052915
-0.033142
-0.047812
-0.063439
-0.069179
-0.080979
-0.10713
-0.032504
-0.025807
-0.0034836
-0.026445
-0.07173
-0.065352
-0.042072
-0.00061343
-0.022299
-0.050363
-0.049088
-0.04845
-0.073963
-0.055147
-0.044304
-0.063758
-0.057698
-0.035375
-0.091184
-0.12626
-0.10203
-0.070136
-0.06886
-0.076833
-0.06886
-0.10777
-0.10266
-0.11446
-0.10043
-0.086081
-0.081298
-0.10522
-0.16453
-0.18813
-0.13232
-0.10968
-0.10872
-0.13806
-0.15784
-0.11574
-0.0982
-0.09246
-0.093416
-0.071411
-0.046536
-0.04271
-0.042391
-0.014645
-0.025488
-0.03378
-0.023894
-0.022299
0.012781
0.048499
2.4388e-05
0.028407
0.058704
0.011824
-0.005716
0.013738
0.013419
0.011505
0.0041702
0.030002
-0.0095429
-0.078746
-0.065352
-0.05419
-0.080979
-0.11542
-0.077471
-0.090227
-0.13487
-0.15784
-0.15911
-0.17091
-0.14859
-0.12148
-0.13679
-0.10745
-0.10235
-0.093735
-0.10203
-0.081617
-0.069179
-0.060569
-0.056423
-0.073325
-0.081617
-0.079703
-0.061844
-0.058336
-0.057061
-0.10203
-0.094692
-0.10713
-0.11255
-0.11733
-0.10458
-0.09246
-0.089589
-0.10043
-0.10617
-0.075557
-0.050682
-0.050363
-0.070455
-0.061844
-0.072368
-0.064714
-0.074919
-0.066309
-0.052596
-0.039839
-0.039202
-0.11638
-0.093416
-0.081617
-0.061844
-0.061844
-0.083849
-0.076195
-0.066309
-0.055785
-0.053871
-0.048131
-0.047493
-0.042072
0.030959
0.063806
-0.014327
-0.039202
-0.017835
0.027132
0.040845
0.046585
0.026175
-0.015921
-0.027083
-0.0085862
0.008635
0.022348
-0.03378
-0.060569
-0.090227
-0.061525
-0.06599
-0.10203
-0.081935
-0.087676
-0.08066
-0.086719
-0.078427
-0.085443
-0.080341
-0.090227
-0.091822
-0.038245
-0.03665
-0.078427
-0.079703
-0.047812
-0.053871
-0.039839
-0.05419
-0.10139
-0.03952
-0.041115
-0.072368
-0.072049
-0.050363
-0.072368
-0.045899
-0.034099
-0.041434
-0.10075
-0.08066
-0.059293
-0.050682
-0.080022
-0.08066
-0.075238
-0.085762
-0.13105
-0.11159
-0.078746
-0.074919
-0.10266
-0.084806
-0.096286
-0.094054
-0.084168
-0.088952
-0.1218
-0.069817
-0.054509
-0.0047593
0.041164
0.03351
0.043715
0.059979
0.067952
0.050093
0.012462
0.04818
0.065082
0.096335
0.11451
0.078476
0.027132
0.019797
0.015332
-0.0025269
-0.030272
-0.058017
-0.067585
-0.03665
-0.043028
-0.05132
-0.096605
-0.066309
-0.099476
-0.10266
-0.10426
-0.050363
-0.078109
-0.10553
-0.067266
-0.037607
-0.050682
-0.03665
-0.034418
-0.037607
-0.041753
-0.023256
0.013738
-0.0047593
0.060936
0.078476
0.070185
0.035742
0.023624
0.00098112
0.01597
0.028407
0.028088
0.013419
0.016289
0.0032135
-0.0073105
0.06572
0.083898
0.13588
0.086768
0.073374
0.054558
0.060298
0.052645
0.044353
0.064444
0.050412
0.073055
-0.015602
-0.0047593
-0.050682
-0.067903
-0.10011
-0.11638
-0.10043
-0.089908
-0.10968
-0.10266
-0.099794
-0.090227
-0.07173
-0.069179
-0.061844
-0.04558
-0.013689
0.010548
-0.035694
-0.064714
-0.055466
-0.04845
-0.013689
0.020754
0.011824
0.010867
0.030959
0.10208
0.081665
0.066039
0.061255
0.052326
0.073374
0.11164
0.064125
0.069228
0.053601
0.063806
0.032872
0.018202
0.0054459
-0.05419
-0.035056
-0.032186
-0.052277
-0.058336
-0.094054
-0.1218
-0.10011
-0.085125
-0.047174
-0.027083
-0.040158
-0.084487
-0.11478
-0.056742
-0.066309
-0.016559
-0.014008
-0.011456
-0.0073105
-0.03665
0.011824
-0.027402
-0.0085862
-0.029634
-0.010181
-0.020067
0.0051269
-0.022299
-0.04845
-0.092778
-0.071093
-0.020386
-0.066309
-0.054828
-0.044942
-0.048131
-0.06599
-0.068541
-0.077471
-0.079384
-0.050044
-0.051958
-0.013689
-0.0041214
-0.036012
-0.053234
-0.005716
0.023305
0.029045
0.019478
-0.013051
0.064444
0.12695
0.090914
0.094422
0.058066
0.034786
0.046266
0.043715
0.0079971
0.066358
0.027451
0.020754
-0.032504
-0.039839
-0.052915
-0.047812
-0.061844
-0.06025
-0.077152
-0.10139
-0.00061343
-0.015602
-0.035694
-0.047493
0.029364
0.080071
0.037975
-0.019429
0.010548
0.07752
0.042758
0.0019378
0.016608
0.013738
-0.0012513
-0.00029452
-0.027721
-0.065033
-0.1202
-0.14157
-0.1438
-0.13806
-0.12084
-0.1556
-0.17857
-0.1521
-0.13583
-0.13232
-0.10968
-0.089589
-0.064077
-0.0060349
0.011824
-0.002208
-0.022299
-0.035056
-0.033461
-0.024851
0.0019378
-0.0050782
2.4388e-05
-0.038883
-0.033461
-0.041753
-0.044942
-0.069817
-0.10011
-0.10585
-0.080022
-0.020067
-0.031867
-0.069179
-0.038245
-0.014645
0.042121
0.038612
0.0060837
-0.026445
0.077201
0.042758
0.074012
0.039569
0.058385
0.086449
0.080709
0.0057648
0.055196
0.078157
0.03064
0.02777
0.008635
-0.047493
-0.056104
-0.11064
-0.060569
-0.024532
-0.072687
-0.10841
-0.11733
-0.13743
-0.13966
-0.15369
-0.14285
-0.1741
-0.14221
-0.14221
-0.14125
-0.15337
-0.15273
-0.15752
-0.15879
-0.13583
-0.12531
-0.10426
-0.11032
-0.10649
-0.086081
-0.065352
-0.040477
0.012781
0.0076782
0.026813
0.072098
0.069866
0.058385
0.058066
0.054239
0.08613
0.078157
0.040207
0.0131
0.016608
0.022029
0.023624
-0.021343
-0.018153
-0.072687
-0.07779
-0.097881
-0.088952
-0.10011
-0.088314
-0.097243
-0.090227
-0.093735
-0.10617
-0.071093
-0.037288
-0.058336
-0.065352
-0.091184
-0.074919
-0.053552
-0.075238
-0.099157
-0.05419
0.055515
0.047223
0.024262
-0.0076295
-0.033142
-0.040158
-0.088314
-0.068541
0.017564
0.027451
0.023624
-0.017197
-0.053234
-0.077471
-0.076195
-0.088314
-0.087357
-0.094692
-0.09246
-0.079384
-0.081298
-0.096286
-0.071093
-0.054509
-0.077152
-0.038245
-0.053234
-0.052596
-0.061206
-0.019429
-0.050682
-0.048769
-0.058017
-0.033461
-0.045261
-0.017835
0.01023
-0.01624
-0.012094
0.0076782
0.02777
0.018202
-0.0015702
0.015651
0.048818
0.076244
0.06859
0.041483
0.050093
0.0054459
-0.022937
-0.021661
0.022348
-0.011775
0.015013
0.04531
-0.012413
-0.0076295
0.02171
0.0067215
0.0073593
-0.037288
-0.088633
0.0131
0.03351
0.008316
-0.0085862
-0.046855
-0.06886
-0.0864
-0.08927
-0.12499
-0.11989
-0.10585
-0.12339
-0.11829
-0.12403
-0.13838
-0.1336
-0.10075
-0.10809
-0.049088
-0.034418
-0.053871
-0.059612
-0.044304
-0.041434
-0.032504
-0.040477
0.013738
0.046904
0.025856
-0.00029452
-0.017197
-0.044304
-0.045261
0.016289
0.0067215
-0.017516
-0.03091
-0.036012
-0.027083
-0.056742
-0.021343
-0.022299
0.0054459
-0.032504
-0.043347
-0.011456
0.008635
-0.0066727
-0.01337
-0.010181
-0.0028458
-0.0028458
-0.0076295
0.036699
0.067314
0.008316
-0.0069916
-0.015283
-0.02804
-0.012413
-0.014327
0.062531
0.079433
0.048499
0.051369
0.036699
0.035742
0.028407
-0.010819
-0.027721
0.016608
0.017246
0.031278
0.023624
-0.030591
-0.059293
-0.028359
-0.027083
-0.030272
-0.0076295
-0.038883
-0.029953
-0.071411
-0.04558
-0.024532
-0.023894
-0.049407
-0.026126
-0.035694
-0.07779
-0.082892
-0.079703
-0.050363
-0.086081
-0.064395
-0.075876
-0.10681
-0.083849
-0.079065
-0.079703
-0.058017
-0.038245
-0.029634
-0.019748
-0.011456
0.025218
0.035742
0.014694
0.05105
0.039569
0.037337
0.02171
0.0073593
0.015013
0.041164
0.055196
0.061574
0.0076782
-0.022937
-0.032504
-0.052596
-0.053871
-0.056423
-0.051639
-0.065352
-0.044623
-0.053871
-0.037607
-0.027083
-0.02804
-0.02198
0.0035324
0.015332
0.02777
0.028726
0.015332
0.069547
0.017883
0.017883
0.059661
0.058066
0.060617
0.069228
0.022029
-0.0060349
0.015013
0.0028946
-0.0079484
-0.065671
-0.065033
-0.017835
-0.048131
-0.091184
-0.087676
-0.10617
-0.11702
-0.11574
-0.12371
-0.13456
-0.12084
-0.12052
-0.13456
-0.11255
-0.094054
-0.093735
-0.085443
-0.064395
-0.069817
-0.069817
-0.065033
-0.056423
-0.044942
-0.035375
-0.025488
-0.038883
0.014056
0.014694
0.023943
0.045629
0.05105
0.081028
0.067633
0.044034
0.076244
0.061574
0.017883
0.025218
0.032553
0.065401
0.039569
0.0099106
-0.020705
-0.029634
-0.038883
-0.049726
-0.043666
-0.058655
-0.043347
0.0003433
0.03638
0.066039
0.06572
0.072736
0.059661
0.028088
0.031278
0.07433
-0.002208
0.016289
0.053601
0.03925
0.033829
0.0035324
-0.037926
-0.078746
-0.091184
-0.08066
-0.083849
-0.0864
-0.095649
-0.0982
-0.091184
-0.087995
-0.085443
-0.095649
-0.081298
-0.070774
-0.055785
-0.039839
-0.031548
-0.036331
-0.043985
-0.03091
-0.0098618
-0.010819
-0.044623
-0.021024
-0.00061343
0.0041702
2.4388e-05
-0.011775
-0.025807
-0.0098618
-0.0050782
0.01023
0.02171
0.020435
0.013738
0.026813
0.037656
0.018521
0.0073593
-0.0028458
0.045629
0.06285
0.050093
0.051688
0.080709
0.069547
0.08039
0.069866
0.046904
0.076563
0.081984
0.053282
0.083898
0.16267
0.10495
0.089319
0.056153
0.035742
0.028407
-0.020705
0.026175
0.0038513
0.022029
-0.032186
-0.0073105
-0.014645
-0.042072
-0.044623
-0.019748
-0.047174
-0.010181
-0.014008
-0.029953
-0.026445
-0.0098618
0.057747
0.070185
0.061574
0.019159
0.020435
-0.0098618
-0.012413
0.024899
0.028407
0.022029
0.024899
0.059023
0.019478
-0.021024
-0.058974
-0.040477
-0.036331
-0.038245
-0.064395
-0.097562
-0.069817
-0.029315
-0.026126
-0.043028
-0.035056
-0.032186
-0.039839
-0.031548
0.025218
0.046266
0.075925
0.043396
0.06859
0.10877
0.11419
0.06859
-0.0031647
0.046904
0.079114
0.10622
0.12344
0.073374
-0.0095429
0.022029
0.035104
0.010548
-0.01911
-0.039839
-0.019748
-0.0073105
-0.026445
-0.013689
-0.030591
-0.029634
-0.005716
0.0003433
0.039569
0.034148
0.038294
0.035104
0.037018
0.055196
0.041483
0.0044891
0.082941
0.07433
0.066677
0.075606
0.048818
0.0070404
-0.018472
0.0025757
-0.0047593
-0.036331
-0.046536
-0.041434
-0.04271
-0.04845
-0.020705
-0.06025
-0.065671
-0.055147
-0.053871
-0.033142
-0.018153
-0.0063538
-0.0066727
0.004808
0.0089539
0.02171
0.0054459
-0.0041214
0.058385
0.070822
0.10495
0.094741
0.073374
0.052326
0.056471
0.041483
0.084217
0.066995
0.026494
0.042758
0.047223
0.055196
0.034786
0.029045
0.022986
0.046585
0.042121
0.040845
0.027451
0.01597
0.035104
0.054239
0.020116
0.034467
0.01884
-0.0034836
0.037018
0.022029
0.0032135
0.039888
0.02171
-0.0085862
-0.02198
-0.0031647
-0.0041214
0.0067215
0.012462
-0.017197
-0.00061343
-0.020386
0.015651
0.042121
0.0095917
-0.005716
0.022986
0.052326
0.068909
0.028088
0.03064
0.044034
0.063487
0.043077
0.0099106
0.027451
0.059023
0.084536
0.051369
0.047223
0.0067215
0.0044891
-0.0069916
0.0095917
0.070822
0.061893
0.037975
0.03351
0.046904
0.06285
-0.01337
-0.0079484
0.016289
0.028726
0.043715
0.040207
0.02171
0.0003433
-0.014964
0.0003433
0.0035324
-0.0063538
-0.0082673
0.036061
0.055196
0.058385
0.064763
0.041164
0.0060837
0.020754
0.059979
0.058066
0.059661
0.044034
0.031278
0.051369
0.057428
0.055515
0.044353
0.030002
0.060617
0.057109
0.064763
0.058704
0.035423
0.02458
0.014694
0.028407
0.043077
0.033191
-0.0066727
-0.022937
0.027451
0.008316
-0.01337
-0.023256
-0.031548
-0.024851
-0.00061343
0.0013
-0.014327
0.0035324
-0.0041214
-0.00093234
0.004808
0.013419
0.016608
0.012781
0.027451
0.031915
0.035423
0.028088
0.031596
0.055515
0.085492
0.072098
0.057109
0.048818
0.03925
0.050412
0.055515
0.064763
0.035742
0.061255
0.040207
0.037337
0.046266
0.046266
0.044353
0.03925
0.049137
0.052326
0.071141
0.06285
0.060298
0.057109
0.071779
0.082941
0.060617
0.055834
0.087406
0.060936
0.075606
0.088362
0.072417
0.062212
0.067952
0.054558
0.078476
0.12791
0.11069
0.086768
0.096016
0.089638
0.10654
0.11132
0.10782
0.093146
0.088681
0.098886
0.11579
0.094422
0.069228
0.059342
0.049137
0.059661
0.078476
0.043077
0.022986
0.022348
0.021391
0.0131
0.008635
0.010867
-0.011137
-0.010181
0.03064
0.042121
0.026175
0.019797
0.027451
0.021072
0.03064
0.033191
0.039569
0.023305
0.029045
0.059979
0.064444
0.057109
0.041483
0.044991
0.050731
0.044034
0.038612
0.045947
0.035742
0.058385
0.061574
0.067314
0.047223
0.03351
0.022986
0.02777
0.028726
0.02777
0.02458
0.0019378
0.012781
0.0131
0.0070404
0.017883
0.028726
0.029364
0.022986
0.023943
0.040845
0.035742
0.028407
0.041164
0.04818
0.055834
0.061255
0.059342
0.046585
0.070185
0.073693
0.070822
0.073055
0.078795
0.085492
0.076882
0.075606
0.097292
0.082303
0.066677
0.085492
0.10239
0.10431
0.11101
0.10399
0.075925
0.088681
0.089638
0.10558
0.082303
0.070185
0.085811
0.063487
0.081346
0.060617
0.05392
0.060617
0.077838
0.071141
0.079433
0.061893
0.052645
0.077201
0.064125
0.079752
0.07146
0.061255
0.037656
0.04818
0.096016
0.058704
0.025856
0.014694
0.0099106
-0.0025269
-0.005716
-0.005716
-0.014327
-0.035375
-0.01911
-0.0098618
-0.0044404
0.0079971
0.015651
0.025218
0.029045
0.037337
0.01884
0.030002
0.043396
0.061574
0.064763
0.052326
0.06285
0.051369
0.052326
0.064125
0.065401
0.051688
0.047542
0.061255
0.069228
0.064763
0.069547
0.057109
0.050731
0.04531
0.046585
0.047223
0.050093
0.03638
0.020435
0.031596
0.047542
0.038612
0.050093
0.03925
0.024899
0.025218
0.064444
0.07752
0.074649
0.059979
0.07146
0.061574
0.037018
0.074012
0.088681
0.068909
0.075287
0.052326
0.02171
0.027451
0.043396
0.027132
0.022986
0.030002
0.014056
0.00066221
-0.010819
-0.0079484
-0.0044404
0.0035324
0.00098112
-0.0050782
0.0067215
0.0067215
0.033829
0.029045
0.016927
0.036061
0.048499
0.021072
0.044991
0.027451
0.047861
0.039888
0.031596
0.03064
0.031278
0.023624
0.0054459
0.01884
0.026175
0.022348
0.020754
0.01597
0.01884
0.021391
0.044353
0.030959
0.025856
0.014375
0.012462
0.025856
0.035742
0.026813
0.018202
0.015013
0.032872
0.037975
0.035423
0.029683
0.034786
0.030002
0.038931
0.067314
0.064444
0.056471
0.06285
0.052963
0.053282
0.049774
0.043715
0.04818
0.052007
0.048818
0.048818
0.03925
0.051369
0.045629
0.039888
0.046904
0.069547
0.088362
0.093146
0.098568
0.1783
0.19041
0.16968
0.17224
0.17574
0.17128
0.21656
0.21816
0.18467
0.17224
0.16331
0.13301
0.13142
0.11388
0.079114
0.031596
-0.0095429
-0.032823
-0.035056
-0.040477
-0.073325
-0.10075
-0.093097
-0.088952
-0.090227
-0.09533
-0.091503
-0.080979
-0.074601
-0.044942
-0.034418
-0.039839
-0.032186
-0.015921
-0.0082673
2.4388e-05
-0.015283
0.0035324
0.023943
0.019159
0.038612
0.041164
0.0064026
0.014694
0.032234
0.041164
0.044991
0.026175
0.01597
0.01023
0.018521
0.028407
0.034148
0.034467
0.012143
-0.0085862
0.011824
0.022029
0.016289
0.010548
0.010867
0.0073593
0.0016189
0.021072
0.023624
0.0032135
0.0089539
0.0131
0.008635
0.029045
0.014056
-0.0025269
0.012781
0.066677
0.059342
0.058385
0.055834
0.073374
0.07433
0.072736
0.073055
0.09187
0.10845
0.10367
0.081665
0.088362
0.10335
0.084536
0.091233
0.093465
0.10303
0.082941
0.079752
0.090595
0.10271
0.10239
0.11962
0.1059
0.087087
0.091233
0.064763
0.07433
0.065401
0.06859
0.016289
0.0070404
0.0131
0.0079971
-0.020386
-0.043347
-0.043347
-0.053234
-0.056742
-0.068541
-0.077471
-0.076833
-0.07779
-0.071411
-0.06886
-0.058655
-0.048769
-0.050044
-0.042391
-0.02804
-0.03378
-0.026126
-0.019429
-0.014645
-0.0041214
0.020116
0.015332
0.0044891
0.0003433
-0.0015702
0.0028946
0.022667
0.010867
-0.017197
-0.012413
-0.012413
0.0079971
-0.021343
-0.025807
-0.013689
-0.019429
0.0013
0.0073593
0.0013
-0.0095429
-0.009224
-0.013051
-0.014645
-0.0079484
2.4388e-05
-0.0031647
0.031915
0.066358
0.11451
0.12631
0.092827
0.097292
0.12982
0.1547
0.16777
0.19807
0.1936
0.18786
0.21465
0.15725
0.15183
0.14034
0.12759
0.14034
0.12599
0.086768
0.057747
0.023624
0.03064
0.028407
0.034786
-0.011775
-0.044623
-0.042391
-0.039839
-0.04271
-0.068541
-0.079384
-0.099157
-0.093416
-0.09533
-0.11223
-0.11925
-0.12882
-0.12339
-0.1403
-0.11191
-0.10522
-0.12052
-0.11255
-0.08927
-0.091503
-0.094054
-0.07779
-0.083849
-0.079703
-0.04558
-0.035375
-0.022299
0.0019378
0.0035324
0.0016189
0.0092728
0.037018
0.032872
0.054877
0.080709
0.10112
0.089957
0.10271
0.10495
0.11228
0.10558
0.08613
0.10048
0.095378
0.11324
0.075287
0.092827
0.092827
0.07146
0.016608
0.0092728
0.01884
0.0067215
0.00098112
-0.016559
-0.022618
-0.02198
0.0064026
-0.017516
-0.0089051
-0.0028458
-0.0015702
-0.0076295
-0.0050782
0.055515
0.058704
0.032553
0.034786
0.025537
0.025856
0.034148
0.020116
0.022986
0.016927
0.0013
-0.023256
-0.053552
-0.049407
-0.058974
-0.067266
-0.088952
-0.072049
-0.10809
-0.12913
-0.10904
-0.10841
-0.10203
-0.095011
-0.081617
-0.10171
-0.087357
-0.072687
-0.059931
-0.061525
-0.057698
-0.043028
-0.025488
-0.026126
-0.017197
-0.040477
-0.040477
0.033829
0.017564
-0.0041214
0.023305
0.019797
0.004808
0.0038513
0.012462
0.039569
0.052326
0.053601
0.046585
0.012462
0.032872
0.059342
0.043077
0.015013
0.008635
0.0013
0.017564
0.060617
0.11037
0.080071
0.061255
0.066358
0.067952
0.075287
0.076882
0.087725
0.076563
0.053601
0.012781
-0.013051
-0.041753
-0.049088
-0.070774
-0.094373
-0.12307
-0.16103
-0.17059
-0.16932
-0.15082
-0.14349
-0.12563
-0.081935
-0.089908
-0.083849
-0.015921
-0.0050782
-0.010819
-0.014008
-0.031229
2.4388e-05
0.022348
0.050412
0.0070404
-0.00093234
0.047861
0.028726
-0.02198
-0.044942
-0.032186
-0.025488
-0.0082673
0.0073593
-0.030591
-0.037288
-0.02804
-0.029315
-0.022937
-0.030272
-0.051958
-0.06886
-0.057061
-0.037926
-0.028678
-0.022937
-0.02198
-0.024213
-0.026764
-0.0085862
-0.0060349
-0.00029452
-0.0018891
0.026175
0.031278
-0.013051
-0.027721
-0.018153
0.0028946
0.019159
0.0016189
-0.034418
-0.04845
-0.044942
-0.063439
-0.040158
-0.043028
-0.06025
-0.063439
-0.062801
-0.060569
-0.063758
-0.049088
-0.049088
-0.058974
-0.02517
-0.022618
-0.010819
-0.014327
-0.0073105
0.00098112
0.01597
0.015651
0.008635
0.012462
0.031278
0.034467
0.0131
0.013419
0.021072
0.0099106
0.0044891
0.0095917
0.0070404
-0.00093234
-0.0018891
-0.012413
-0.018791
0.018202
0.054558
0.040207
0.047223
0.073374
0.091233
0.076244
0.061255
0.096335
0.10016
0.13301
0.1346
0.090276
0.052645
0.06572
0.052645
0.049137
0.019797
0.012781
-0.014327
-0.048131
-0.093416
-0.076195
-0.05132
-0.037607
-0.059612
-0.08066
-0.050682
-0.027721
-0.020386
0.011824
0.0076782
0.031596
0.05392
0.096973
0.037975
0.032553
0.0041702
0.012462
0.01597
0.011186
0.013419
-0.041753
-0.058336
-0.045261
-0.057379
-0.10235
-0.083849
-0.09533
-0.086719
-0.082892
-0.075557
-0.087676
-0.0982
-0.087676
-0.085443
-0.075557
-0.062163
-0.06886
-0.083849
-0.065033
-0.062482
-0.048769
-0.062482
-0.064714
-0.054509
-0.055147
-0.054828
-0.039202
-0.034099
-0.035694
-0.021343
-0.0047593
0.031915
0.06572
0.074649
0.093146
0.085492
0.10176
0.12631
0.11706
0.13907
0.15087
0.1598
0.1311
0.10271
0.1531
0.10654
0.043715
0.026175
0.064125
0.025537
-0.0038025
-0.022618
-0.023894
-0.014645
0.0044891
-0.0095429
-0.047174
-0.038564
-0.011137
0.0022568
-0.028678
-0.054828
-0.039202
-0.038564
-0.0015702
-0.065671
-0.091822
-0.10522
-0.10394
-0.068541
-0.10394
-0.13328
-0.11925
-0.12276
-0.1454
-0.132
-0.11829
-0.12435
-0.13328
-0.12913
-0.11893
-0.11925
-0.11957
-0.12052
-0.12116
-0.10617
-0.099476
-0.093097
-0.082573
-0.080022
-0.086081
-0.09246
-0.061206
-0.034099
-0.032186
-0.036012
-0.036331
-0.014008
-0.0060349
-0.020705
-0.022618
-0.0047593
0.0013
0.012781
0.029683
0.0067215
-0.0063538
-0.01911
-0.0060349
0.010548
-0.0012513
-0.0047593
0.0032135
-0.0076295
-0.015283
0.016608
0.055515
0.03925
0.056153
0.04818
0.057428
0.058066
0.078476
0.11037
0.1346
0.15087
0.1531
0.1126
0.072098
0.10239
0.096973
0.067633
0.082303
0.082622
0.039569
0.030959
0.010867
-0.012094
-0.047493
-0.048131
-0.076833
-0.057698
-0.070136
-0.085443
-0.094373
-0.085125
-0.10649
-0.11287
-0.11191
-0.094373
-0.10298
-0.089589
-0.072687
-0.082892
-0.095649
-0.060887
-0.053234
-0.049088
-0.056104
-0.02517
-0.015921
-0.036969
-0.053871
-0.069179
-0.035375
-0.031548
-0.043985
-0.059931
-0.022937
-0.019429
-0.011456
-0.026764
-0.055147
-0.052596
-0.047812
-0.050363
-0.044623
-0.020067
-0.027083
-0.021343
-0.032823
-0.039202
-0.042072
-0.05419
-0.04845
-0.028678
-0.020386
-0.025488
-0.026764
-0.01911
-0.014645
0.019478
0.07146
0.026175
0.019159
0.02171
0.029683
0.033829
0.048499
0.049455
0.053601
0.079114
0.058066
0.022667
0.01884
0.020435
-0.0015702
0.015651
0.026813
0.016927
-0.017835
-0.031548
-0.024532
-0.022937
0.0079971
-0.0082673
-0.026764
-0.026764
-0.00093234
-0.0089051
-0.037607
-0.0073105
0.01884
0.0054459
0.012143
-0.021024
-0.034099
-0.048769
-0.06025
-0.047174
-0.032186
-0.035694
-0.046536
-0.067903
-0.10043
-0.097881
-0.05419
-0.066628
-0.054509
-0.057698
-0.03952
0.037975
0.035742
0.0035324
0.0067215
0.010548
0.019797
0.053282
0.057109
0.042121
0.021072
0.014694
0.011505
-0.0038025
0.00066221
0.0054459
-0.027721
-0.018791
-0.013051
-0.040477
-0.090546
-0.078109
-0.045899
-0.044623
-0.038564
-0.011137
0.030321
0.0079971
-0.01911
-0.016878
-0.00061343
0.0016189
-0.0047593
0.0076782
0.00098112
0.014694
-0.00061343
-0.011775
-0.028678
-0.043028
-0.051001
-0.032186
-0.05132
-0.082892
-0.090546
-0.067903
-0.043347
-0.058017
-0.064395
-0.026764
-0.014964
-0.018153
-0.0079484
-0.0098618
-0.0031647
0.0095917
0.022029
0.025856
0.044353
0.037656
0.0067215
0.034148
0.032553
0.032553
0.022029
0.011505
0.0057648
0.036061
0.046904
0.027132
0.004808
-0.0076295
0.012781
0.022348
-0.005716
0.0051269
-0.0038025
0.015332
-0.0018891
0.058066
0.049774
0.0089539
-0.011456
2.4388e-05
0.0032135
0.025537
0.022986
0.022348
0.014694
0.038612
-0.00061343
-0.067903
-0.055466
-0.06599
-0.085762
-0.033461
-0.014645
-0.027721
-0.047174
-0.041115
-0.018791
-0.029953
0.0025757
-0.010819
-0.029634
-0.017835
0.019797
0.050093
0.059342
0.027451
-0.0089051
-0.0053971
0.020116
0.022348
-0.002208
-0.039202
-0.034099
-0.025488
-0.034737
-0.03665
0.0060837
0.021072
-0.0025269
-0.023575
-0.030591
-0.0069916
-0.00061343
0.0089539
0.021072
0.043396
0.063806
0.04818
0.019159
0.0016189
-0.00093234
0.022986
0.023305
-0.0041214
-0.0041214
-0.012094
-0.01911
-0.029953
-0.026126
-0.040158
-0.048131
-0.043028
-0.050682
-0.064077
-0.035694
-0.036012
-0.034099
-0.039202
-0.023575
-0.02517
-0.032823
-0.035375
-0.016878
-0.012732
-0.016559
0.012462
0.008635
0.024262
0.012462
0.015651
0.015013
0.022348
0.029683
0.023305
0.042758
0.042758
0.034786
0.054239
0.058385
0.037656
-0.014008
-0.010819
0.029364
0.032872
0.04818
0.066677
0.057747
0.038612
0.023305
0.05392
0.02458
0.059342
0.072417
0.044991
0.062212
0.052326
0.060936
0.074968
0.053601
0.035423
0.024262
0.012781
0.046266
0.0073593
0.012143
0.021072
0.0070404
0.015013
0.0057648
-0.014645
-0.056423
-0.062482
-0.040477
-0.036331
-0.066309
-0.074601
-0.10745
-0.092778
-0.092778
-0.079384
-0.085762
-0.093735
-0.080341
-0.091184
-0.077152
-0.071411
-0.058655
-0.055785
-0.051958
-0.048769
-0.037926
-0.031548
-0.041115
-0.043347
-0.043985
-0.03665
-0.027083
-0.019748
-0.028359
-0.035056
-0.023894
-0.027083
-0.041753
-0.037288
-0.025807
-0.025807
-0.0095429
-0.020067
-0.013689
-0.022299
-0.0069916
-0.011456
-0.011775
-0.00029452
0.0067215
0.022986
0.027132
0.038612
0.044353
0.052645
0.059342
0.070185
0.06572
0.064125
0.079752
0.1228
0.093784
0.088362
0.084536
0.10048
0.10845
0.10144
0.071141
0.068909
0.09793
0.082941
0.086449
0.034148
0.047861
0.052645
0.021072
0.0051269
0.008316
0.012781
0.028088
0.0041702
0.008635
-0.00093234
-0.028678
-0.024851
-0.013689
-0.022618
-0.026764
-0.020705
-0.034737
-0.039202
-0.055147
-0.069179
-0.079703
-0.090865
-0.090865
-0.082254
-0.069817
-0.090227
-0.087676
-0.083849
-0.075238
-0.070455
-0.073006
-0.073963
-0.063439
-0.053234
-0.03091
-0.036331
-0.061525
-0.028678
-0.037607
-0.023894
-0.00061343
-0.020705
-0.025488
-0.018791
-0.021661
-0.028996
0.0016189
0.0016189
0.0095917
0.022029
0.020754
0.0044891
0.019478
0.043077
0.053282
0.055515
0.058704
0.054558
0.035423
0.028726
0.023943
0.022029
0.0044891
0.046904
0.035104
0.012781
-0.024213
-0.047493
-0.036969
-0.043028
-0.031229
-0.024851
-0.018472
-0.0079484
-0.00029452
0.014694
0.0089539
0.023305
0.024899
0.030959
0.046904
0.056153
0.067633
0.055196
0.043077
0.026494
0.026175
0.017883
-0.0028458
0.0038513
-0.045261
-0.044623
-0.037288
-0.051639
-0.05132
-0.064714
-0.066309
-0.067266
-0.08066
-0.10298
-0.10171
-0.094373
-0.079065
-0.061525
-0.063439
-0.067903
-0.058017
-0.046218
-0.050044
-0.042391
-0.032186
-0.020386
-0.018153
0.0073593
0.0099106
-0.0018891
0.0076782
0.0019378
-0.0018891
-0.0018891
0.0064026
-0.0018891
0.030321
0.037337
0.044034
0.01597
0.031596
0.050731
0.052963
0.05679
0.047861
0.054239
0.072736
0.08039
0.10208
0.097611
0.075287
0.059661
0.032553
0.053601
0.043396
0.012781
0.047542
0.042121
0.028726
0.0003433
0.00066221
-0.039839
-0.024213
-0.0063538
-0.0041214
-0.03091
-0.060569
-0.065671
-0.035056
-0.017516
-0.015283
-0.01337
-0.027083
-0.02198
-0.035056
-0.02804
-0.03952
-0.016878
-0.033142
-0.040796
-0.056104
-0.032823
-0.040158
-0.043347
-0.047812
-0.064714
-0.057698
-0.06312
-0.065352
-0.070136
-0.06312
-0.051958
-0.053234
-0.025488
-0.034099
-0.045899
-0.035056
-0.046536
-0.058974
-0.040158
-0.031867
-0.040477
-0.043028
-0.024851
-0.0041214
-0.0095429
-0.011456
-0.01911
-0.00029452
-0.0018891
0.011186
0.0131
0.014694
0.021072
0.0057648
0.011824
0.01597
0.0057648
0.012781
0.028407
0.029364
0.030002
0.028726
0.015651
0.021391
0.025856
0.043396
0.054877
0.06285
0.059979
0.060617
0.035742
0.032234
0.040207
0.06572
0.040526
0.040526
0.044991
0.028407
0.026494
0.037656
0.02171
0.0095917
-0.012413
-0.028678
-0.031229
-0.023894
-0.026445
-0.020386
-0.013051
0.01884
-0.00029452
-0.024532
-0.011456
0.0073593
0.0028946
0.0041702
-0.0025269
0.020116
0.047861
0.050412
0.018202
-0.01911
-0.014645
-0.02804
-0.043028
-0.053552
-0.061844
-0.072368
-0.068222
-0.066947
-0.063758
-0.08066
-0.0864
-0.087357
-0.087038
-0.072687
-0.05132
-0.059612
-0.06599
-0.053234
-0.052277
-0.050363
-0.027721
-0.027083
-0.052277
-0.035375
-0.026126
-0.015602
-0.012732
-0.0076295
-0.0031647
-0.009224
0.0019378
-0.0047593
-0.0015702
0.0076782
-0.01337
-0.017197
-0.010181
0.0025757
0.0013
-0.0063538
-0.011137
-0.00029452
-0.0060349
-0.014327
-0.0069916
0.00098112
0.0067215
0.019478
0.0003433
-0.0082673
-0.014645
0.0060837
2.4388e-05
-0.013051
-0.016559
-0.023894
-0.017835
-0.019748
-0.014645
-0.011456
-0.0034836
-0.014964
-0.016878
0.0095917
0.042439
0.033829
-0.0095429
0.0019378
0.008635
0.013738
0.023624
0.008635
0.0028946
0.011505
0.012143
0.0032135
-0.012094
-0.029953
-0.014327
-0.042391
-0.029315
-0.02804
-0.02198
-0.04271
-0.050363
-0.050682
-0.042072
-0.037288
-0.044304
-0.042391
-0.02517
-0.0018891
-0.0082673
-0.013051
0.0016189
0.0041702
0.0099106
0.028407
0.01597
0.017246
0.008316
0.0041702
0.015013
0.015651
-0.0038025
-0.025807
-0.02198
-0.032504
-0.035375
-0.044623
-0.040158
-0.029315
-0.047493
-0.048769
-0.046218
-0.056104
-0.051639
-0.02517
-0.021343
-0.031229
-0.022618
-0.027402
-0.026764
0.008635
-0.0095429
-0.012094
0.0019378
-0.0025269
-0.002208
-0.00061343
0.017564
0.0003433
-0.016878
-0.027721
-0.014008
-0.00093234
-0.020067
-0.024532
-0.017835
-0.034418
-0.019429
0.0051269
-0.0050782
-0.010819
0.011186
0.02458
0.015651
0.025218
0.01023
0.016289
0.011186
-0.0063538
-0.010819
0.0016189
-0.01337
-0.029634
-0.028678
-0.022299
-0.04271
-0.061525
-0.041753
-0.054828
-0.06599
-0.04845
-0.048131
-0.056742
-0.056104
-0.04845
-0.054828
-0.05419
-0.04845
-0.065033
-0.071093
-0.049088
-0.041753
-0.04845
-0.037607
-0.038883
-0.038564
-0.028678
-0.0095429
-0.012413
-0.0098618
-0.0050782
0.0025757
0.0019378
0.0060837
-0.0085862
0.0032135
0.016927
0.026175
0.031596
0.018202
0.0092728
0.008316
0.008316
0.015332
0.028726
0.0044891
-0.0060349
-0.0041214
-0.0063538
-0.00093234
0.0035324
0.0003433
-0.0063538
0.015332
0.019478
0.020116
0.014375
0.0092728
0.02458
0.028407
0.034148
0.038294
0.035742
0.049774
0.037656
0.022348
0.024262
-0.0047593
-0.019748
-0.022618
-0.0041214
0.00066221
0.00098112
-0.015921
-0.015283
-0.02804
-0.029315
-0.027721
-0.038245
-0.028359
-0.012094
-0.023256
-0.038564
-0.035694
-0.044623
-0.065033
-0.058655
-0.04271
-0.046218
-0.063439
-0.067266
-0.058974
-0.060569
-0.053552
-0.036012
-0.044623
-0.054509
-0.046536
-0.042391
-0.03952
-0.036331
-0.035375
-0.043985
-0.02198
-0.019748
-0.021343
-0.029953
-0.03091
-0.016878
-0.016559
-0.014964
-0.01911
-0.014645
-0.018791
-0.019429
-0.018791
-0.022299
-0.017516
-0.023575
-0.022299
0.0070404
-0.0018891
0.0032135
0.013419
0.0032135
0.017246
0.019478
0.023624
0.0057648
-0.00093234
0.0060837
0.015332
0.017883
0.032872
0.021072
0.0003433
0.01597
0.016608
0.014375
0.0067215
0.015013
0.020116
0.013738
0.017564
0.037018
0.035742
0.022348
0.015651
0.0079971
2.4388e-05
0.0028946
-0.002208
-0.013689
-0.0060349
-0.011456
-0.0085862
-0.021024
-0.023894
-0.014008
-0.023256
-0.0012513
-0.0073105
-0.025807
-0.021024
-0.036331
-0.032186
-0.025488
-0.016878
-0.019429
-0.028359
-0.018791
-0.016878
-0.017197
-0.011456
-0.020386
-0.016559
-0.0047593
0.0025757
-0.01911
-0.031229
-0.0076295
-0.0098618
-0.014645
-0.015921
-0.031867
-0.050363
-0.031548
-0.022937
-0.022937
-0.024213
-0.023894
-0.021343
-0.023894
-0.010819
0.0003433
-0.0098618
-0.0028458
0.0051269
0.0016189
0.0041702
0.0044891
-0.0095429
-0.017197
0.0067215
0.004808
-0.0018891
-0.0082673
-0.013689
-0.0063538
-0.009224
-0.0012513
-0.014327
-0.013051
-0.012413
-0.017516
-0.01911
-0.015921
-0.014327
-0.026126
-0.027083
-0.016878
-0.0069916
-0.014645
-0.014327
-0.0085862
-0.012094
-0.0063538
0.014694
0.0041702
-0.0034836
0.0076782
0.011824
0.011505
0.026175
0.021072
0.0092728
0.020754
0.011505
0.027451
0.072736
0.059023
0.05105
0.030002
0.028088
0.035742
0.036061
0.040845
0.036699
0.043715
0.061893
0.031915
0.0060837
-0.0028458
-0.021024
-0.0050782
0.0099106
-0.016878
-0.027721
-0.024851
-0.035056
-0.03952
-0.056104
-0.039202
-0.056742
-0.06312
-0.070774
-0.073006
-0.073006
-0.081617
-0.070136
-0.065033
-0.061844
-0.063439
-0.056742
-0.055466
-0.057379
-0.055466
-0.028678
-0.037926
-0.043347
-0.037926
-0.03665
-0.034737
-0.035375
-0.040158
-0.046536
-0.027721
-0.026126
-0.02517
-0.03091
-0.032504
-0.028996
-0.023256
-0.014645
-0.015283
-0.019429
-0.026445
-0.019748
-0.018472
-0.017516
-0.017197
-0.024851
-0.033461
-0.017516
-0.0069916
-0.010819
-0.012413
-0.011775
-0.014327
-0.0079484
0.0051269
-0.0038025
-0.005716
-0.0073105
-0.0060349
2.4388e-05
0.0003433
-0.002208
-0.011137
-0.00061343
0.015332
0.017883
0.010548
0.0076782
0.022029
0.03638
0.041164
0.058704
0.058385
0.043396
0.045629
0.051688
0.053282
0.064763
0.046266
0.011824
0.038612
0.037018
0.031915
0.01023
-0.0031647
0.0025757
-0.014327
-0.011775
-0.018472
-0.026445
-0.02198
-0.035375
-0.031867
-0.03378
-0.030272
-0.038245
-0.048769
-0.03952
-0.014327
-0.024213
-0.037288
-0.028678
-0.028359
-0.021661
-0.018791
-0.02517
-0.022299
-0.02198
-0.02517
-0.034099
-0.033142
-0.040477
-0.049407
-0.042391
-0.035694
-0.038883
-0.050682
-0.04845
-0.043028
-0.049407
-0.043347
-0.033142
-0.044304
-0.051958
-0.044942
-0.041115
-0.032504
-0.022937
-0.028996
-0.039202
-0.023256
-0.018153
-0.019429
-0.014327
-0.010181
-0.010819
-0.012094
-0.0047593
-0.0082673
-0.005716
-0.010181
-0.0098618
0.0041702
0.0003433
-0.018153
-0.011456
-0.017835
-0.0069916
0.013419
0.031596
0.022348
0.028726
0.019159
0.014375
0.042439
0.052326
0.040207
0.038612
0.030321
0.035423
0.039888
0.027451
0.017883
0.015651
0.004808
0.0079971
0.008316
-0.0079484
0.0070404
0.0060837
0.00098112
0.0051269
-0.0050782
-0.017835
-0.017197
-0.02198
-0.011137
-0.0098618
-0.020067
-0.042391
-0.03665
-0.040158
-0.042391
-0.033142
-0.043347
-0.051958
-0.050682
-0.043347
-0.047812
-0.039202
-0.040477
-0.037288
-0.032823
-0.03091
-0.04558
-0.058655
-0.049407
-0.040477
-0.022937
-0.036969
-0.034099
-0.037926
-0.049407
-0.042391
-0.025488
-0.035056
-0.045261
-0.042072
-0.039202
-0.037926
-0.037607
-0.030272
-0.03952
-0.024532
-0.027083
-0.023575
-0.027721
-0.027402
-0.017516
-0.015283
-0.0060349
-0.0047593
-0.0038025
-0.010819
-0.00061343
0.0044891
0.0032135
0.0073593
0.00098112
-0.0089051
0.0032135
0.0060837
0.008316
0.0013
0.0028946
0.0089539
0.0016189
0.01023
-0.0018891
-0.0066727
-0.0085862
-0.005716
-0.0095429
-0.011775
-0.017516
-0.023256
-0.011775
-0.002208
0.00098112
-0.0028458
-0.00093234
0.0067215
0.0067215
0.0051269
0.019159
0.008635
0.0022568
0.0079971
0.014694
0.0095917
0.0016189
-0.0015702
-0.009224
-0.012413
-0.012732
-0.011456
-0.020705
-0.026445
-0.024851
-0.02517
-0.014327
-0.017197
-0.028996
-0.035375
-0.024851
-0.026764
-0.029953
-0.036331
-0.031867
-0.039202
-0.02198
-0.016878
-0.020705
-0.020067
-0.015921
-0.021024
-0.013689
0.0019378
-0.0095429
-0.0082673
-0.0053971
-0.0028458
-0.0047593
-0.0105
-0.014964
-0.026445
-0.014008
-0.0069916
-0.0034836
-0.0095429
-0.017197
-0.016878
-0.012094
-0.013689
0.0032135
-0.0028458
-0.022299
-0.017516
-0.0079484
-0.0025269
-0.0085862
-0.005716
-0.013051
0.01023
0.0079971
0.021072
0.013419
0.0028946
0.0064026
0.0131
0.026175
0.027132
0.015651
0.0089539
0.0089539
0.011505
-0.0012513
-0.010819
-0.014008
-0.027083
-0.022937
-0.0069916
-0.015921
-0.029315
-0.032823
-0.029953
-0.024851
-0.0082673
-0.020067
-0.01911
-0.01911
-0.019748
-0.02198
-0.014964
-0.014645
-0.029315
-0.020386
-0.012413
-0.0047593
-0.025488
-0.021024
-0.018791
-0.016559
-0.011456
-0.0076295
-0.014008
-0.030591
-0.028678
-0.028359
-0.026126
-0.01911
-0.022299
-0.04271
-0.03091
-0.028996
-0.014964
-0.022299
-0.022618
-0.017197
-0.017197
-0.0105
-0.013689
-0.016559
-0.017835
-0.013051
-0.014964
-0.012732
-0.020386
-0.028359
-0.034099
-0.023256
-0.01337
-0.021661
-0.021024
-0.015283
-0.018153
-0.01911
-0.0047593
-0.012413
-0.0079484
-0.005716
-0.0034836
0.00098112
-0.0015702
0.0013
-0.005716
-0.00061343
-0.0069916
-0.0047593
0.0019378
-0.0038025
-0.0015702
-0.0012513
-0.0015702
0.0051269
-0.0069916
-0.016878
-0.014645
-0.0073105
-0.010181
2.4388e-05
0.01884
-0.009224
0.013738
0.022986
0.020754
0.022348
0.028726
0.034786
0.032234
0.043715
0.044034
0.041164
0.029045
0.015332
0.0038513
0.008316
0.0041702
-0.0082673
-0.018791
-0.026126
-0.014964
-0.022937
-0.044304
-0.048769
-0.033142
-0.028996
-0.025488
-0.033142
-0.033142
-0.036012
-0.031867
-0.027402
-0.02517
-0.019748
-0.034418
-0.028678
-0.024532
-0.012094
-0.021024
-0.020067
-0.015921
-0.013051
-0.0060349
0.0044891
-0.002208
-0.0069916
-0.0063538
-0.014008
-0.013051
-0.0018891
0.00098112
-0.0105
0.0099106
-0.00029452
0.0044891
0.004808
0.00066221
-0.0063538
-0.0050782
0.015013
0.0003433
-0.002208
-0.00093234
2.4388e-05
-0.0060349
-0.0079484
-0.01911
-0.031548
-0.026126
-0.021343
-0.015921
-0.021024
-0.022937
-0.019748
-0.014964
-0.011775
0.0057648
-0.010819
-0.015921
-0.012732
-0.0063538
0.0022568
0.0003433
-0.00061343
-0.0098618
-0.0018891
-0.012732
-0.0044404
-0.0047593
-0.0050782
-0.005716
-0.013051
-0.0076295
-0.0044404
-0.014645
-0.022618
-0.018153
-0.019429
-0.019748
-0.019429
-0.027083
-0.037288
-0.021343
-0.016878
-0.01911
-0.020386
-0.019429
-0.012732
-0.011775
-0.00061343
-0.010819
-0.0066727
-0.0073105
-0.0069916
-0.0041214
-0.0044404
-0.0047593
-0.014645
-0.010181
-0.0047593
0.0003433
-0.0053971
-0.0053971
-0.0050782
-0.0047593
0.0038513
0.04531
0.033829
0.012781
0.019797
0.030959
0.040845
0.034786
0.03064
0.023943
0.04531
0.047542
0.047542
0.028726
0.017883
0.02171
0.011505
0.019478
0.012143
-0.0060349
-0.015283
-0.0063538
-0.017835
-0.024851
-0.020386
-0.028996
-0.034099
-0.034737
-0.032823
-0.029315
-0.03091
-0.026764
-0.028996
-0.012413
-0.00061343
-0.013051
-0.021024
-0.010181
-0.0079484
-0.015283
-0.018153
-0.0044404
-0.014645
-0.0060349
-0.014645
-0.012094
-0.0060349
-0.0069916
-0.022618
-0.018153
-0.0050782
0.0044891
0.00098112
-0.01337
-0.0095429
-0.0085862
-0.013051
-0.012732
-0.021024
-0.028996
-0.012094
-0.017835
-0.019748
-0.019429
-0.022937
-0.032823
-0.03665
-0.024213
-0.028996
-0.037288
-0.035056
-0.035694
-0.039202
-0.03378
-0.033461
-0.041434
-0.04845
-0.03378
-0.02517
-0.026445
-0.021024
-0.019748
-0.020705
-0.011137
0.0038513
-0.0079484
-0.0105
-0.0044404
-0.0031647
0.0003433
0.00066221
0.0019378
-0.011137
-0.00093234
-0.00061343
0.0076782
0.0013
0.0038513
0.0070404
0.0028946
0.013738
0.028088
0.019478
0.016608
0.019159
0.028088
0.029683
0.027451
0.020116
0.0073593
0.03638
0.047861
0.035742
0.037018
0.041802
0.028407
0.021072
0.039888
0.029683
0.015332
0.0067215
0.0067215
0.008635
0.0019378
-0.0060349
-0.020386
-0.037288
-0.035056
-0.022299
-0.023575
-0.02517
-0.032504
-0.03665
-0.025488
-0.014964
-0.030272
-0.028678
-0.023894
-0.024213
-0.026126
-0.022299
-0.024851
-0.037288
-0.029634
-0.031229
-0.033461
-0.035694
-0.033461
-0.029953
-0.035694
-0.033461
-0.026126
-0.032823
-0.038564
-0.031229
-0.021343
-0.021024
-0.011775
-0.022937
-0.036331
-0.019429
-0.0085862
-0.0050782
-0.0050782
0.0028946
0.0076782
0.0016189
0.015013
0.014056
0.014694
0.0067215
0.0073593
0.0041702
-0.00093234
-0.0063538
-0.0085862
-0.015283
-0.013689
-0.0079484
-0.01624
-0.02198
-0.021024
-0.014008
-0.0085862
0.0076782
-0.0063538
-0.0066727
-0.009224
-0.0053971
0.0057648
0.014694
0.01597
0.0054459
0.011186
0.0070404
0.022986
0.026494
0.031278
0.0099106
-0.0076295
0.0079971
0.019478
0.015332
0.015013
0.027451
0.033829
0.02777
0.015651
0.015651
-0.0012513
0.030002
0.03925
0.028407
0.025856
0.024899
0.02171
0.014694
0.025218
0.010548
-0.013051
-0.02198
-0.028678
-0.041434
-0.04845
-0.051001
-0.064714
-0.074601
-0.074601
-0.055147
-0.056104
-0.064714
-0.066628
-0.072049
-0.068541
-0.041115
-0.036331
-0.032186
-0.023894
-0.027083
-0.023575
-0.024851
-0.032186
-0.036331
-0.020067
-0.012094
-0.014964
-0.020705
-0.021661
-0.027083
-0.027083
-0.011456
-0.012413
-0.023894
-0.029634
-0.026126
-0.028359
-0.025488
-0.02804
-0.030591
-0.033142
-0.019748
-0.005716
0.018202
0.008635
0.0070404
0.017246
0.031915
0.035742
0.031278
0.039569
0.043715
0.035104
0.030002
0.01884
0.024899
0.017246
0.0067215
-0.0073105
-0.0012513
-0.0063538
-0.0085862
-0.0082673
-0.022299
-0.023575
-0.013051
-0.02198
-0.0073105
-0.017197
-0.031229
-0.03378
-0.02517
-0.040158
-0.042072
-0.031548
-0.033142
-0.036012
-0.039839
-0.038245
-0.032823
-0.041753
-0.044304
-0.03952
-0.039202
-0.029315
-0.012413
-0.017835
-0.014964
-0.0085862
0.022667
0.012462
0.010548
0.026175
0.032872
0.029045
0.045947
0.05679
0.043077
0.052645
0.048818
0.031596
0.026175
0.022029
0.0044891
-0.0060349
-0.012094
-0.042072
-0.043347
-0.044942
-0.05132
-0.064077
-0.066309
-0.067266
-0.064395
-0.063439
-0.050044
-0.059612
-0.065352
-0.059931
-0.051001
-0.041115
-0.030591
-0.026764
-0.027721
-0.010181
-0.0047593
0.0044891
0.00066221
0.01023
0.01597
0.016289
0.026175
0.019159
0.021072
0.010548
0.0057648
-0.0031647
-0.0031647
-0.0044404
-0.027083
-0.035056
-0.024851
-0.024532
-0.031867
-0.038245
-0.037607
-0.040477
-0.031229
-0.017835
-0.035056
-0.034099
-0.033142
-0.022937
-0.026445
-0.029634
-0.032186
-0.036012
-0.024532
-0.018472
-0.0069916
-0.011456
-0.0089051
-0.0079484
-0.0038025
-0.0089051
0.012781
0.0051269
-0.0015702
0.0038513
0.0044891
-0.0015702
-0.017835
-0.018153
0.0022568
-0.0038025
-0.014327
-0.0044404
-0.0073105
-0.0069916
-0.012732
-0.0015702
0.015651
0.0095917
-0.0044404
0.013738
0.014056
0.021391
0.0051269
-0.0095429
0.0038513
0.010548
0.012781
0.0079971
-0.00061343
-0.0044404
-0.012732
-0.014327
-0.009224
-0.0015702
-0.0095429
-0.020386
-0.0063538
-0.013689
-0.010181
-0.013051
-0.010181
-0.026126
-0.0095429
-0.002208
-0.00061343
-0.012094
-0.010181
-0.0041214
-0.0060349
-0.002208
0.0016189
-0.0095429
-0.015921
-0.039839
-0.03665
-0.020386
-0.026126
-0.038245
-0.052277
-0.037288
-0.029953
-0.01911
-0.021024
-0.025807
-0.018153
-0.015283
-0.0041214
-0.0050782
0.0060837
-0.005716
-0.0060349
-0.0073105
-0.0089051
-0.0047593
-0.018153
-0.028996
-0.030591
-0.032186
-0.026445
-0.041753
-0.049407
-0.042391
-0.03378
-0.019748
-0.031229
-0.041753
-0.025807
-0.029634
-0.029634
-0.01911
-0.012732
0.0067215
0.019159
0.010548
0.028407
0.026175
0.02458
0.027451
0.022986
0.034467
0.038931
0.025218
0.021072
0.036061
0.017564
0.01023
-0.00029452
0.0076782
-0.022937
-0.015921
-0.021343
-0.0079484
0.004808
-0.016559
-0.023256
-0.016559
-0.0038025
-0.010819
-0.012094
-0.0018891
0.01023
0.004808
-0.010819
-0.015921
-0.01624
-0.010819
0.0025757
0.015013
0.017246
-0.0060349
0.0051269
-0.0073105
-0.0028458
-0.0018891
-0.022299
-0.038564
-0.042391
-0.036012
-0.024851
-0.030272
-0.05132
-0.069179
-0.039202
-0.057061
-0.066309
-0.035694
-0.041753
-0.047812
-0.050682
-0.042072
-0.038564
-0.02517
-0.018472
-0.011775
-0.0063538
-0.02517
-0.018472
-0.018472
-0.023256
0.00098112
0.0051269
0.012143
0.012462
0.013419
0.021072
0.018521
0.035104
0.031278
0.021072
0.004808
0.019797
0.018521
0.0079971
0.0013
-0.011775
-0.020386
-0.023575
-0.0031647
-0.015283
-0.035694
-0.029953
-0.021661
-0.012094
-0.010181
-0.034737
-0.0098618
2.4388e-05
-0.002208
0.010867
0.015651
0.025218
0.014056
0.022986
0.0019378
0.012462
0.014694
0.014375
0.021391
0.028407
0.0051269
-0.020705
-0.027721
-0.030591
-0.032823
-0.040796
-0.043028
-0.056742
-0.07173
-0.076833
-0.061844
-0.045899
-0.052596
-0.051639
-0.046855
-0.060569
-0.053234
-0.029634
-0.027083
-0.02198
-0.014964
0.0016189
0.0057648
-0.0015702
-0.014327
-0.0085862
0.016289
0.015651
0.030002
0.024262
0.014694
0.025856
0.022667
0.025537
0.03351
0.010867
-0.0018891
2.4388e-05
-0.010181
-0.0073105
0.0025757
0.0003433
0.0028946
0.0022568
-0.0089051
-0.0079484
-0.0047593
-0.0066727
-0.011775
0.0013
0.020116
0.0073593
0.0054459
-0.0015702
-0.0025269
0.0044891
-0.0076295
-0.038883
-0.05132
-0.050363
-0.040158
-0.046218
-0.043666
-0.057061
-0.055785
-0.057698
-0.059931
-0.043985
-0.046855
-0.036969
-0.036012
-0.030591
-0.026764
0.016927
0.038294
0.03064
0.05105
0.034148
0.044353
0.05679
0.069547
0.078476
0.070503
0.075606
0.051688
0.015013
-0.0012513
-0.0015702
-0.010819
-0.037607
-0.03952
-0.041753
-0.070774
-0.068541
-0.056104
-0.042072
-0.048769
-0.048131
-0.042072
-0.041434
-0.017835
-0.0015702
0.037656
0.023943
0.017246
-0.0069916
0.0022568
0.015332
-0.0073105
-0.0050782
-0.021024
-0.021661
-0.014327
-0.027083
-0.037288
-0.029953
-0.036969
-0.031867
-0.046536
-0.047493
-0.040477
-0.04845
-0.048769
-0.040796
-0.027083
-0.029953
-0.01911
-0.017516
0.0019378
0.018521
0.019478
0.0095917
0.0044891
0.046266
0.063169
0.041483
0.02777
0.042121
0.04531
0.012143
0.017883
0.033191
2.4388e-05
-0.01624
-0.018472
-0.01911
-0.027721
-0.044304
-0.048131
-0.071411
-0.052915
-0.070774
-0.048769
-0.043028
-0.058974
-0.037607
-0.043028
-0.035375
-0.037288
-0.025488
-0.018791
-0.014645
-0.016559
-0.0018891
-0.0069916
-0.018791
-0.014964
0.021391
0.046266
0.008635
-0.017835
-0.026126
-0.0098618
-0.0066727
-0.012094
-0.022299
-0.002208
-0.0063538
-0.0063538
-0.0060349
0.0095917
-0.0018891
-0.0025269
-0.0028458
0.0095917
0.0051269
0.00098112
0.0073593
0.011824
0.020435
0.078795
0.052645
-0.012732
0.0057648
0.032234
0.049137
0.032872
0.036061
0.044353
0.03638
0.049137
0.034786
0.022029
0.029683
-0.009224
-0.017835
-0.015602
-0.018791
-0.02804
-0.038245
-0.045899
-0.044942
-0.041434
-0.046855
-0.064714
-0.08066
-0.065671
-0.03091
-0.034099
-0.039839
0.016608
0.011505
-0.0041214
-0.0012513
0.020435
0.022986
0.045947
0.033829
0.029045
0.029045
-0.01624
0.020754
0.01884
0.0022568
-0.02198
-0.064395
-0.079384
-0.062163
-0.063439
-0.071093
-0.083211
-0.089908
-0.10394
-0.079703
-0.063758
-0.072049
-0.073963
-0.042072
-0.017197
-0.029953
-0.01337
-0.014645
-0.027402
-0.017835
-0.010181
-0.0034836
0.00098112
0.0016189
-0.002208
-0.0085862
-0.0053971
0.0095917
0.011824
0.014694
-0.0066727
0.0060837
0.032553
0.0079971
0.008635
0.0022568
0.0099106
0.039888
0.032872
0.0016189
-0.014645
-0.014008
0.034467
0.058385
0.044991
0.015013
0.0099106
0.011505
0.019159
0.0025757
0.019159
0.034467
-0.0050782
-0.0044404
0.0028946
-0.015921
-0.028678
-0.024851
-0.031867
-0.027402
-0.021024
-0.029315
-0.040158
-0.023894
0.0013
0.008635
0.01884
0.08326
0.067633
0.028407
0.017246
0.029364
0.028407
0.02777
0.028407
0.047861
0.036061
0.023305
-0.012413
-0.021343
-0.045899
-0.055147
-0.036331
-0.039839
-0.041753
-0.057061
-0.064714
-0.057379
-0.072049
-0.058336
-0.052277
-0.060569
-0.050682
-0.03378
-0.03378
-0.026126
-0.041753
-0.018472
-0.052277
-0.05419
-0.060569
-0.021024
-0.034099
-0.043985
-0.060569
-0.055466
-0.05419
-0.055466
-0.064077
-0.020386
-0.0105
-0.024532
-0.020705
-0.010181
-0.027402
-0.012094
0.027132
0.019159
0.027132
0.023305
0.032872
0.027451
0.044353
0.080071
0.0095917
0.023943
0.04818
0.040526
0.03064
0.030002
0.034148
0.027451
0.02777
0.037656
0.03351
-0.0066727
0.016608
-0.002208
0.00066221
0.0041702
0.0064026
-0.0047593
0.008316
0.0054459
-0.0031647
0.01023
0.0019378
0.0057648
0.014694
0.041483
0.040526
0.014694
0.028407
0.0076782
0.0067215
0.0131
0.059023
-0.0018891
-0.040158
0.0064026
-0.024532
-0.024213
-0.012413
0.0057648
-0.041434
-0.040158
-0.029634
-0.081935
-0.049726
-0.041753
-0.06312
-0.049088
-0.035056
-0.034737
-0.03665
-0.051958
-0.059612
-0.041115
-0.039839
-0.026764
-0.029953
-0.036331
-0.015602
-0.026126
-0.028359
-0.0063538
-0.026445
-0.011775
-0.052596
-0.024213
-0.0089051
-0.02517
-0.022618
-0.0038025
-0.0012513
0.015013
0.01023
0.010548
0.027451
0.061574
0.042439
0.03351
0.08326
0.11898
0.065082
-0.0031647
0.027451
0.047542
0.041164
0.037018
0.055196
0.012462
0.048818
0.020435
0.030959
0.020754
0.072417
0.058704
0.019159
0.046266
0.10271
0.090276
0.074968
0.069866
0.042758
0.045629
0.058066
0.051369
0.011505
-0.02198
-0.050363
-0.020705
-0.0069916
-0.050044
-0.064714
-0.064077
-0.062801
-0.046218
-0.045261
-0.077152
-0.057061
-0.052277
-0.039202
-0.038564
-0.024532
-0.023256
-0.01911
-0.017835
-0.0018891
0.025856
-0.0089051
-0.0079484
0.014694
0.04531
0.044353
0.050731
0.044034
0.042758
0.061255
0.069547
0.069866
0.072098
0.10335
0.079752
0.055834
0.050731
0.075287
0.039569
0.026494
0.027451
0.060936
0.037337
0.022986
0.017246
0.042758
0.025537
0.0057648
0.008316
0.056153
0.04531
0.025856
0.031596
0.031915
0.039569
0.052326
0.040207
-0.00029452
0.0067215
0.0028946
-0.051958
-0.070774
-0.082573
-0.065352
-0.066628
-0.11765
-0.12467
-0.10075
-0.10139
-0.10011
-0.085443
-0.094054
-0.074919
-0.082254
-0.084487
-0.056423
-0.023256
-0.0050782
0.0038513
-0.009224
0.01023
0.012781
0.017564
0.01597
0.040845
0.032553
0.043396
0.052963
0.030002
0.008316
0.049774
0.053282
0.063169
0.055515
0.025537
0.026813
0.074012
0.083898
0.066039
0.072417
0.07146
0.083898
0.054239
0.050731
0.010867
0.021391
0.040207
0.032234
0.021391
0.016608
-0.0063538
-0.054828
-0.063439
-0.051639
-0.047812
-0.048769
-0.056104
-0.05132
-0.057698
-0.05419
-0.027083
-0.022618
-0.046218
-0.037607
-0.014327
-0.0098618
0.0003433
2.4388e-05
-0.013051
0.0073593
-0.0076295
0.00066221
0.0099106
-0.0034836
0.014694
-0.010181
0.0032135
0.047542
0.039888
0.031278
0.028726
0.03064
-0.0041214
0.011505
0.049455
0.04818
0.054558
0.027451
0.010867
0.00066221
0.0003433
-0.034418
-0.019748
0.021072
-0.064395
-0.044304
-0.040158
-0.044623
-0.028359
-0.013689
-0.016559
-0.030591
-0.036012
0.014056
0.027132
0.013419
0.027451
0.038931
0.019478
0.017883
0.054558
0.039569
0.0073593
-0.0018891
-0.020386
-0.030591
-0.050044
-0.066947
-0.076833
-0.071093
-0.06312
-0.075557
-0.085762
-0.0864
-0.087995
-0.069498
-0.075876
-0.076833
-0.07779
-0.055466
-0.012094
-0.028359
-0.061525
-0.047493
-0.015921
-0.048131
-0.023894
-0.037607
-0.035056
-0.019429
-0.029953
-0.025488
-0.022618
0.014375
0.0028946
0.0092728
0.0067215
-0.024532
-0.0069916
-0.005716
-0.0041214
-0.0060349
-0.0063538
0.0089539
0.011505
-0.00093234
-0.034099
-0.02517
-0.022618
-0.028678
0.014694
-0.0073105
-0.024532
-0.0038025
0.010867
-0.010819
0.0038513
0.019797
0.012143
0.019478
0.023624
0.0089539
0.014375
0.01884
0.034148
0.034467
0.039888
0.012143
-0.033461
-0.0095429
-0.01337
-0.021661
0.0025757
0.010867
-0.03952
-0.044304
-0.032504
-0.00061343
0.0051269
0.0054459
-0.01337
-0.036012
-0.026764
-0.02517
-0.0063538
-0.02804
-0.022937
0.011824
0.0016189
-0.018791
-0.051639
-0.049088
-0.042391
-0.043347
-0.016878
-0.026126
-0.031548
-0.027721
-0.015921
-0.021024
-0.015921
-0.033461
-0.052277
-0.044942
-0.023575
-0.019748
-0.017516
-0.022299
-0.036012
-0.010819
0.0025757
0.021391
0.022667
-0.017516
0.0057648
0.023943
0.036061
0.017883
0.038931
0.058385
0.036699
0.037337
0.038612
0.028407
0.020116
-0.013689
0.019478
-0.0060349
-0.011137
-0.010181
0.020754
-0.0028458
-0.026445
-0.014645
-0.046536
-0.062801
-0.1151
-0.11351
-0.084487
-0.094692
-0.11255
-0.12595
-0.097243
-0.078746
-0.075557
-0.069817
-0.057698
-0.08066
-0.092141
-0.073963
-0.047812
-0.029953
-0.0063538
0.052645
0.026175
0.0095917
0.0016189
-0.0063538
-0.065033
-0.049088
0.0003433
-0.013689
-0.020386
-0.015283
-0.022937
-0.028678
-0.052596
-0.062482
-0.020386
-0.012094
-0.0012513
-0.0015702
0.01023
0.041164
0.051369
0.023624
0.044353
0.057747
0.021391
0.026494
0.058704
0.028726
-0.014964
0.015013
-0.016559
-0.037288
-0.081298
-0.085125
-0.082254
-0.096286
-0.10394
-0.12626
-0.13934
-0.10649
-0.077471
-0.075876
-0.070774
-0.04558
-0.035375
-0.0073105
0.05392
0.027132
0.029364
0.052645
0.041483
0.032872
0.03638
0.021391
0.02171
0.055834
0.023305
-0.0018891
-0.012094
-0.0050782
-0.01624
-0.062482
-0.040158
-0.081935
-0.10075
-0.033461
-0.021661
-0.04558
-0.031548
0.0089539
-0.014645
0.008635
0.038294
0.033829
0.03638
0.031278
0.035742
0.037975
0.043715
0.065082
-0.0073105
-0.020386
0.0057648
-0.027083
0.011505
-0.050363
-0.093416
-0.093097
-0.099157
-0.079065
-0.065033
-0.058336
-0.058336
-0.050682
-0.0085862
-0.0050782
-0.037926
-0.040158
-0.04845
-0.0105
-0.04558
-0.030591
-0.032186
-0.06599
-0.062482
-0.04558
-0.043985
-0.10936
-0.13838
-0.13456
-0.12467
-0.12467
-0.077152
-0.088314
-0.085762
-0.10011
-0.070136
-0.054828
-0.032823
-0.027402
-0.027402
-0.046218
0.00066221
0.050093
0.066039
0.062531
0.074649
0.05392
0.060936
0.07146
0.070503
0.036699
0.029045
0.046904
0.037656
0.03351
-0.020386
-0.0089051
-0.019748
-0.050044
-0.050682
-0.051639
-0.036331
-0.056742
-0.068222
-0.061844
-0.067903
-0.050044
-0.028678
-0.035375
-0.010181
-0.0063538
-0.02198
-0.024213
-0.03091
-0.018791
-0.03091
0.011824
-0.00029452
-0.02804
-0.03091
-0.062801
-0.029953
-0.033142
-0.041753
-0.07173
-0.092778
-0.092778
-0.086719
-0.080022
-0.093097
-0.082254
-0.056423
-0.092141
-0.050044
-0.046536
-0.055466
-0.063758
-0.013051
0.066358
0.048499
0.046904
-0.005716
0.021072
0.046904
0.011505
0.01597
0.041164
-0.021661
-0.034737
-0.01337
-0.01337
-0.066628
-0.066947
-0.099794
-0.11415
-0.10235
-0.08353
-0.095968
-0.10553
-0.051639
-0.078427
-0.056104
-0.10362
-0.08066
-0.053871
-0.055785
-0.076195
-0.061525
-0.015921
-0.022937
-0.028678
-0.058974
-0.11096
-0.1033
-0.11064
-0.097243
-0.097881
-0.070774
-0.029315
-0.02198
-0.03378
-0.053552
-0.04558
-0.026126
-0.03378
-0.040477
-0.024851
-0.015921
-0.014327
0.020116
-0.019748
-0.02804
-0.017835
-0.057379
-0.070136
-0.12212
-0.10011
-0.072368
-0.071411
-0.090227
-0.085125
-0.11032
-0.10522
-0.077471
-0.056742
-0.020705
-0.0041214
-0.03378
-0.061844
0.020754
0.017564
0.049137
0.058385
0.041164
0.029683
0.015651
0.037337
0.077201
0.097611
0.073374
0.03638
0.0013
-0.035694
-0.050044
-0.060887
-0.070774
-0.055466
-0.074919
-0.053234
-0.11383
-0.12148
-0.12307
-0.14636
-0.12307
-0.090227
-0.11861
-0.13232
-0.11287
-0.07779
-0.10585
-0.11638
-0.019429
-0.052915
-0.051639
-0.036969
-0.045899
-0.062801
-0.064714
-0.062163
-0.011775
-0.05132
-0.03091
-0.033461
-0.078109
-0.03378
-0.067585
-0.072368
-0.082892
-0.059612
-0.060887
-0.09533
-0.10203
-0.049726
-0.042391
-0.028678
0.010548
0.0051269
-0.038564
-0.016878
-0.047493
-0.033461
-0.036331
-0.012094
-0.028996
-0.09246
-0.069817
-0.088633
-0.11542
-0.1336
-0.11351
-0.08066
-0.12307
-0.11765
-0.088314
-0.06312
-0.079065
-0.057698
-0.048131
-0.031229
-0.02198
0.054239
0.059342
0.030959
0.040845
0.021072
0.042758
-0.00093234
0.042439
0.050093
0.097611
0.014375
-0.0047593
2.4388e-05
-0.0066727
-0.005716
-0.029634
-0.052596
-0.052915
-0.093416
-0.10968
-0.020067
-0.0047593
-0.067585
-0.078109
-0.045261
-0.026764
0.014056
-0.03091
0.054877
0.099524
0.071779
0.047542
0.055515
0.041164
0.030321
-0.020067
-0.083849
-0.058974
-0.0038025
-0.089589
-0.13392
-0.15018
-0.15465
-0.1556
-0.13456
-0.13392
-0.13073
-0.1403
-0.083211
-0.051958
-0.050682
-0.048131
-0.049088
-0.0041214
-0.005716
-0.023256
0.0099106
0.013419
-0.029634
-0.061844
-0.037926
-0.043028
-0.038564
-0.056104
-0.07173
-0.081617
-0.071411
-0.087995
-0.084168
-0.10841
-0.081298
-0.074919
-0.084168
-0.087995
-0.010819
-0.052915
-0.069179
-0.040158
-0.0066727
-0.040796
-0.035375
-0.0079484
-0.041434
-0.016559
-0.067585
-0.0082673
-0.012413
-0.005716
-0.047174
-0.050044
-0.051639
-0.036331
-0.023256
0.017883
0.037975
0.0044891
0.031915
0.035423
0.070185
0.020435
-0.002208
0.040526
0.016608
-0.0012513
0.055515
0.075287
0.02458
-0.040477
-0.050363
-0.019748
0.0099106
0.0067215
0.0076782
-0.02198
0.017883
0.0073593
0.0019378
0.020435
-0.0095429
0.01023
0.021391
0.0044891
0.028407
-0.017516
-0.056423
-0.02804
-0.013051
0.0051269
-0.041434
-0.069817
-0.041434
-0.020067
0.0016189
-0.014964
0.02171
0.0038513
0.058066
0.12472
0.063487
-0.014008
-0.037607
0.0041702
-0.00093234
-0.031548
-0.03665
-0.065671
-0.10681
-0.089589
-0.09533
-0.1285
-0.14986
-0.16613
-0.15241
-0.12626
-0.032504
0.055196
0.093146
0.11802
0.11834
0.12504
0.19073
0.17032
0.16905
0.15788
0.074012
0.13843
0.13907
0.10112
-0.035056
-0.14954
-0.1438
-0.18941
-0.22289
-0.26212
-0.27743
-0.23565
-0.26403
-0.27488
-0.26371
-0.25319
-0.22481
-0.16485
-0.15337
-0.17346
-0.14636
-0.11
-0.11446
-0.078427
-0.077471
-0.081298
-0.089589
-0.062482
-0.043666
-0.059931
-0.029953
-0.049726
-0.029953
-0.018791
0.049774
0.12886
0.11579
0.096016
0.10877
0.090914
0.10208
0.10112
0.0054459
0.10782
0.19647
0.13078
0.11802
0.069866
0.056153
0.016289
0.01597
-0.03952
-0.0076295
0.02458
0.0038513
0.078476
0.11164
0.048499
0.042439
0.032553
0.0092728
0.017883
0.0060837
0.088044
0.089
0.084854
0.044034
0.084536
0.063169
-0.012732
0.008316
0.03638
0.057747
0.096016
0.15342
0.076563
0.02458
0.0022568
-0.005716
-0.02517
-0.057061
-0.061525
-0.062163
-0.062482
-0.057379
-0.14349
-0.20854
-0.26053
-0.25606
-0.20631
-0.18909
-0.1757
-0.1792
-0.094373
0.024262
0.012462
0.0073593
0.0041702
0.01884
0.049137
0.010548
-0.059293
0.05679
0.047542
0.037975
0.016927
-0.033142
-0.10011
-0.13264
-0.1218
-0.14444
-0.15528
-0.1808
-0.17601
-0.15369
-0.13998
-0.072368
-0.022299
0.071779
0.089319
0.07752
0.10208
0.089319
0.081984
0.056153
-0.002208
0.12153
0.1413
0.075925
0.096016
0.028726
-0.009224
-0.035056
-0.053552
-0.061525
-0.10043
-0.11765
-0.077152
-0.074282
-0.099476
-0.086081
-0.070774
2.4388e-05
0.10399
0.11196
0.078795
0.041802
0.071779
0.044991
0.050093
0.046266
0.065401
0.10016
0.082941
0.028726
-0.0031647
-0.038245
-0.043347
-0.014327
-0.029953
-0.06599
-0.067585
-0.10139
-0.11702
-0.043985
-0.047812
0.02171
0.099524
0.085492
0.028726
0.017883
0.022986
-0.05132
0.025537
-0.024851
-0.019748
0.042121
0.018521
-0.02198
-0.054509
0.022986
-0.0044404
0.0079971
0.03638
-0.03378
-0.038564
-0.062482
-0.12786
-0.10394
-0.083849
-0.053871
-0.016878
-0.072049
-0.12339
-0.14604
-0.16613
-0.18144
-0.16071
-0.13392
-0.077152
-0.070136
-0.074282
-0.067903
-0.0076295
0.062531
0.01597
0.021072
0.060617
0.067633
0.071141
2.4388e-05
0.015332
0.051369
0.034148
0.036699
0.022348
-0.017516
-0.056423
-0.015921
-0.019429
-0.028678
0.00098112
0.040526
0.033191
0.037975
0.0092728
0.019159
0.0022568
0.026813
0.069866
0.096335
0.046266
0.041802
0.019159
-0.056104
-0.0085862
0.017564
-0.041753
-0.067585
-0.044942
-0.061844
-0.022618
-0.045899
-0.050682
-0.041753
-0.097243
-0.11446
-0.15305
-0.1285
-0.078746
-0.051958
-0.05419
0.019797
0.0038513
0.0028946
0.014694
0.0070404
-0.026126
-0.065033
-0.005716
0.028726
0.038612
0.045947
0.0044891
0.0019378
0.0067215
0.0035324
-0.092778
-0.13774
-0.098519
-0.13328
-0.11989
-0.10904
-0.064077
-0.10904
-0.1505
-0.049407
-0.0060349
-0.00093234
-0.022618
0.010548
0.0041702
0.042758
0.050731
0.012781
0.029364
0.041802
0.063806
0.033829
-0.0079484
0.019478
-0.034099
-0.072687
-0.056104
-0.04558
-0.049088
-0.067266
-0.086081
-0.10777
-0.067266
-0.069498
-0.092141
-0.08353
-0.074601
0.029045
0.034786
-0.01624
-0.052277
-0.060569
-0.043985
-0.030272
0.021072
-0.014645
0.020435
-0.0089051
0.01023
0.07433
0.011824
0.045947
0.01597
-0.012413
-0.011456
-0.082573
-0.089589
-0.11064
-0.076833
0.0035324
-0.031548
-0.096605
-0.14061
-0.14954
-0.1674
-0.18558
-0.13105
-0.097881
-0.094054
-0.094373
-0.096605
-0.1033
-0.080979
-0.074919
-0.051001
0.047542
0.038294
0.017883
-0.009224
0.072736
2.4388e-05
-0.061206
-0.01337
0.036699
0.05392
-0.032186
-0.024851
-0.025488
0.020754
-0.014008
-0.046855
-0.04558
-0.0047593
-0.0079484
-0.024213
-0.040158
-0.036969
-0.014645
-0.099157
2.4388e-05
-0.0085862
0.070503
0.096973
0.013738
0.015332
-0.034737
-0.01624
0.043396
-0.0047593
-0.0063538
0.022348
0.043396
0.00066221
0.02171
-0.034099
-0.035694
-0.01337
-0.064077
-0.027721
-0.085125
-0.070774
-0.067585
-0.061844
-0.079703
-0.13998
-0.1403
-0.10011
-0.095968
-0.10458
-0.064395
-0.055466
0.004808
0.018521
0.059661
-0.0044404
-0.04271
-0.061206
-0.071411
-0.036969
-0.011775
0.0041702
0.0054459
0.00098112
-0.05132
-0.10011
-0.08066
-0.071411
0.017564
0.037337
0.034148
0.043715
0.023624
-0.012094
-0.036331
-0.053871
-0.059293
0.034148
0.09506
0.0013
-0.07173
-0.10553
-0.10745
-0.090546
-0.084806
-0.058017
-0.035056
-0.016559
-0.02198
-0.020386
0.0038513
0.016608
-0.0034836
0.059661
0.052007
0.0070404
0.045629
-0.04558
0.0079971
-0.044304
-0.051639
-0.039202
-0.1033
-0.10298
-0.11255
-0.11829
-0.14349
-0.13487
-0.099476
-0.079065
-0.077152
-0.086719
-0.069498
-0.038883
-0.028359
-0.045261
-0.056104
-0.024213
-0.019748
-0.0034836
-0.0047593
0.012143
0.027132
-0.0063538
0.015651
0.097611
0.048499
0.05392
0.071779
0.082303
0.06285
0.022667
0.049774
0.061574
0.099843
0.21433
0.10622
0.12567
0.10782
0.079752
0.081665
-0.032823
-0.038245
-0.010819
0.10654
0.054239
0.0022568
-0.011775
-0.074601
-0.12977
-0.17601
-0.083211
-0.096605
-0.080979
-0.086719
-0.10298
-0.075238
-0.05132
-0.065352
-0.075876
-0.062482
-0.066628
-0.053871
-0.049726
-0.016878
0.032234
0.0079971
-0.0063538
-0.023894
-0.014964
0.014056
-0.016878
-0.053552
-0.031867
0.025537
0.021072
0.013419
-0.065352
-0.029953
-0.034737
-0.050044
-0.041434
-0.043028
-0.013051
-0.020386
-0.057061
-0.087357
-0.055785
-0.065671
-0.094373
-0.10139
-0.085125
-0.059293
-0.04845
-0.038245
-0.023894
-0.029634
-0.024532
-0.011775
0.0079971
0.024899
0.018202
0.076882
0.07752
0.066677
0.11483
0.11834
0.079433
0.040526
0.050093
0.12312
0.091552
0.027451
0.052645
0.1464
0.11611
0.10239
0.035423
-0.00093234
0.03638
0.049137
0.029045
0.0041702
0.056471
0.071141
0.041164
-0.0079484
-0.019429
-0.058974
-0.050363
0.0003433
0.0035324
-0.019429
-0.033142
-0.052915
0.011824
-0.035056
-0.058974
-0.050363
0.008316
-0.035056
-0.04271
-0.07173
-0.073006
-0.042391
-0.074282
-0.044304
-0.061525
-0.070774
-0.050044
-0.04558
-0.052596
-0.095011
-0.041115
-0.029634
-0.041115
-0.047812
-0.015283
-0.027721
-0.033142
-0.040477
-0.027083
-0.02517
-0.026764
-0.020067
-0.023894
-0.015283
-0.038564
-0.015602
-0.0028458
0.0013
-0.011137
-0.017197
-0.012732
0.0028946
0.0076782
0.011505
0.0041702
-0.0025269
0.004808
0.0073593
0.0092728
0.012143
0.026494
0.035742
0.023305
0.0073593
0.026494
0.011824
0.0019378
0.0028946
0.022029
0.033829
0.02458
0.023305
0.018521
0.13779
0.19839
0.16107
0.15725
0.15597
0.15246
0.12185
0.077838
0.17798
0.20987
0.1464
0.14672
0.11005
0.040526
0.024899
0.0089539
0.00066221
-0.031867
-0.051958
-0.091503
-0.11064
-0.11223
-0.06886
-0.053552
-0.061525
-0.082573
-0.07779
-0.051958
-0.058017
0.038931
0.083579
0.048499
0.03064
0.023305
0.019478
0.0003433
0.0076782
0.045947
0.076882
0.09187
0.031278
0.0131
-0.029953
-0.027402
-0.029634
-0.042391
-0.042072
-0.041434
-0.068541
-0.072368
-0.057698
-0.056104
-0.026126
-0.0015702
-0.02198
-0.026445
-0.021024
0.0003433
-0.0089051
-0.017516
-0.010181
0.011505
0.049137
0.05392
0.046585
0.074012
0.073693
0.08326
0.10271
0.093784
0.13014
0.11324
0.086768
0.096973
0.12249
0.069866
0.06285
0.087406
0.12185
0.074012
0.059342
0.025856
0.004808
-0.0015702
-0.025807
0.014694
0.016927
0.0016189
0.023305
-0.0073105
-0.032823
0.0076782
-0.017516
-0.014645
0.0054459
0.011505
-0.0041214
-0.0038025
-0.017835
-0.032823
0.00098112
0.016289
0.05679
0.044991
0.023943
0.029364
0.031915
0.03925
0.018202
0.042758
0.10526
0.11419
0.12727
0.11005
0.099205
0.058704
0.09187
0.089957
0.19743
0.24271
0.18531
0.15916
0.11164
0.099205
0.059661
0.025537
0.067633
0.087087
0.05679
0.0035324
-0.025488
-0.066947
-0.090546
-0.088952
-0.091822
-0.087676
-0.091822
-0.092778
-0.08353
-0.076195
-0.06025
-0.043028
-0.029953
-0.010819
0.0022568
0.021072
0.020116
0.046904
0.11164
0.093146
0.049455
0.095378
0.11738
0.12759
0.084217
0.031596
0.087406
0.12982
0.048818
0.081028
0.050412
0.062212
0.035104
0.0089539
-0.0105
0.0099106
0.013738
0.0016189
-0.0095429
-0.010181
0.0041702
0.030002
0.022029
0.0035324
-0.0015702
0.027451
0.088681
0.066039
0.053282
0.029683
0.11993
0.16713
0.13205
0.11164
0.096973
0.098249
0.10909
0.10941
0.082941
0.1193
0.10208
0.078476
0.034148
-0.0034836
-0.032823
-0.073006
-0.045261
-0.052596
-0.058974
-0.074282
-0.050682
-0.027083
0.019159
-0.0105
-0.018472
-0.0098618
0.020435
0.018202
-0.018472
0.044991
0.079433
0.056471
0.10303
0.087406
0.061574
0.034786
-0.0095429
0.035423
0.044034
0.038612
-0.011456
0.044353
0.081028
0.05392
0.060617
0.05392
0.054239
0.054877
0.065401
0.03351
0.028407
0.053282
-0.014327
0.026494
0.032553
0.015332
0.027451
0.010548
0.0054459
0.017883
0.024899
0.014375
0.023624
0.0057648
0.012462
0.044353
0.044353
0.035742
0.065082
0.044991
0.033191
0.041483
0.015332
0.020754
0.028407
0.028726
0.028088
0.03351
-0.013689
-0.0031647
0.0095917
0.013419
-0.018153
0.004808
0.012143
0.0016189
0.015013
0.0044891
-0.01624
-0.030272
-0.011775
0.0041702
-0.010181
-0.012094
0.0051269
0.00098112
0.016608
0.042121
0.087725
0.08326
0.080709
0.092508
0.11005
0.15597
0.15597
0.1228
0.10782
0.094103
0.14417
0.10176
0.088362
0.071779
0.068909
0.028726
0.0025757
0.020116
-0.032823
-0.048769
-0.041434
-0.06886
-0.065033
-0.051958
-0.057698
-0.025807
0.0076782
0.0041702
0.01597
0.046266
0.049137
0.067314
0.025218
0.032234
0.068271
0.082303
0.11419
0.091552
0.060936
0.045947
0.04818
0.058704
0.061574
0.041164
0.025856
0.05392
0.012143
0.028088
0.031278
0.02458
0.034148
0.0070404
0.0099106
-0.0018891
0.0067215
0.0073593
-0.0038025
-0.02804
-0.022299
0.0013
-0.0085862
-0.014645
-0.0028458
0.023943
0.11802
0.10239
0.10495
0.12185
0.11292
0.12408
0.14353
0.096016
0.064444
0.15055
0.16618
0.12312
0.084536
0.061255
0.016608
0.0070404
-0.01624
-0.051958
-0.058336
-0.066947
-0.077471
-0.072687
-0.060569
-0.073963
-0.03665
-0.029315
0.0095917
0.01597
0.022348
0.016927
0.015651
0.0092728
0.037018
0.047542
0.028407
0.060298
0.063169
0.043077
0.034467
0.052326
-0.00061343
0.029683
0.039888
0.029045
0.028407
0.020116
0.013419
-0.014008
0.019797
0.0025757
0.03064
0.008316
0.028726
0.0019378
0.016927
0.021072
0.0028946
0.032872
0.06285
0.067952
0.060617
0.064125
0.072417
0.061893
0.089319
0.1193
0.10239
0.097292
0.061574
0.045629
0.040526
0.037337
0.033829
0.028726
0.019159
-0.0038025
0.0095917
0.025218
0.0057648
0.0076782
0.021072
0.05105
0.074649
0.043396
0.04531
0.060617
0.053282
0.03351
0.026494
0.026494
0.019797
0.058385
-0.0050782
-0.017835
-0.002208
-0.031548
-0.039202
-0.033142
-0.020705
-0.043028
-0.039202
-0.028678
-0.026764
-0.056104
-0.048131
0.0003433
-0.012413
-0.01337
-0.019429
0.015332
-0.0095429
-0.012413
-0.013051
-0.011775
0.0025757
0.032553
0.0067215
-0.031229
-0.011775
-0.018153
0.02777
0.05105
0.034467
-0.0015702
0.03064
0.031915
0.05679
0.058066
0.037018
0.017883
0.016289
0.041164
0.051369
0.044672
0.046266
0.0131
0.018202
0.065401
0.096335
0.084854
0.063487
0.072098
0.059661
0.11132
0.10144
0.14704
0.10782
0.10973
0.066677
0.081665
0.067314
0.041164
0.0089539
-0.002208
-0.035694
-0.056104
-0.058655
-0.057061
-0.031548
-0.054828
-0.067903
-0.065033
-0.061844
-0.042072
-0.022299
0.014375
-0.005716
-0.01624
-0.0041214
-0.005716
-0.028359
-0.0044404
-0.0041214
-0.043028
-0.038883
-0.0063538
-0.0018891
0.008316
0.012781
0.036061
0.047223
0.076882
0.087406
0.078157
0.081346
0.10877
0.076244
0.10558
0.096335
0.074968
0.048818
0.039888
0.035423
0.032872
-0.010819
-0.043347
-0.067585
-0.074282
-0.062163
-0.080341
-0.0982
-0.096605
-0.088633
-0.084487
-0.081298
-0.08353
-0.086081
-0.041115
-0.0069916
0.025537
0.0076782
0.0067215
0.012781
0.0016189
0.01597
0.019797
0.063169
0.034786
-0.009224
-0.0047593
0.021072
0.0070404
-0.0085862
-0.039202
-0.040796
-0.045899
-0.03952
-0.036012
0.0051269
0.0057648
-0.0085862
0.011505
0.019159
0.028088
0.028088
0.017883
0.050093
0.071141
0.059661
0.061574
0.061255
0.054877
0.039888
0.035742
0.03064
0.038612
0.014056
-0.0066727
0.037337
0.1193
0.10622
0.069547
0.059023
0.072736
0.10016
0.10463
0.09187
0.082303
0.12759
0.13301
0.12918
0.11132
0.10845
0.11132
0.071779
0.028088
0.0003433
-0.02517
-0.015602
-0.03378
-0.044304
-0.037607
-0.086719
-0.10713
-0.11096
-0.11415
-0.12467
-0.099476
-0.085762
-0.099157
-0.10043
-0.10713
-0.090546
-0.074282
-0.063758
-0.071093
-0.064395
-0.058017
-0.052915
-0.059612
-0.057061
-0.032186
0.010548
-0.0041214
-0.0060349
-0.0038025
-0.01911
0.016289
0.031915
0.02458
0.01597
0.0044891
0.039888
0.045947
0.042121
0.040207
0.016608
0.023624
0.01884
0.025218
0.011824
0.031278
0.026175
0.017564
0.042121
0.044991
0.030959
0.057428
0.073374
0.061574
0.038931
0.044034
0.062212
0.066677
0.094103
0.096335
0.069866
0.060298
0.079433
0.06285
0.072417
0.091552
0.06285
0.096335
0.08039
0.084854
0.071779
0.062212
0.040845
0.022029
0.0016189
0.00098112
0.03638
0.039888
-0.012094
-0.038245
-0.016878
-0.015283
0.012462
-0.0044404
-0.050044
-0.043028
-0.038245
-0.031548
-0.019429
-0.026126
-0.022299
-0.032504
-0.050044
-0.0095429
-0.039839
-0.075238
-0.065352
-0.052915
-0.055466
-0.052277
-0.060569
-0.087357
-0.091503
-0.078109
-0.076195
-0.056423
-0.058336
-0.066309
-0.041115
-0.047493
-0.040477
-0.038245
-0.050363
-0.036012
-0.019429
-0.0098618
-0.022299
-0.014008
-0.012413
-0.005716
0.019478
0.023305
0.013738
0.01597
0.030002
0.039569
0.046585
0.046266
0.046266
0.049774
0.049137
0.060936
0.089
0.047861
0.048818
0.050731
0.044353
0.013738
0.032234
0.03351
-0.0018891
0.057747
0.10144
0.09187
0.080709
0.10973
0.089319
0.072417
0.092189
0.099843
0.12695
0.097611
0.096973
0.060298
0.061574
0.052326
0.035104
0.053601
0.036061
0.035104
0.019478
-0.0012513
-0.020067
-0.014327
-0.014964
-0.013051
-0.023575
-0.015602
-0.016878
-0.014645
-0.060887
-0.06599
-0.045261
-0.073963
-0.090865
-0.080022
-0.082573
-0.074919
-0.074282
-0.066947
-0.068541
-0.064714
-0.022618
-0.035056
-0.035056
-0.03091
-0.02804
-0.01624
-0.027402
-0.033461
-0.027402
-0.021024
-0.022618
-0.0012513
0.0067215
-0.010819
0.0003433
0.0044891
-0.0082673
-0.0050782
0.0076782
0.017564
0.026813
0.022029
0.017564
0.032872
0.030002
0.010548
0.008316
0.0131
0.031596
0.07146
0.074968
0.057109
0.060617
0.07146
0.052007
0.03638
0.048818
0.049137
0.064444
0.069228
0.053282
0.03351
0.042121
0.066358
0.059023
0.054877
0.041483
0.025537
0.020754
0.022348
0.061574
0.061255
0.044034
0.048818
0.062212
0.043715
0.015013
-0.0038025
-0.027083
-0.0018891
0.02171
-0.013051
-0.022937
-0.012094
-0.0069916
-0.037926
-0.030591
-0.037607
-0.03091
-0.035056
-0.02517
-0.027721
-0.034099
-0.046536
-0.041753
-0.049088
-0.015283
0.028726
0.013419
0.0076782
0.023624
0.028088
0.038612
0.073374
0.061255
0.047542
0.05105
0.071141
0.057109
0.024899
0.004808
0.012462
0.022986
-0.020386
-0.034737
-0.029315
-0.06886
-0.051958
-0.086081
-0.081298
-0.081617
-0.087357
-0.088633
-0.074282
-0.067266
-0.073963
-0.066947
-0.058655
-0.058655
-0.012413
-0.016878
-0.0105
0.01597
0.05392
0.046266
0.045629
0.067314
0.07146
0.070185
0.073374
0.067633
0.077838
0.060936
0.04818
0.030321
0.023624
-0.017197
0.0013
-0.0082673
-0.016878
-0.016878
0.0131
-0.022299
-0.019429
-0.032504
-0.039839
-0.035375
-0.023575
-0.0098618
-0.01337
-0.0031647
-0.0034836
-0.022299
-0.067903
-0.035375
-0.035694
-0.029315
-0.035056
-0.038245
-0.03091
-0.0028458
0.017883
0.10909
0.10431
0.084217
0.087406
0.10431
0.11547
0.10303
0.16076
0.16937
0.12025
0.1346
0.08613
0.042758
0.0028946
0.02777
-0.015921
-0.042391
-0.070455
-0.096605
-0.11797
-0.11925
-0.12818
-0.13392
-0.11861
-0.082573
-0.067266
-0.075557
-0.074601
-0.073644
-0.059931
-0.032823
-0.0076295
-0.012094
-0.020067
-0.017197
-0.019748
-0.028678
-0.037607
-0.05132
-0.057698
-0.032504
-0.029634
-0.040477
-0.036969
-0.029315
-0.023894
-0.0098618
-0.0098618
-0.0073105
0.01023
0.016608
0.032553
0.032872
0.031915
0.057747
0.052963
0.043396
0.025856
0.012143
-0.011775
0.022348
0.0019378
-0.0069916
-0.018153
-0.016878
-0.02198
-0.0034836
-0.04271
-0.0034836
-0.009224
-0.031229
-0.01911
-0.019748
-0.0089051
0.0038513
0.030959
0.052326
0.020435
0.040845
0.029045
-0.017516
-0.022618
-0.013051
-0.02198
-0.01911
-0.036331
-0.036331
-0.041115
-0.042391
-0.0047593
-0.0095429
-0.026445
0.013419
0.01023
0.004808
0.01023
0.026813
0.05392
0.070185
0.088362
0.05679
0.028726
0.0051269
0.011824
0.0035324
-0.032504
-0.024213
-0.014964
-0.054828
-0.036012
-0.070774
-0.076514
-0.09533
-0.084168
-0.06886
-0.074601
-0.062163
-0.065671
-0.042072
-0.0073105
-0.020386
-0.044623
-0.036969
-0.052915
-0.032823
0.0067215
0.01884
0.0067215
0.01884
0.0067215
0.044353
0.052963
0.044353
0.029045
0.021072
0.032234
0.023305
0.015013
0.043715
0.011505
0.02458
0.0028946
2.4388e-05
-0.0038025
-0.0044404
-0.020386
-0.017835
-0.012732
-0.029315
-0.042072
-0.041434
-0.042072
-0.044304
-0.047493
-0.04271
-0.031867
-0.050682
-0.035694
-0.03378
-0.026764
-0.012413
-0.0053971
-0.012094
-0.0031647
0.01597
0.0099106
0.011505
0.0025757
0.0070404
0.015013
0.017883
-0.0018891
-0.020386
-0.0060349
-0.0079484
0.0060837
0.013419
0.0079971
0.0013
0.0051269
0.034786
0.051369
0.020435
0.0057648
0.030321
0.041483
0.03064
0.044991
0.01884
0.0025757
0.021391
0.052007
0.085811
0.027132
-0.037288
0.028726
0.061574
0.066039
0.08613
0.066358
0.10909
0.11611
0.1075
0.10622
0.13301
0.11132
0.10526
0.088681
0.10144
0.11005
0.10367
0.084217
0.062531
0.039888
0.03351
0.014056
0.00098112
-0.028996
-0.035694
-0.03378
-0.063758
-0.053552
-0.056423
-0.050682
-0.060887
-0.07173
-0.084806
-0.090865
-0.066309
-0.071093
-0.058336
-0.051001
-0.038883
-0.058336
-0.046218
-0.043666
-0.041753
-0.035694
-0.036331
-0.04845
-0.032186
-0.034099
-0.018791
-0.035056
-0.0082673
-0.0079484
-0.010181
-0.0069916
-0.012413
-0.012413
-0.011775
-0.023256
-0.014327
-0.02198
-0.013689
-0.017835
-0.014964
-0.012094
0.0003433
0.0064026
0.0073593
0.012781
0.019478
0.0131
0.035104
0.026813
0.020754
0.030959
0.053282
0.055196
0.069547
0.064125
0.047542
0.058066
0.066039
0.081665
0.076882
0.072736
0.088362
0.086768
0.085811
0.093465
0.10941
0.11101
0.093465
0.069866
0.072098
0.08613
0.084854
0.03925
0.067633
0.089
0.096654
0.06572
0.043077
0.036699
0.044353
0.080071
0.038294
0.02458
0.026175
0.015651
0.008635
-0.0082673
-0.030272
-0.015602
-0.029315
-0.034418
-0.034737
-0.035694
-0.070455
-0.055785
-0.057379
-0.060569
-0.016559
-0.037288
-0.047174
-0.057698
-0.038245
-0.027083
-0.045261
-0.050363
-0.053871
-0.043028
-0.043347
-0.046855
-0.032823
-0.030591
-0.034099
-0.050044
-0.039202
-0.014327
-0.012094
-0.026764
-0.0050782
-0.014327
-0.0089051
-0.017835
-0.002208
0.012462
0.020116
0.012143
0.0032135
0.024262
0.0051269
-0.01337
0.0051269
0.018521
0.0054459
-0.002208
-0.0098618
-0.010819
-0.020067
-0.016559
-0.0076295
-0.020386
-0.025488
-0.027721
0.00066221
-0.0028458
0.0013
0.0092728
0.0099106
0.033829
0.04818
0.03351
0.022029
0.033191
0.034467
0.042121
0.047223
0.048499
0.029683
0.042121
0.044034
0.043077
0.03638
0.034148
0.04531
0.056471
0.065082
0.061893
0.057747
0.072417
0.087087
0.09506
0.098568
0.10208
0.096654
0.094741
0.10526
0.081028
0.070822
0.079752
0.091552
0.10048
0.089
0.080709
0.080709
0.059661
0.057747
0.024899
0.03064
0.025218
0.026494
0.033829
0.043396
0.0019378
-0.020705
-0.049088
-0.0079484
-0.011775
-0.032186
-0.12244
-0.076195
-0.074919
-0.11096
-0.12945
-0.1202
-0.10585
-0.10394
-0.12307
-0.11255
-0.091184
-0.071093
-0.075557
-0.075876
-0.062163
-0.071411
-0.044304
-0.030591
-0.019748
-0.024851
-0.020386
-0.014008
-0.019748
-0.027402
-0.011775
-0.035056
-0.032186
-0.023894
-0.0053971
-0.0050782
-0.0031647
0.0019378
0.0016189
0.012462
0.034467
0.017883
0.011505
0.014375
0.020116
0.026494
0.02171
0.018521
-0.00061343
0.0073593
0.017246
0.026175
0.018202
0.017246
0.024899
0.017246
0.022029
0.033829
0.030959
0.031278
0.028726
0.030002
0.035423
0.030959
0.02777
0.042439
0.057747
0.048818
0.03925
0.028088
0.019159
0.023305
0.043715
0.054877
0.037018
0.048818
0.042758
0.041164
0.073374
0.07146
0.073374
0.054558
0.055834
0.061255
0.039888
0.045947
0.046904
0.052963
0.034148
0.022029
0.026494
0.0038513
-0.0034836
-0.016559
-0.047493
-0.071093
-0.080979
-0.095011
-0.076514
-0.065671
-0.052277
-0.053552
-0.061206
-0.066947
-0.06025
-0.07779
-0.071411
-0.037607
-0.026445
-0.040477
-0.023894
-0.0069916
-0.0034836
-0.0095429
-0.014008
-0.023575
2.4388e-05
0.01597
0.014375
-0.022299
-0.0044404
-0.0060349
-0.0041214
0.0095917
-0.0063538
-0.0018891
-0.018153
-0.011775
-0.0082673
-0.01624
-0.0063538
-0.041753
-0.033461
-0.026445
-0.0041214
-0.016878
-0.015921
-0.0073105
-0.01337
-0.017516
0.0032135
-0.016559
-0.023256
-0.023256
-0.013689
-0.0038025
0.0016189
-0.0063538
-0.017197
-0.0031647
-0.0028458
0.0022568
-0.00061343
0.00098112
0.0028946
0.0038513
0.0028946
0.0076782
0.0025757
-0.0038025
-0.0089051
2.4388e-05
-0.0018891
-0.0015702
0.00098112
0.0019378
0.011824
0.012781
0.014056
0.01884
0.033829
0.030959
0.041483
0.052645
0.032553
0.042121
0.050412
0.049137
0.049774
0.052963
0.038612
0.027451
0.013738
0.055834
0.040207
0.035104
0.029683
0.023624
0.02458
0.020754
0.011824
0.0003433
-0.028996
-0.024213
-0.031548
-0.052277
-0.034418
-0.045899
-0.075876
-0.060569
-0.063439
-0.058017
-0.060569
-0.072049
-0.04558
-0.034737
-0.036012
-0.020386
-0.012094
-0.012094
-0.0038025
-0.0050782
-0.002208
-0.0015702
-0.011456
-0.023256
-0.0073105
-0.0015702
-0.0031647
-0.0105
-0.020386
-0.0095429
-0.016559
-0.0041214
-0.016559
-0.012732
-0.0076295
-0.0073105
-0.00061343
0.015651
0.0099106
-0.014964
0.010548
0.026813
0.020754
0.010867
0.015651
0.020435
0.021072
0.023305
0.031915
0.018521
0.01023
0.0054459
-0.0018891
0.011824
0.012143
-0.00093234
-0.022618
-0.0069916
2.4388e-05
-0.012413
-0.02198
-0.0066727
-0.0018891
0.0095917
0.0089539
0.0060837
0.0131
0.02171
0.021072
0.022029
0.028726
0.03925
0.022348
0.0016189
0.035423
0.058066
0.061255
0.040526
0.029364
0.03351
0.045947
0.049774
0.028088
0.0003433
-0.011775
-0.012413
-0.011775
0.0028946
-0.012094
-0.030272
-0.038564
-0.027721
-0.014964
-0.036012
-0.046536
-0.047493
-0.037607
-0.0066727
0.0041702
-0.019429
-0.012413
-0.0079484
-0.01624
-0.0076295
-0.0044404
-0.0066727
-0.021024
0.00098112
0.0016189
0.0070404
0.0099106
-0.0031647
-0.025807
-0.020067
0.0131
0.012143
-0.013689
-0.027083
-0.020705
-0.01911
-0.022299
-0.028678
-0.047812
-0.054509
-0.033142
-0.02517
-0.027402
-0.021024
-0.02804
-0.023575
-0.011137
0.010867
-0.0031647
-0.0044404
-0.0034836
0.0038513
-0.0038025
-0.0098618
-0.0012513
-0.0082673
-0.00029452
-0.016878
-0.022299
-0.027721
-0.024851
-0.022618
-0.022618
-0.013051
-0.0060349
-0.015602
-0.016878
-0.017197
-0.002208
0.0028946
-0.00061343
-0.0031647
-0.0076295
0.011505
0.018202
0.03064
0.030959
0.030959
0.037656
0.028407
0.043715
0.037656
0.03064
0.022348
0.043715
0.031596
0.022029
0.0035324
0.014056
0.0028946
-0.0095429
0.0044891
-0.0076295
-0.020067
-0.014645
-0.02198
-0.01337
0.0016189
-0.01624
-0.019429
-0.033142
-0.023894
-0.014008
-0.014008
-0.01624
-0.028678
-0.010181
-0.012413
0.012143
0.0079971
0.0022568
0.0131
0.015332
0.036699
0.04531
0.030002
0.0131
0.030321
0.032872
0.028088
0.03064
0.012143
-0.005716
-0.012094
0.0016189
0.0079971
0.012143
-0.01337
-0.038564
-0.03378
-0.01624
-0.030591
-0.026764
-0.022937
-0.017835
-0.021024
-0.022937
-0.026126
-0.03378
-0.038564
-0.032186
-0.01624
-0.018791
-0.013051
-0.012732
-0.018153
-0.021024
-0.0089051
-0.015921
-0.028359
-0.023256
-0.036012
-0.031867
-0.01911
-0.022299
-0.044304
-0.031548
-0.027721
-0.023894
-0.027083
-0.028678
-0.021343
-0.018472
-0.0073105
-0.0044404
-0.0089051
-0.013051
-0.009224
-0.009224
-0.0034836
-0.0038025
-0.013051
-0.020067
-0.0076295
0.0003433
-0.0041214
-0.0060349
-0.0028458
2.4388e-05
-0.0018891
0.010548
0.0013
0.0032135
0.014375
0.013419
0.01884
0.014056
0.010548
-0.00061343
0.0022568
0.0131
0.034148
0.024899
0.017564
0.021391
0.016608
0.022986
0.045629
0.037018
0.036699
0.042121
0.034786
0.034148
0.057747
0.064763
0.058066
0.064444
0.045947
0.065082
0.073055
0.075606
0.059661
0.052645
0.056471
0.051369
0.02171
0.0038513
0.0073593
0.0025757
0.00066221
-0.020705
-0.041115
-0.053234
-0.052596
-0.056742
-0.058017
-0.062801
-0.06599
-0.074601
-0.070774
-0.054509
-0.063439
-0.068541
-0.061206
-0.058655
-0.058017
-0.059293
-0.055785
-0.060887
-0.05132
-0.046218
-0.039839
-0.041434
-0.030272
-0.028996
-0.023256
-0.016559
-0.0044404
-0.011775
-0.021024
-0.015283
-0.012413
-0.009224
-0.0073105
2.4388e-05
-0.0105
-0.0012513
0.0041702
0.013738
0.017883
0.013738
0.01023
0.020754
0.031596
0.022986
0.020754
0.015013
0.023943
0.021391
0.012781
0.0095917
0.0032135
-0.01337
-0.011456
-0.0073105
-0.0105
-0.0079484
-0.013051
-0.014008
-0.0098618
-0.0012513
-0.0105
-0.015283
-0.0076295
-0.0095429
-0.016559
-0.0085862
-0.010819
-0.0089051
-0.0028458
0.0025757
0.0073593
2.4388e-05
-0.0028458
0.0095917
0.018521
0.030959
0.030002
0.026494
0.01597
0.029045
0.023943
0.018202
0.010548
0.016289
0.0019378
0.011824
0.0013
-0.0018891
-0.0098618
-0.027402
-0.02517
-0.014964
-0.013051
-0.025488
-0.028678
-0.03665
-0.031229
-0.02804
-0.034737
-0.037926
-0.042072
-0.049088
-0.034737
-0.034099
-0.038883
-0.041115
-0.040796
-0.038564
-0.038883
-0.023894
-0.035694
-0.040477
-0.03665
-0.027721
-0.026764
-0.029315
-0.028678
-0.035694
-0.019748
-0.015283
-0.012413
-0.016559
-0.014327
-0.012413
-0.010181
-0.0025269
0.0064026
-0.0031647
-0.012413
-0.0085862
-0.012413
-0.01624
-0.010181
-0.016878
-0.030591
-0.016878
-0.011456
-0.012094
-0.01624
-0.015283
-0.0066727
-0.005716
0.022029
0.032553
0.024262
0.026175
0.029045
0.030321
0.031596
0.042439
0.037337
0.026813
0.033829
0.037337
0.03351
0.034786
0.013419
-0.0063538
-0.0015702
0.017564
-0.0012513
-0.026764
-0.024851
-0.026126
-0.027402
-0.025488
-0.032186
-0.04271
-0.023256
-0.019429
-0.014008
-0.02517
-0.028359
-0.020386
-0.014008
-0.005716
-0.00029452
-0.0050782
-0.0105
-0.012094
-0.019748
-0.018153
-0.017516
-0.032186
-0.040477
-0.028359
-0.025807
-0.031229
-0.031229
-0.032186
-0.031548
-0.028996
-0.017197
-0.027083
-0.027083
-0.02517
-0.020386
-0.021024
-0.022937
-0.021024
-0.02804
-0.026764
-0.018153
-0.011137
-0.015283
-0.016559
-0.014327
-0.014008
-0.0060349
0.0070404
-0.0069916
-0.012413
-0.005716
-0.0031647
-0.0041214
-0.0044404
-0.0034836
-0.015283
-0.0018891
0.00066221
0.0013
0.0016189
-0.0031647
0.00098112
0.0028946
0.015013
0.016289
0.012462
0.013419
0.018521
0.017564
0.015651
0.020754
0.01884
0.0099106
0.025537
0.029045
0.022029
0.020435
0.010867
0.0025757
0.0089539
0.02458
0.0051269
-0.0031647
-0.0041214
-0.0031647
-0.01337
-0.016559
-0.021661
-0.038883
-0.026445
-0.022299
-0.017835
-0.017835
-0.016559
-0.020705
-0.019429
-0.014327
0.00098112
-0.0079484
-0.013689
-0.0095429
-0.009224
-0.0015702
-0.005716
-0.012413
-0.01624
-0.0018891
-0.0015702
-0.0069916
-0.011456
-0.012413
-0.0105
-0.0098618
2.4388e-05
0.0095917
0.0060837
-0.0044404
-0.00093234
0.0013
0.0019378
-0.0066727
-0.018153
-0.02198
-0.0031647
0.0019378
2.4388e-05
-0.0069916
-0.011775
-0.021024
-0.017835
0.0064026
-0.0028458
-0.013689
-0.020705
-0.015283
-0.014327
-0.014008
-0.0034836
-0.011775
-0.0066727
-0.0015702
0.0028946
-0.0034836
-0.0028458
0.0038513
0.0025757
0.012462
0.026175
0.014375
-0.00029452
-0.00029452
0.0073593
0.0067215
0.0038513
-0.00029452
-0.011137
0.0019378
0.0016189
-0.00061343
-0.005716
0.0013
-0.0018891
2.4388e-05
0.0099106
0.021072
0.022986
0.01884
0.016927
0.019797
0.027451
0.035104
0.036699
0.044991
0.054239
0.058704
0.049774
0.03351
0.03064
0.047861
0.039888
0.040207
0.021391
0.015651
0.0028946
-0.00093234
-0.0038025
-0.017835
-0.03378
-0.043028
-0.030272
-0.028678
-0.03378
-0.046218
-0.041434
-0.043347
-0.044623
-0.033461
-0.017516
-0.029634
-0.041434
-0.03665
-0.037607
-0.031229
-0.032823
-0.035694
-0.040158
-0.02198
-0.016559
-0.012732
-0.017197
-0.01911
-0.022299
-0.0105
0.022029
0.010867
0.0057648
0.0051269
0.0038513
0.0051269
0.00066221
0.011824
0.0022568
-0.012094
-0.0085862
-0.00093234
-0.0069916
-0.0076295
-0.010819
-0.01911
-0.013689
0.0044891
-0.01337
-0.018472
-0.015602
-0.014645
-0.014645
-0.016878
-0.01337
-0.020386
-0.0095429
-0.0066727
0.0028946
0.0003433
-0.0034836
-0.0015702
2.4388e-05
0.010867
0.018202
0.014694
0.012462
0.0095917
0.0076782
0.014694
0.0131
0.0044891
2.4388e-05
0.010867
0.016289
0.010548
0.0099106
0.0099106
0.017246
0.011824
0.025856
0.017883
0.020754
0.028726
0.029683
0.027451
0.023943
0.026175
0.023305
0.017564
0.020116
0.016927
0.0076782
0.024262
0.019478
-0.002208
0.016608
0.040207
0.0095917
-0.00029452
0.0038513
0.0054459
0.011186
0.008316
-0.0012513
-0.014964
-0.0060349
-0.0082673
-0.00029452
0.00066221
-0.017835
-0.02517
-0.014645
-0.0073105
-0.013689
-0.026764
-0.042391
-0.041434
-0.028996
-0.023256
-0.022618
-0.022937
-0.037288
-0.01337
-0.012413
-0.020705
-0.016559
-0.0028458
0.013419
0.017883
0.028088
0.01597
0.0073593
0.013738
0.008635
0.008635
0.012143
0.013419
0.0051269
0.0044891
0.0073593
0.0067215
0.0028946
-0.00093234
-0.0041214
-0.0063538
0.0013
0.015013
0.0076782
0.0092728
0.008316
0.0060837
0.0022568
0.00098112
0.0019378
-0.01337
0.0092728
0.0025757
-0.0041214
-0.010181
-0.0089051
-0.005716
-0.0089051
0.00066221
-0.0050782
-0.012413
-0.010181
-0.010181
-0.0041214
-0.00029452
-0.0095429
-0.011456
-0.019429
-0.0050782
-0.002208
-0.0028458
-0.0025269
0.0013
-0.00061343
0.0054459
0.015332
-0.0034836
-0.012732
-0.0044404
-0.0015702
-0.0044404
-0.010819
-0.023256
-0.026126
-0.017197
-0.022299
-0.01911
-0.022618
-0.026126
-0.022937
-0.02517
-0.020067
-0.0073105
-0.017516
-0.027402
-0.018472
-0.012732
2.4388e-05
-0.0044404
0.0057648
2.4388e-05
0.0095917
0.0095917
0.015332
0.01023
0.015332
0.018521
0.017564
0.02458
0.020435
0.019478
0.0067215
-0.0018891
-0.0018891
-0.0047593
-0.012732
-0.022618
-0.027402
-0.014327
-0.0012513
-0.012094
-0.014645
-0.013689
-0.015921
-0.002208
0.018521
0.0025757
0.0028946
0.014375
0.0044891
0.0057648
0.01597
0.00066221
-0.009224
0.0003433
-0.00093234
-0.0015702
-0.00029452
-0.0085862
-0.0031647
-0.0060349
-0.0063538
0.0028946
-0.0069916
-0.014964
-0.0095429
-0.0073105
-0.0041214
-0.0069916
-0.005716
-0.015602
0.0099106
0.019797
0.015013
0.0067215
0.014375
0.02458
0.041164
0.046585
0.031915
0.032553
0.031596
0.036699
0.031596
0.023624
0.020754
0.0079971
0.0003433
0.0035324
0.0064026
-0.010819
-0.016559
-0.017516
-0.020705
-0.01911
-0.0085862
-0.020705
-0.027721
-0.022618
-0.020067
-0.022937
-0.010819
0.0019378
-0.014645
-0.0076295
-0.0047593
-0.0015702
0.0003433
0.0013
0.0025757
0.0016189
0.008316
0.019797
0.0038513
-0.011456
-0.0066727
-0.0089051
-0.012413
-0.0063538
-0.018472
-0.038564
-0.026764
-0.026126
-0.02517
-0.024851
-0.022618
-0.02198
-0.029315
-0.019748
-0.023575
-0.024851
-0.028678
-0.023575
-0.021024
-0.023256
-0.024532
-0.027721
-0.030272
-0.020705
-0.0085862
-0.014327
-0.023256
-0.017197
0.0013
0.00098112
0.014694
0.0060837
0.0025757
0.0067215
0.0060837
0.0073593
0.0131
0.015013
0.00098112
0.0079971
0.0095917
0.017883
0.0025757
-0.0018891
0.0019378
0.0079971
0.0079971
0.0079971
2.4388e-05
-0.0050782
-0.0012513
-0.002208
-0.0012513
0.00098112
-0.009224
-0.015921
0.0032135
0.0041702
0.0032135
0.00066221
-0.0076295
-0.00061343
0.0044891
0.011505
0.0028946
0.0028946
0.0028946
0.0028946
-0.0018891
-0.005716
-0.009224
-0.017197
0.0019378
0.0051269
0.015332
0.010867
0.0095917
0.02171
0.029364
0.028726
0.042121
0.041164
0.033191
0.037337
0.038294
0.034148
0.041483
0.033191
0.019478
0.022029
0.0057648
0.0051269
-0.0076295
-0.017516
-0.014964
-0.014327
-0.0105
-0.01624
-0.028678
-0.034099
-0.03091
-0.026445
-0.021343
-0.019429
-0.014964
-0.023256
-0.0063538
0.008635
0.0073593
0.0057648
0.0019378
-0.0031647
-0.0044404
0.0099106
0.0067215
2.4388e-05
-0.011137
-0.023256
-0.022299
-0.028359
-0.037926
-0.052277
-0.046218
-0.040796
-0.038883
-0.041115
-0.041434
-0.034099
-0.036012
-0.024213
-0.0089051
-0.013689
-0.0079484
-0.0044404
-0.002208
0.015013
0.026813
0.025856
0.01023
0.045629
0.042439
0.044672
0.035742
0.03925
0.044034
0.03925
0.051369
0.041164
0.03064
0.016289
0.019797
0.012781
0.0032135
-0.0034836
-0.014645
-0.023894
-0.023894
-0.018791
-0.029315
-0.026445
-0.033142
-0.039202
-0.030591
-0.013689
-0.015283
-0.01624
-0.018791
-0.016878
-0.01911
-0.015283
-0.005716
-0.018472
-0.015283
2.4388e-05
-0.0025269
-0.010819
0.00098112
2.4388e-05
-0.0063538
-0.0060349
0.0013
-0.021343
-0.014645
-0.010181
-0.0044404
0.0079971
-0.0025269
-0.0038025
-0.0105
-0.0041214
-0.0050782
0.016608
0.0092728
0.015013
0.01597
0.0076782
0.019478
0.015651
-0.00029452
2.4388e-05
0.013419
0.011505
-0.0028458
-0.0082673
-0.013051
-0.012094
0.0051269
0.0064026
0.014694
0.012143
0.01023
0.0044891
0.0079971
0.034467
0.035423
0.019159
0.015013
0.022667
0.040526
0.049774
0.033829
0.029683
0.028407
0.035423
0.043077
0.040845
0.034786
0.026494
0.03064
0.041164
0.053282
0.01884
0.021391
0.01884
0.020116
0.017564
0.0022568
-0.0063538
-0.023256
-0.015921
-0.0085862
-0.011775
-0.021024
-0.013689
-0.016878
-0.023894
-0.022299
-0.033461
-0.039202
-0.034418
-0.031548
-0.036969
-0.041434
-0.039839
-0.045899
-0.051001
-0.041115
-0.027083
-0.026126
-0.019748
-0.016878
0.0028946
2.4388e-05
0.020435
0.021072
0.022029
0.031915
0.028407
0.030002
0.031596
0.043715
0.030959
0.04531
0.049774
0.052007
0.044034
0.046266
0.042758
0.025218
0.032234
0.040845
0.022348
0.011824
0.019159
0.0064026
-0.0028458
0.0076782
-0.0012513
-0.031229
-0.010819
0.0013
2.4388e-05
-0.010819
-0.0066727
-0.010181
-0.0044404
0.0092728
0.0079971
0.022029
0.019478
0.022667
0.022348
0.027451
0.0044891
-0.011456
-0.027721
-0.01337
0.021072
0.015013
-0.0025269
0.013738
-0.022618
-0.037607
-0.022618
-0.021024
-0.029315
-0.016559
-0.014008
-0.018791
-0.0060349
-0.016559
-0.026764
0.015332
-0.0015702
0.010867
0.032553
0.015332
0.019478
0.031596
0.049137
0.031915
0.017246
0.0073593
0.020754
-0.0076295
-0.0031647
0.0057648
-0.043028
-0.04271
-0.042072
-0.05132
-0.040158
-0.041115
-0.050682
-0.049088
-0.035694
-0.02804
-0.020067
0.0041702
-0.012094
-0.023256
-0.014964
-0.0095429
0.0070404
0.010867
0.0079971
0.015332
0.022348
0.013419
-0.00029452
0.0067215
-0.00061343
0.0003433
0.023305
0.022667
0.0016189
-0.013689
-0.010819
-0.010819
0.0003433
0.0025757
0.0079971
0.026175
0.01884
-0.0044404
-0.027402
-0.03952
-0.017197
-0.023256
-0.005716
-0.0041214
-0.013051
-0.038883
-0.036012
-0.050682
-0.046218
-0.069179
-0.052915
-0.049088
-0.043028
-0.04271
-0.025807
-0.020705
-0.035056
-0.00093234
0.034786
0.014056
-0.0038025
0.0032135
0.011186
0.023624
0.014056
2.4388e-05
0.0076782
0.0035324
0.0041702
-0.020386
-0.0073105
-0.02517
-0.043666
-0.036969
-0.048131
-0.041115
-0.032186
-0.053234
-0.057379
-0.06025
-0.072687
-0.075238
-0.078746
-0.065352
-0.049088
-0.044304
-0.065352
-0.050044
-0.05419
-0.056423
-0.033461
-0.02517
-0.021343
-0.0012513
-0.0044404
0.025856
0.015651
0.031596
0.051369
0.035742
0.030002
0.023305
0.043715
0.050731
0.075925
0.11643
0.10271
0.049774
0.060617
0.089638
0.073693
0.060936
0.07433
0.055196
0.034786
0.004808
0.022348
0.0022568
0.027132
-0.0031647
-0.020067
-0.034099
-0.059612
-0.043666
-0.040158
-0.065352
-0.053234
-0.060569
-0.079384
-0.048131
-0.054509
-0.064077
-0.009224
-0.039202
-0.067266
-0.03378
-0.021661
-0.024851
-0.038883
-0.02517
-0.036331
-0.012094
-0.00093234
-0.029315
-0.045899
0.00098112
0.0022568
-0.044304
-0.097562
-0.065352
-0.047174
-0.054509
-0.064395
-0.053234
-0.051001
-0.05132
-0.053552
-0.060569
-0.055785
-0.020705
-0.015283
-0.009224
0.011505
-0.021661
-0.034737
-0.0053971
0.019159
0.023624
0.022667
0.022986
0.008316
0.027451
-0.0038025
0.012462
-0.0034836
-0.0095429
-0.01911
-0.014964
-0.017197
-0.02517
-0.022299
-0.0060349
-0.0034836
0.010548
-0.032823
-0.030272
-0.019748
0.0019378
0.046904
0.03064
0.022348
0.022667
0.045947
0.042439
-0.029634
-0.041753
-0.014645
-0.013689
-0.009224
0.004808
-0.062801
-0.045899
0.010548
0.0025757
-0.039839
-0.031867
0.017564
0.026813
0.035104
0.03351
0.020435
0.00066221
0.0022568
0.017246
-0.00061343
-0.0073105
-0.017835
-0.056104
-0.044304
-0.024213
-0.059293
-0.081298
-0.059293
-0.072368
-0.08927
-0.074601
-0.056423
-0.051639
-0.032823
-0.025488
-0.031548
-0.041115
-0.024532
-0.021343
-0.031229
-0.0079484
0.020116
0.016289
0.021072
0.0092728
0.0038513
0.022029
0.028726
0.0064026
-0.014645
-0.0085862
-0.0060349
-0.014964
-0.044304
-0.026445
-0.012413
-0.016559
-0.0034836
-0.033142
-0.060887
-0.049088
-0.023575
0.0013
0.019797
0.014375
0.00066221
-0.022618
-0.039839
-0.037288
0.0038513
0.0076782
-0.035056
-0.029315
-0.03378
-0.039839
-0.027721
-0.058017
-0.055785
-0.058974
-0.067266
-0.031867
0.0032135
0.028407
0.0041702
-0.0025269
0.0095917
0.0025757
0.0032135
0.015651
0.034148
0.061574
0.054877
0.057109
0.028726
0.018202
0.0079971
0.01597
0.016289
0.027451
0.012143
-0.0060349
-0.01337
-0.043347
-0.014008
-0.01911
-0.045261
-0.053552
-0.011775
0.021391
0.013738
0.015332
0.0051269
0.037337
0.0089539
0.014375
0.018202
0.023943
0.025856
-0.0050782
0.034786
0.027132
-0.011137
-0.040158
-0.066947
-0.075238
-0.072687
-0.053552
-0.062801
-0.067903
-0.084168
-0.093735
-0.10075
-0.094373
-0.086081
-0.076833
-0.085443
-0.066947
-0.054828
-0.029953
-0.034737
-0.023575
-0.012732
-0.0012513
0.035104
0.020754
0.0022568
0.020754
0.043396
0.054239
0.087725
0.080071
0.050731
0.075287
0.076882
0.072736
0.046585
0.035742
0.01597
0.028407
0.033829
0.008316
0.012143
-0.002208
-0.0095429
-0.0098618
-0.028359
-0.058017
-0.055466
-0.032504
-0.017197
-0.036331
-0.053552
-0.068222
-0.030272
-0.020705
-0.024213
-0.040158
0.0022568
0.0025757
-0.012413
0.052645
0.051369
0.017246
0.023305
0.032234
0.01884
0.018202
0.0131
0.0016189
0.00066221
0.028407
0.036699
0.008316
-0.0012513
0.01597
0.011186
0.017246
0.014375
0.01884
-0.0085862
0.0016189
0.023305
0.01884
0.018521
0.0003433
0.017246
0.047861
0.030959
-0.0047593
-0.0018891
-0.009224
-0.047174
-0.027721
-0.013051
0.014056
-0.0038025
-0.02198
-0.047174
-0.066309
-0.061525
-0.056423
-0.076833
-0.073325
-0.043028
-0.04271
-0.055785
-0.052915
-0.031867
0.016927
0.032234
0.021072
0.028088
0.052007
0.029364
-0.014008
0.0067215
0.041802
0.040845
0.03925
0.0032135
-0.043028
-0.032504
-0.030272
-0.044942
-0.079065
-0.084806
-0.051958
-0.042072
-0.06025
-0.070136
-0.053871
-0.027402
0.021391
-0.0018891
0.0064026
0.017564
0.042121
0.020754
0.014694
0.028407
0.047542
0.082303
0.036699
0.031915
0.053282
0.02458
-0.0073105
0.024899
0.0016189
-0.0060349
-0.014645
-0.049088
-0.058974
0.0003433
-0.0034836
-0.033142
-0.02517
-0.03952
-0.046855
-0.021343
0.0016189
-0.0085862
-0.03952
-0.065671
-0.038883
-0.04271
-0.062482
-0.072687
-0.058336
-0.091503
-0.04558
-0.024851
-0.064714
-0.099157
-0.11638
-0.063758
-0.047174
-0.025488
-0.025807
-0.018791
-0.018153
0.0028946
0.024262
0.032234
0.044034
-0.00061343
0.032553
0.079114
0.078476
0.073693
0.087087
0.036061
0.05105
0.063487
0.05105
0.0060837
-0.0041214
0.017564
0.010548
-0.017516
-0.038883
-0.030591
-0.054828
-0.063439
-0.053552
-0.033142
-0.031229
-0.052277
-0.019748
-0.045261
-0.04558
-0.05419
-0.038564
-0.035056
-0.058974
-0.077471
-0.041434
-0.0012513
0.0003433
-0.06312
-0.074919
-0.080979
-0.078109
-0.049088
-0.016878
-0.024213
-0.00029452
2.4388e-05
-0.04558
-0.012413
-0.0018891
-0.013689
-0.030591
-0.040796
-0.002208
-0.028996
-0.041753
0.00098112
0.0092728
-0.0076295
-0.014964
-0.029634
-0.021343
-0.043985
-0.035694
-0.040477
-0.027402
-0.0034836
0.033191
-0.0098618
-0.043028
-0.050044
-0.08066
-0.043028
-0.033142
-0.03378
-0.022618
-0.0044404
-0.016878
0.033829
0.0089539
-0.022937
0.055196
0.13365
0.085492
0.048818
0.097611
0.10877
0.1193
0.13875
0.09187
0.07146
0.0051269
0.036061
0.037975
0.016289
-0.0098618
-0.017516
-0.05132
-0.10107
-0.15146
-0.15337
-0.18462
-0.15273
-0.16677
-0.13073
-0.12563
-0.16071
-0.14763
-0.17187
-0.17825
-0.16294
-0.1792
-0.13487
-0.1167
-0.12212
-0.14954
-0.13806
-0.08927
-0.053234
-0.02198
-0.069498
-0.083211
-0.055147
-0.014645
-0.018791
0.0016189
0.015013
0.032872
0.028088
0.038612
-0.0012513
0.0076782
0.033191
0.026494
0.020754
0.0092728
-0.0015702
-0.013689
0.0064026
0.041483
0.018202
2.4388e-05
0.015332
0.0060837
-0.050363
-0.036969
-0.017835
-0.061525
-0.073963
-0.047174
-0.061844
-0.090227
-0.043985
-0.058336
-0.10681
-0.079384
-0.085443
-0.080022
-0.094373
-0.065671
-0.037288
0.0051269
0.037337
2.4388e-05
0.031278
0.051688
0.059023
0.010548
0.041802
0.031278
-0.0041214
0.014375
-0.0018891
0.0076782
-0.06599
-0.093097
-0.04845
-0.056742
-0.11319
-0.11255
-0.12307
-0.1202
-0.11383
-0.12052
-0.079065
-0.066309
-0.064395
-0.049726
0.0013
0.040845
0.0044891
-0.019748
-0.011775
-0.022937
-0.0073105
-0.0015702
-0.060887
-0.038564
-0.050682
-0.0982
-0.14954
-0.16613
-0.16166
-0.14859
-0.13743
-0.11574
-0.088633
-0.10075
-0.13264
-0.12818
-0.12371
-0.087038
-0.055785
-0.06886
-0.088314
-0.053234
-0.075876
-0.10043
-0.11159
-0.087038
-0.086081
-0.088314
-0.092141
-0.094692
-0.07779
-0.065671
-0.044304
-0.061525
-0.045261
-0.017516
-0.0085862
0.0064026
-0.00093234
0.0092728
-0.041434
0.0076782
-0.014008
-0.022299
-0.005716
-0.023894
-0.0031647
0.06572
0.025856
0.011505
-0.016878
0.010548
0.035423
0.039888
0.0057648
0.0067215
-0.024213
-0.032823
-0.033142
-0.041434
-0.050682
-0.075876
-0.10522
-0.11574
-0.10235
-0.11702
-0.11574
-0.10777
-0.094054
-0.09246
-0.047493
-0.051958
-0.071411
-0.06025
-0.051639
-0.015283
-0.023575
-0.064077
-0.059612
-0.027083
-0.022937
-0.060569
-0.020067
-0.037607
-0.040477
-0.034737
-0.067266
-0.079065
-0.052915
-0.065671
-0.036331
-0.016878
-0.010819
-0.029634
-0.062482
-0.062163
-0.04845
-0.041753
-0.043347
-0.042391
-0.0105
-0.0082673
-0.025807
-0.024532
-0.014645
-0.043985
-0.051639
-0.037288
-0.055147
-0.033142
-0.077152
-0.021343
0.072098
0.043715
0.024899
0.022667
0.10208
0.14066
0.11898
0.080071
0.099524
0.087087
0.1413
0.11037
0.095378
0.091552
0.063806
-0.03378
0.022986
0.05679
0.010548
-0.041115
-0.12052
-0.1167
-0.10458
-0.10681
-0.14572
-0.13456
-0.14827
-0.14412
-0.13009
-0.12307
-0.15497
-0.19387
-0.15497
-0.13615
-0.11064
-0.091822
-0.0982
-0.088952
-0.076833
-0.043666
-0.035375
-0.014645
-0.017197
-0.01911
-0.058655
-0.022937
0.020435
-0.0053971
-0.051958
-0.027083
-0.028678
-0.042391
-0.041434
-0.044623
0.0095917
0.05679
0.098568
0.10813
0.13492
0.12567
0.1008
0.10367
0.11706
0.10813
0.09187
0.10016
0.074012
0.078476
0.057428
0.0057648
-0.082573
-0.092778
-0.10298
-0.12882
-0.13456
-0.14189
-0.15528
-0.12913
-0.079703
0.033829
0.12727
0.053601
0.045947
0.052326
0.061255
0.077838
0.049137
-0.0082673
0.079433
0.1649
0.072098
0.055834
-0.017197
-0.094054
-0.11638
-0.13328
-0.18144
-0.19068
-0.15624
-0.15369
-0.10171
-0.06312
-0.026126
-0.0076295
0.010548
0.026175
0.07752
0.048818
0.084217
0.10973
0.11292
0.053601
0.06859
0.073374
0.028088
0.0076782
0.058066
0.057747
0.0051269
-0.073963
-0.084487
-0.10809
-0.10043
-0.10107
-0.11797
-0.099157
-0.078427
-0.093416
-0.12084
-0.12212
-0.14189
-0.14667
-0.12913
-0.11415
-0.10617
-0.11638
-0.091503
-0.034099
0.013419
0.044672
0.048818
0.069866
0.086768
0.089638
0.10495
0.11579
0.092508
0.10909
0.11292
0.19552
0.11643
0.065401
0.057747
0.10495
0.02171
-0.017197
0.013419
0.042758
0.0016189
-0.035375
-0.039202
-0.069817
-0.070136
-0.023894
-0.034737
-0.06312
-0.055785
-0.068222
-0.093735
-0.10649
-0.10107
-0.11064
0.0057648
0.016289
-0.017197
-0.010181
-0.014327
-0.026445
-0.045899
-0.0069916
-0.0050782
-0.024532
0.034148
0.03064
-0.01911
-0.047174
-0.067903
-0.10713
-0.10298
-0.10904
-0.072368
-0.10585
-0.13934
-0.13934
-0.14189
-0.12212
-0.087357
-0.073325
-0.068222
-0.06599
-0.033142
0.011824
0.031596
0.075925
0.1193
0.1059
0.21178
0.17893
0.13779
0.13173
0.096335
0.15916
0.13365
0.060617
0.01597
0.089319
0.029364
-0.015283
-0.077152
-0.10872
-0.091184
-0.10841
-0.12882
-0.1438
-0.17952
-0.16549
-0.12435
-0.12531
-0.1167
-0.078746
-0.029634
-0.043347
-0.005716
0.03638
-0.028678
-0.011775
0.02458
0.030002
0.058066
0.051688
-0.031229
-0.009224
0.011505
-0.0085862
-0.051001
-0.066309
-0.096605
-0.093735
-0.1202
-0.091184
-0.11861
-0.11159
-0.064714
-0.028996
-0.055147
-0.064395
-0.059931
-0.062163
-0.075238
-0.084806
-0.041434
-0.0060349
-0.024213
-0.02804
-0.049407
-0.04271
-0.05132
-0.052277
-0.079703
-0.045261
-0.032823
-0.019429
-0.023894
-0.00061343
0.020435
-0.012413
0.0092728
0.037656
0.070185
0.035104
0.027132
-0.02804
-0.018153
0.03064
-0.005716
-0.0060349
-0.002208
-0.002208
-0.044623
-0.019748
-0.0089051
-0.062482
-0.08066
-0.057698
-0.015921
-0.02804
-0.028678
-0.026126
-0.0028458
-0.0079484
-0.009224
-0.035694
-0.11989
-0.046855
-0.0041214
-0.028996
-0.027721
-0.068222
-0.092778
-0.07779
-0.091184
-0.074919
-0.06599
-0.046536
-0.038245
0.11898
0.05392
0.041164
0.057428
0.022029
0.053282
-0.00093234
0.03638
0.098568
0.055515
0.032872
0.028407
-0.025807
-0.034099
-0.062482
-0.12403
-0.12052
-0.10394
-0.10522
-0.098838
-0.098838
-0.12116
-0.14317
-0.0982
-0.049726
-0.030591
0.081984
0.040845
0.061893
0.044991
0.008316
-0.034418
-0.055785
-0.058017
0.035104
0.064763
0.01597
-0.042072
-0.080022
-0.12212
-0.13838
-0.13424
-0.13647
-0.14157
-0.13264
-0.079384
-0.064077
-0.066947
-0.053234
-0.090865
-0.011456
-0.077471
-0.091503
-0.002208
0.0054459
-0.0085862
-0.014964
-0.034418
-0.062482
-0.06025
-0.071411
-0.063758
-0.067903
-0.054828
-0.033142
-0.05132
-0.079065
-0.078746
-0.057379
-0.038245
-0.063758
-0.049407
0.032234
0.051369
0.064444
0.049455
0.022029
0.038931
0.0044891
-0.030591
0.036699
0.016927
0.069228
0.024899
-0.036331
-0.04558
-0.046218
-0.053552
-0.070774
-0.086081
-0.10171
-0.10171
-0.097881
-0.11159
-0.10968
-0.085762
-0.090227
-0.02517
-0.037288
-0.034418
-0.017516
-0.01624
-0.037607
-0.052596
-0.014964
-0.03091
-0.0034836
0.018202
0.013738
-0.020067
-0.04271
-0.048131
-0.052277
-0.04271
-0.01624
-0.041434
-0.03665
-0.022618
-0.033461
-0.0095429
-0.020705
-0.034099
-0.016559
-0.046855
0.012462
-0.017516
-0.034099
-0.023575
-0.038564
-0.038564
-0.017516
-0.031229
-0.067585
-0.026126
-0.017516
0.0076782
-0.062482
-0.051958
-0.0025269
-0.00093234
-0.00029452
-0.037607
-0.0105
0.037337
0.02458
-0.011456
-0.012732
-0.028678
-0.031229
-0.037926
-0.084487
-0.035375
-0.017835
-0.025488
-0.040477
-0.022618
-0.032186
-0.029634
0.022667
-0.0076295
-0.039202
-0.050363
-0.036969
-0.029634
-0.026445
0.032553
0.0041702
-0.026445
-0.04558
-0.059612
-0.06312
-0.078109
-0.074601
-0.05419
-0.055147
-0.063758
-0.035056
-0.029953
-0.043028
-0.044623
-0.03665
-0.028359
-0.046536
-0.028359
0.037337
0.08613
0.052007
0.042758
0.0041702
0.031596
0.039569
0.030959
-0.0079484
0.074968
0.050731
0.081984
0.083898
0.068271
0.025537
0.004808
-0.01337
0.013738
0.0003433
0.0041702
2.4388e-05
0.046266
0.052007
0.08039
0.069547
0.013419
0.025537
0.029045
0.017883
-0.064714
-0.021024
0.017883
0.030959
-0.0076295
-0.024213
-0.044623
-0.063758
-0.10298
-0.11733
-0.10362
-0.080341
-0.1151
-0.14189
-0.09246
-0.046855
-0.067266
-0.087038
-0.076514
-0.078427
-0.078109
-0.047493
0.031596
-0.014327
-0.0018891
0.013738
0.011186
0.0070404
-0.0025269
-0.076195
-0.044623
0.010867
-0.009224
-0.052277
-0.052915
-0.064395
-0.083849
-0.079384
-0.082573
-0.084487
-0.081935
-0.078746
-0.076195
-0.060569
-0.046536
-0.06025
-0.047174
-0.028359
-0.01911
-0.015921
-0.0031647
0.029683
0.083898
0.094422
0.062212
0.047223
0.052326
0.092827
0.0057648
-0.019429
0.068909
0.13684
0.13333
0.099843
0.10431
0.10463
0.076882
0.052007
0.025856
-0.017835
0.01597
0.0076782
0.052645
0.058385
0.033191
0.035104
-0.0041214
0.0073593
-0.027083
-0.034099
-0.056423
-0.04558
-0.012732
-0.053234
-0.046218
0.0079971
0.025218
-0.0012513
-0.020067
-0.038245
-0.039202
-0.052915
-0.087676
-0.077152
-0.005716
-0.034099
-0.062482
-0.079703
-0.082892
-0.081617
-0.080022
-0.081617
-0.08927
-0.078109
-0.062163
-0.053871
-0.057061
-0.053234
-0.046536
-0.043985
-0.033461
-0.01624
-0.027721
-0.030591
-0.02198
-0.017197
-0.01337
-0.0082673
0.042758
0.023943
0.017883
0.01597
0.023624
0.049774
0.032234
0.048499
0.08326
0.096335
0.077201
0.05105
0.016927
0.01023
0.013738
0.055834
0.062212
0.050731
0.031278
0.018521
0.01023
0.0054459
-0.01624
-0.0085862
-0.005716
0.013419
0.05392
0.028407
0.012143
-0.00093234
-0.0085862
-0.0085862
-0.022937
-0.020705
-0.016559
-0.0073105
-0.00093234
0.0076782
-0.009224
-0.0034836
-0.023575
-0.00093234
0.0041702
0.019478
-0.0044404
-0.033461
0.0070404
0.020116
0.0070404
0.0028946
-0.00093234
-0.031229
-0.02517
0.00066221
-0.012413
-0.025807
-0.014964
-0.023256
-0.021661
-0.009224
-0.01911
-0.022618
-0.024851
-0.019429
-0.014645
-0.014964
-0.015602
-0.026126
-0.028678
-0.0085862
-0.005716
-0.0038025
-0.0031647
-0.0050782
-0.0050782
-0.0012513
0.018202
0.014375
0.0032135
0.011824
0.02171
0.016927
0.021072
0.031915
0.028726
0.026494
0.021391
0.03638
0.041164
0.029683
0.018202
0.031915
0.04531
0.046904
0.040207
0.020754
0.016927
0.022348
0.038294
0.060617
0.049774
0.01884
0.026813
0.060936
0.060617
0.033829
0.0022568
0.02458
0.056153
0.071779
0.025856
0.029683
0.043715
0.03351
0.022667
0.026813
0.02458
-0.02198
-0.0044404
0.02458
0.066358
0.081665
0.10112
0.073374
0.04818
0.05679
0.087087
0.062531
0.011505
0.036061
0.081984
0.11132
0.043077
0.025218
-0.0066727
-0.015921
-0.024851
-0.062482
-0.024851
-0.021024
-0.047493
-0.052915
-0.049407
-0.040158
-0.04845
-0.056423
-0.048131
-0.037288
-0.011456
-0.018153
-0.044304
-0.028996
-0.0076295
-0.0025269
-0.009224
0.0099106
0.012143
0.017564
0.012143
0.014694
0.01884
0.022986
0.040207
0.057109
0.038294
0.063169
0.092508
0.080071
0.073693
0.079752
0.054877
0.061574
0.05679
0.028088
0.028407
0.059661
0.061255
0.024262
-0.023894
-0.026764
-0.043028
-0.047174
-0.050682
-0.054509
-0.065033
-0.060887
-0.059293
-0.02517
-0.029315
-0.029634
-0.023894
-0.021343
-0.019429
-0.029953
-0.0018891
-0.014645
2.4388e-05
0.0079971
0.0051269
-0.0069916
-0.0098618
-0.014008
0.0022568
0.0079971
0.0057648
0.0076782
0.0067215
0.0076782
0.0076782
0.030002
0.022029
0.0092728
0.0092728
0.018521
0.016289
0.021391
0.03638
0.029045
0.019478
0.018521
0.03925
0.028407
0.050731
0.01023
0.038931
0.059023
0.069547
0.047542
0.035104
0.032234
0.042758
0.046585
0.031278
0.028088
0.03925
0.07752
0.055834
0.058385
0.052326
0.04531
0.070185
0.072098
0.085811
0.075925
0.049455
0.05679
0.033829
0.047861
0.054877
0.040845
0.031278
0.0060837
0.0003433
0.034148
0.040845
0.019797
0.015013
0.019159
0.03351
0.067314
0.010867
0.012462
0.081665
0.093784
0.059023
0.039888
-0.014645
0.033829
0.034467
-0.026445
0.032553
0.043396
0.0025757
-0.012732
-0.022618
-0.024213
0.0003433
-0.023575
-0.02517
-0.026445
-0.023575
-0.027083
-0.023894
-0.022299
-0.033142
-0.0085862
-0.022618
-0.015921
-0.012413
-0.0082673
-0.0053971
0.0060837
0.012462
0.012143
0.008635
0.0095917
0.015332
0.037337
0.031278
0.037656
0.026494
0.012143
0.034786
0.05105
0.034786
0.043715
0.059979
0.055515
0.054558
0.05392
0.022986
0.027132
0.01023
0.0092728
0.0051269
0.020754
0.02171
-0.0015702
-0.0060349
0.0131
0.00098112
-0.014964
0.0057648
0.00066221
0.0089539
0.027132
0.044353
0.038294
0.027451
0.036699
0.042758
0.050093
0.04531
0.042758
0.036699
0.053601
0.059342
0.067314
0.059661
0.055834
0.06572
0.056471
0.064125
0.065401
0.060936
0.043396
0.074649
0.07433
0.06285
0.055515
0.04531
0.029045
0.037018
0.027132
0.033829
0.038931
0.026813
0.027451
0.047223
0.060936
0.053282
0.017883
0.010548
0.033829
0.057109
0.063169
0.059023
0.050093
0.05392
0.059342
0.057109
0.039569
0.046266
0.061893
0.069228
0.066995
0.059023
0.032872
0.042439
0.03925
0.035423
0.038294
0.042439
0.034148
0.012143
0.02777
0.03638
0.030959
0.031915
0.03064
0.016289
0.0019378
0.023624
0.027132
0.027451
0.028726
0.021391
0.017564
0.022348
0.028407
0.0051269
0.012781
0.030002
0.03638
0.044353
0.041164
0.063487
0.059661
0.05105
0.074012
0.063169
0.056153
0.060936
0.052007
0.041802
0.056471
0.10973
0.052645
0.032234
0.032872
0.058704
0.034786
0.05392
0.047223
0.037018
0.051369
0.059661
0.047542
0.041483
0.046904
0.042439
0.043077
0.048499
0.043715
0.031278
0.047861
0.051688
0.049455
0.046904
0.045629
0.044353
0.050093
0.059661
0.047861
0.046585
0.045947
0.051369
0.051369
0.048499
0.048499
0.03925
0.035423
0.045947
0.054239
0.04818
0.044353
0.047223
0.047223
0.051369
0.067952
0.058066
0.049137
0.043077
0.035742
0.03925
0.038612
0.065401
0.048499
0.043077
0.038612
0.052326
0.030002
0.031596
0.041483
0.037337
0.044353
0.052326
0.069866
0.033829
0.015332
0.035742
0.04818
0.041164
0.018521
0.015013
0.043715
0.025218
0.028407
0.040207
0.028726
0.03064
0.042758
0.047223
0.037975
0.040207
0.033829
0.032872
0.041483
0.011824
0.03925
0.024262
0.014694
0.026494
0.016289
0.029683
0.010548
0.00098112
0.033191
0.015332
0.036699
0.037656
0.034786
0.039569
0.051688
0.050412
0.054877
0.051688
0.049455
0.06572
0.071779
0.080709
0.067314
0.060936
0.071779
0.060936
0.071141
0.074012
0.060617
0.044353
0.057747
0.054239
0.05105
0.046904
0.05105
0.032872
0.042439
0.052007
0.04818
0.04818
0.052007
0.046585
0.047861
0.063806
0.050412
0.049137
0.053601
0.059023
0.057109
0.05105
0.047861
0.028407
0.035742
0.040207
0.048499
0.044034
0.036061
0.032553
0.029683
0.030002
0.041802
0.032872
0.038931
0.042439
0.026813
0.030959
0.036699
0.02777
0.016289
0.052645
0.03925
0.041164
0.03638
0.039888
0.03638
0.032872
0.050412
0.055834
0.060936
0.049455
0.049455
0.052963
0.062212
0.056471
0.032234
0.028726
0.053601
0.039569
0.0079971
0.024262
0.042758
0.038294
0.025218
0.042758
0.03064
0.020435
0.008635
0.012781
0.044034
0.038612
0.030002
0.023624
0.030959
0.030959
0.040207
0.05392
0.040845
0.02458
0.03351
0.042121
0.049137
0.037337
0.020754
0.018521
0.019159
0.027132
0.028726
0.028088
0.0092728
0.01884
0.020116
0.02458
0.013419
0.021072
0.020435
0.026494
0.031278
0.034467
0.030959
0.02458
0.021072
0.035742
0.03064
0.036699
0.027451
0.010867
0.018202
0.029364
0.030959
0.029364
0.016289
0.013419
0.008635
0.046266
0.025218
0.020754
0.027451
0.023943
0.015332
0.030002
0.033191
0.02171
0.034786
0.037337
0.033829
0.025218
0.046266
0.054239
0.047861
0.047542
0.06285
0.058385
0.036699
0.059979
0.069228
0.042439
0.048499
0.037656
0.017246
0.037337
0.052963
0.030002
0.015651
0.02777
0.031915
0.046266
0.073055
0.054558
0.044353
0.035423
0.037337
0.060936
0.062531
0.058385
0.044353
0.03925
0.035742
0.032872
0.023943
0.01597
0.008316
-0.009224
-0.0060349
0.015651
-0.025807
-0.028996
-0.039839
-0.035375
-0.027402
-0.022618
-0.022299
-0.031548
-0.01624
-0.015602
-0.0105
-0.012413
-0.015283
-0.0073105
-0.0066727
-0.0095429
-0.0079484
-0.0038025
-0.012413
-0.019429
-0.019748
-0.014964
-0.0085862
-0.0079484
-0.038564
-0.028678
-0.0076295
0.0022568
-0.0015702
-0.0028458
0.00066221
0.0099106
0.018521
0.0051269
0.0038513
0.01023
0.013419
0.008316
-0.0038025
-0.0089051
-0.023894
-0.033461
-0.021661
-0.0038025
-0.028678
-0.029634
-0.01624
-0.0089051
-0.0034836
0.0092728
-0.0028458
0.0057648
0.017564
0.029045
0.032872
0.021072
0.01884
0.02171
0.034786
0.030959
0.038294
0.01884
0.020435
0.036699
0.026175
0.018521
0.022667
0.052007
0.046585
0.037337
0.044353
0.045947
0.058385
0.038294
0.024899
0.059661
0.076882
0.09187
0.11324
0.086449
0.12217
0.12631
0.12567
0.1193
0.10367
0.11738
0.1346
0.11164
0.096654
0.068271
0.06572
0.067314
0.064125
0.046904
0.018521
2.4388e-05
0.0051269
-0.017197
-0.024532
-0.014645
-0.034418
-0.040477
-0.047174
-0.041434
-0.037607
-0.030272
-0.050682
-0.06025
-0.043985
-0.053552
-0.04271
-0.043985
-0.047174
-0.026126
-0.034737
-0.023894
-0.02198
-0.016878
-0.013689
-0.0089051
-0.002208
-0.0044404
-0.0060349
-0.0076295
-0.025807
-0.021024
-0.011456
-0.013051
-0.022618
-0.026764
-0.031229
-0.023894
-0.014327
-0.029315
-0.036969
-0.045899
-0.040477
-0.024851
-0.026445
-0.023894
-0.026764
-0.0069916
0.015013
0.042439
0.050731
0.082941
0.087087
0.081028
0.079752
0.11292
0.11101
0.12631
0.1228
0.13811
0.14003
0.12855
0.10686
0.094741
0.077201
0.10016
0.072098
0.031596
0.028407
0.0099106
0.0092728
-0.0063538
-0.012094
-0.02804
-0.022618
-0.051001
-0.05419
-0.03378
-0.038883
-0.057698
-0.057379
-0.034418
-0.026764
-0.058017
-0.037607
-0.020067
0.0035324
-0.00029452
0.023624
0.053282
0.018521
0.0095917
0.0079971
0.014694
0.025537
0.0095917
-0.0012513
0.043396
0.013419
-0.00061343
-0.00061343
-0.017835
-0.015921
-0.022618
-0.022618
-0.011137
-0.03091
-0.051639
-0.050682
-0.053552
-0.052596
-0.056104
-0.057698
-0.066309
-0.056104
-0.057698
-0.062482
-0.059293
-0.058336
-0.053234
-0.041434
-0.028996
-0.036331
-0.034737
-0.027083
-0.013689
0.0054459
0.01884
0.023624
0.021072
0.028088
0.022348
0.024899
0.036699
0.042758
0.038294
0.036699
0.046266
0.052963
0.054239
0.052963
-0.00093234
0.028088
0.069228
0.028088
0.011505
0.01023
0.057109
0.10144
0.094741
0.054877
0.034148
0.070503
0.067952
0.056471
0.077201
0.046904
0.036699
0.015013
-0.0031647
-0.034737
-0.049088
-0.06025
-0.09246
-0.074282
-0.074601
-0.076195
-0.081617
-0.10585
-0.132
-0.11989
-0.08927
-0.099794
-0.073644
-0.069817
-0.083211
-0.084487
-0.074601
-0.067585
-0.073644
-0.080022
-0.068541
-0.065352
-0.075557
-0.073644
-0.069179
-0.070136
-0.055466
-0.047174
-0.059293
-0.063439
-0.053234
-0.044304
-0.044623
-0.050682
-0.042072
-0.051958
-0.035694
-0.034418
-0.026126
-0.024851
-0.024213
-0.020067
-0.020705
-0.019429
-0.005716
-0.0038025
-0.017197
-0.012413
-0.013051
0.0079971
0.036061
0.029364
0.025218
0.073055
0.089638
0.070503
0.067952
0.065401
0.095378
0.12025
0.13907
0.14481
0.10367
0.10112
0.076244
0.063169
0.045947
0.061255
0.05679
-0.0047593
0.0067215
-0.0044404
-0.029634
-0.06312
-0.04271
-0.056742
-0.062163
-0.064714
-0.044623
-0.060569
-0.079384
-0.064395
-0.051639
-0.031548
-0.038245
-0.049726
0.0054459
-0.023894
-0.021024
-0.034099
-0.021024
-0.033461
-0.021024
-0.01911
-0.022618
-0.029953
-0.056742
-0.091822
-0.090865
-0.093097
-0.092778
-0.10394
-0.11893
-0.12307
-0.11829
-0.1202
-0.12339
-0.12276
-0.11829
-0.11032
-0.096286
-0.092141
-0.080979
-0.090865
-0.086081
-0.072049
-0.057379
-0.052915
-0.055466
-0.042072
-0.034418
-0.016559
-0.021661
-0.019429
-0.0044404
-0.0050782
0.0051269
0.017564
-0.0044404
0.019797
0.023943
0.011824
0.008635
0.014694
0.0099106
0.0131
0.031596
0.027451
0.022986
0.027132
0.035742
0.048499
0.044353
0.024262
0.0099106
0.014375
0.048499
0.020754
0.021072
0.0131
0.0025757
0.011186
-0.009224
2.4388e-05
-0.019429
-0.025807
-0.034737
-0.031548
-0.022299
-0.011456
0.0013
-0.0066727
2.4388e-05
0.025218
0.0038513
-0.021024
-0.03952
-0.03665
-0.022937
0.0025757
-0.00061343
0.0099106
0.00098112
0.0003433
-0.017197
-0.074282
-0.053234
-0.027083
-0.039839
-0.040796
-0.043028
-0.026764
-0.021024
-0.018791
-0.024213
-0.039839
-0.026126
-0.019748
-0.01911
-0.020067
-0.01911
-0.0053971
-0.00093234
-0.00029452
-0.025807
-0.03378
-0.032186
-0.043347
-0.042391
-0.048131
-0.028359
-0.062801
-0.075238
-0.055785
-0.068222
-0.062163
-0.032823
-0.041434
-0.029634
-0.054509
-0.044304
-0.042072
-0.034737
-0.031548
-0.026764
-0.015283
-0.014327
-0.0098618
0.004808
0.038931
0.016289
0.03064
0.042439
0.035742
0.036061
0.05679
0.028726
0.05679
0.056471
0.042439
0.03638
0.029683
0.011824
-0.012413
-0.0082673
-0.031548
-0.019748
-0.044942
-0.038883
-0.041115
-0.046218
-0.053234
-0.056742
-0.040158
-0.034737
-0.044942
-0.027083
-0.023256
-0.044623
-0.047812
-0.046218
-0.041434
-0.038245
-0.037288
-0.018791
-0.031867
-0.057379
-0.055785
-0.072687
-0.065671
-0.049407
-0.073006
-0.052915
-0.044304
-0.049088
-0.047493
-0.036331
-0.030591
-0.027721
-0.0079484
-0.0038025
0.016289
0.043396
0.058066
0.044034
0.037975
0.039888
0.058066
0.026175
0.0089539
0.0070404
0.027132
-0.005716
-0.012413
-0.025807
-0.022299
0.011186
-0.0076295
-0.021343
-0.01624
-0.011775
0.016289
-0.0034836
-0.00061343
0.023305
0.0131
0.039569
0.018202
0.01023
0.0076782
-0.0085862
-0.034418
-0.041434
-0.034099
-0.043028
-0.040158
-0.013051
-0.065352
-0.081617
-0.067903
-0.030272
-0.055147
-0.064077
-0.055466
-0.093735
-0.075876
-0.067903
-0.083211
-0.090227
-0.074601
-0.075557
-0.076514
-0.069498
-0.068541
-0.065033
-0.04558
-0.031229
-0.032823
-0.018791
-0.024213
-0.011775
0.013738
0.028726
0.023943
0.020435
0.0044891
0.028088
0.024899
0.027132
0.024899
0.026175
0.011505
-0.00029452
0.032234
0.016608
0.01023
0.00066221
-0.0050782
0.0003433
-0.00093234
-0.002208
-0.024532
-0.020386
-0.012413
-0.010819
-0.036331
-0.044304
-0.02517
-0.033142
-0.022937
-0.020705
-0.029634
-0.036331
-0.02517
-0.040796
-0.054509
-0.030591
-0.0053971
-0.043347
-0.033461
-0.018791
-0.0034836
-0.029315
-0.019429
-0.0095429
-0.002208
0.028088
0.051688
0.033829
0.023943
0.019478
0.017883
0.019797
0.022348
0.0044891
0.004808
0.017246
0.028407
0.044672
0.034786
-0.013689
-0.026445
-0.002208
0.010548
-0.0044404
-0.0073105
-0.011456
-0.013051
-0.0098618
-0.002208
0.0032135
-0.0041214
-0.00029452
-0.0044404
-0.0025269
-0.014327
-0.010819
-0.016559
-0.00093234
-0.0082673
-0.0089051
-0.0076295
-0.010819
-0.017197
-0.026126
-0.027083
-0.020067
-0.047493
-0.065671
-0.057061
-0.048769
-0.053552
-0.055147
-0.050363
-0.051001
-0.062163
-0.052277
-0.039839
-0.051958
-0.052915
-0.060569
-0.040477
-0.048769
-0.049407
-0.045899
-0.050044
-0.040158
-0.016878
-0.0063538
-0.020386
-0.022937
-0.018791
-0.0069916
-0.00029452
0.00098112
-0.00029452
-0.0018891
0.0067215
0.015651
0.015651
0.014694
0.011505
0.035742
0.050093
0.067952
0.052326
0.064444
0.074968
0.071141
0.073055
0.086768
0.087725
0.08326
0.080709
0.092189
0.084854
0.057109
0.047861
0.028726
0.036699
0.016289
0.0079971
0.008316
0.020435
0.0054459
-0.0044404
0.0092728
0.0089539
0.022667
0.0041702
-0.009224
0.012143
-0.0018891
-0.027721
-0.026764
-0.024851
-0.022937
-0.023575
-0.029953
-0.040796
-0.040477
-0.055466
-0.06312
-0.047812
-0.050363
-0.054509
-0.052277
-0.050682
-0.051639
-0.041434
-0.03378
-0.036331
-0.034737
-0.021024
-0.019748
-0.013051
-0.022299
-0.015283
-0.00029452
0.010548
0.014056
0.0079971
-0.014327
-0.0063538
-0.0082673
0.0054459
0.0099106
0.0073593
0.0131
0.045947
0.031596
0.030002
0.043715
0.037975
0.03638
0.035104
0.052326
0.060936
0.052326
0.040845
0.04818
0.055515
0.046585
0.043715
0.043715
0.0095917
0.020116
0.029045
0.032234
0.026494
0.036699
0.038931
0.038612
0.038294
0.019797
0.008316
0.00066221
0.012462
0.0076782
0.0041702
0.01023
-0.016878
-0.03665
-0.043028
-0.033142
-0.043347
-0.032504
-0.031548
-0.03665
-0.032186
-0.019748
-0.03665
-0.041753
-0.021343
-0.032504
-0.040158
-0.026445
-0.020705
-0.03091
-0.012094
-0.0082673
-0.010181
-0.017516
-0.012094
-0.00061343
-0.0018891
0.0025757
-0.0073105
-0.013051
-0.0095429
-0.0028458
-0.00061343
-0.0082673
-0.010181
-0.0060349
-0.01337
0.0099106
0.016927
0.00098112
-0.0044404
0.0073593
0.0060837
0.015651
0.03351
0.03064
0.02171
0.018202
0.03064
0.028726
0.023305
0.025856
0.014056
0.019478
0.023305
0.028407
0.0095917
0.0131
0.027451
0.016608
0.02171
0.038931
0.03351
0.016289
0.02777
0.026494
0.038294
0.067314
0.055196
0.033829
0.035104
0.03638
0.052007
0.051688
0.075925
0.056471
0.052007
0.061574
0.040207
0.03351
0.030959
0.038294
0.018202
-0.0050782
-0.0073105
0.0089539
-0.0063538
0.0019378
-0.0034836
-0.028996
-0.023575
-0.015283
-0.02517
-0.020386
-0.0060349
-0.018153
-0.010819
-0.018791
-0.013689
-0.0038025
-0.018153
-0.011775
-0.020386
0.0022568
-0.002208
-0.0069916
-0.013051
-0.023256
-0.012094
-0.011775
-0.0089051
-0.011456
-0.032186
-0.032186
-0.031229
-0.034099
-0.034737
-0.03378
-0.043347
-0.056423
-0.03665
-0.027402
-0.029634
-0.027721
-0.028359
-0.022937
-0.021343
-0.0082673
-0.014008
-0.012094
-0.012094
-0.0069916
-0.0050782
-0.0073105
-0.0047593
-0.012732
-0.011775
-0.0031647
0.0051269
-0.00029452
0.0003433
0.0013
0.0013
0.0054459
0.024262
0.021391
0.012143
0.014694
0.018202
0.022348
0.020435
0.021072
0.0057648
0.020116
0.023943
0.014694
0.011186
0.015013
0.015013
0.0095917
0.012781
0.014694
0.0067215
-0.00061343
0.0028946
0.0003433
-0.0012513
-0.0066727
-0.012094
-0.020386
-0.005716
0.0060837
0.0013
0.0032135
0.008316
0.02458
0.020754
0.034786
0.020754
0.014375
0.017883
0.029045
0.05105
0.04531
0.016927
0.0079971
0.03351
0.031278
0.023624
0.021072
0.028088
0.032553
0.0099106
0.012781
0.029364
0.022667
0.011505
0.011505
0.0073593
-0.0066727
-0.0044404
-0.014964
-0.025488
-0.0079484
-0.018791
-0.028359
-0.041753
-0.029953
-0.032186
-0.042072
-0.028359
-0.024532
-0.028996
-0.029634
-0.024213
-0.020386
-0.015283
-0.015602
-0.022618
-0.030591
-0.013051
0.0025757
-0.0044404
-0.0050782
-0.005716
-0.0044404
-0.002208
0.012781
0.0013
0.0003433
-0.00029452
0.0028946
0.0054459
0.0035324
0.0019378
-0.0069916
-0.00061343
0.0044891
0.01023
0.0041702
0.0019378
0.004808
0.0051269
0.0099106
0.023305
0.0095917
0.0025757
0.008316
0.0070404
0.0073593
0.0079971
0.0057648
-0.0069916
0.0079971
0.008635
0.0070404
0.0041702
0.0028946
0.0041702
0.0070404
0.016289
0.012462
0.0070404
0.0028946
0.0079971
0.0079971
0.0064026
0.010548
0.0013
-0.0095429
0.0035324
0.012143
0.011505
0.011824
0.011186
0.0054459
0.010548
0.026175
0.011824
0.008316
0.014375
0.039569
0.031915
0.025537
0.027451
0.015651
0.024262
0.027451
0.029045
0.027451
0.028407
0.032553
0.015332
0.022986
0.041164
0.027451
0.010867
0.0095917
0.02458
0.03351
0.019797
0.0099106
-0.0038025
0.012462
0.017246
0.020754
0.018202
0.004808
0.0013
-0.005716
0.0032135
-0.0050782
-0.014645
-0.017835
-0.030272
-0.032504
-0.028996
-0.03378
-0.041753
-0.051001
-0.041434
-0.036331
-0.038883
-0.045899
-0.029953
-0.021024
-0.029315
-0.020705
-0.023894
-0.023575
-0.021343
-0.018791
-0.016559
-0.016878
-0.015283
-0.023894
-0.013689
-0.011137
-0.0034836
-0.010819
-0.0095429
-0.0041214
-0.0041214
0.0016189
0.011186
0.0013
-0.0047593
0.0028946
2.4388e-05
0.0013
0.0016189
-0.00029452
-0.0105
0.0025757
0.0060837
0.0044891
0.0025757
0.00098112
0.0044891
0.0057648
0.01597
0.01023
0.0070404
0.0025757
0.0076782
0.0089539
0.0067215
0.0067215
-0.0025269
-0.0085862
0.0025757
0.0095917
0.0044891
0.0044891
0.0044891
0.0060837
0.012462
0.021391
0.011505
0.012781
0.023305
0.01597
0.010867
0.0060837
0.0092728
0.0003433
0.015332
0.018202
0.028088
0.033829
0.01023
0.015013
0.020116
0.014694
0.023624
0.018202
0.010548
0.017246
0.01023
-0.00061343
0.0054459
0.01023
-0.012732
-0.009224
-0.00061343
-0.0089051
-0.011137
-0.012413
-0.0076295
-0.0105
0.00098112
-0.0082673
-0.0038025
-0.014008
-0.015283
-0.0089051
-0.017835
-0.01911
-0.021024
-0.02804
-0.023256
-0.017835
-0.021343
-0.023575
-0.02198
-0.021343
-0.01911
-0.0028458
-0.014645
-0.019429
-0.013051
-0.013051
-0.011775
-0.010819
-0.013051
-0.022937
-0.0085862
-0.0073105
-0.0063538
-0.0089051
-0.010181
-0.0034836
-0.0038025
0.0044891
0.0054459
-0.00061343
-0.0041214
2.4388e-05
-0.00029452
2.4388e-05
-0.00029452
-0.0038025
-0.013689
-0.0012513
0.0038513
0.0019378
-0.0012513
-0.0044404
-0.0031647
-0.00061343
0.011186
2.4388e-05
0.0003433
0.0016189
0.0054459
-0.002208
-0.0063538
-0.0015702
-0.0060349
-0.0053971
0.0032135
0.010867
0.004808
0.0067215
0.02171
0.033829
0.031596
0.036699
0.020754
0.017883
0.024899
0.030002
0.035104
0.026494
0.018521
0.0016189
0.0028946
0.0054459
0.012143
2.4388e-05
-0.0089051
-0.0098618
-0.012094
-0.009224
-0.0069916
-0.019748
-0.023575
-0.017197
-0.017835
-0.017516
-0.017516
-0.025807
-0.041115
-0.029315
-0.019748
-0.021661
-0.020067
-0.023894
-0.022299
-0.019748
-0.0076295
-0.015921
-0.018791
-0.017516
-0.012413
-0.013689
-0.01337
-0.011456
-0.020705
-0.019748
-0.015921
-0.011137
-0.011775
-0.011456
-0.013051
-0.014008
-0.0098618
0.0025757
-0.0069916
-0.01624
-0.012732
-0.0085862
-0.011456
-0.012094
-0.01337
-0.026764
-0.011775
-0.010819
-0.0105
-0.014008
-0.014645
-0.012094
-0.011775
-0.0038025
-0.0041214
-0.0073105
-0.013051
-0.0073105
-0.0066727
-0.0073105
-0.0076295
-0.014327
-0.022937
-0.0089051
-0.002208
-0.0063538
-0.0076295
-0.0063538
-0.0079484
-0.005716
0.0079971
-0.002208
-0.005716
-0.0047593
-0.0028458
-0.002208
-0.0041214
-0.0028458
-0.012413
-0.0095429
-0.0034836
0.0032135
-0.0025269
-0.0034836
-0.0012513
-0.0012513
0.0044891
0.017564
0.0051269
-0.0038025
0.0035324
0.0025757
0.0041702
0.0016189
-0.00061343
-0.013689
0.0019378
0.0019378
0.0064026
0.00098112
0.0041702
0.0051269
0.0019378
0.012143
0.0099106
0.0079971
0.00066221
0.0079971
0.0099106
0.008316
0.0051269
-0.0047593
-0.013689
-0.0015702
0.0057648
-0.0069916
-0.015283
-0.0079484
-0.0105
-0.012094
-0.00029452
-0.014964
-0.020705
-0.017516
-0.016559
-0.016878
-0.017197
-0.018153
-0.02804
-0.0047593
-0.0028458
-0.0028458
-0.0095429
-0.0038025
2.4388e-05
0.0003433
0.010548
0.026813
0.010548
-0.00093234
-0.0012513
-0.002208
0.0041702
0.008635
-0.002208
-0.022937
-0.0069916
-0.0082673
-0.0098618
-0.01911
-0.017516
-0.013689
-0.009224
-0.0053971
-0.011775
-0.01337
-0.017197
-0.014327
-0.013051
-0.013051
-0.010819
-0.018791
-0.024851
-0.012413
-0.0044404
-0.0085862
-0.0066727
-0.0069916
-0.0060349
-0.0053971
0.0076782
-0.005716
-0.012413
-0.0095429
-0.0028458
-0.0028458
-0.009224
-0.013689
-0.021343
-0.01337
-0.010819
-0.0095429
-0.015602
-0.016878
-0.011775
-0.013051
-0.0066727
0.0028946
-0.0076295
-0.012732
-0.0089051
-0.0098618
-0.010181
-0.0073105
-0.011775
-0.021024
-0.0079484
-0.005716
-0.0076295
-0.0089051
-0.011775
-0.0082673
-0.0060349
0.0044891
-0.0038025
-0.0069916
-0.0079484
-0.0044404
-0.0044404
-0.0079484
-0.0079484
-0.015921
-0.020705
-0.0079484
-0.0028458
-0.005716
-0.0076295
-0.0047593
-0.0018891
-0.00061343
0.013419
0.0022568
-0.0015702
0.00098112
0.0038513
0.0051269
0.0051269
0.0022568
-0.010819
0.0019378
0.0022568
0.0054459
-0.0012513
-0.0066727
-0.0031647
-0.0038025
0.0003433
0.0089539
0.00066221
-0.010819
-0.0069916
-0.0095429
-0.0098618
-0.0069916
-0.014964
-0.026445
-0.01337
-0.0069916
-0.0082673
-0.013051
-0.012413
-0.011775
-0.009224
0.00066221
-0.0069916
-0.010181
-0.011456
-0.0105
-0.009224
-0.010819
-0.0095429
-0.018791
-0.021343
-0.012094
-0.0089051
-0.01337
-0.015283
-0.013689
-0.013689
-0.012094
0.0022568
-0.0073105
-0.014964
-0.011775
-0.0063538
-0.0105
-0.011775
-0.011456
-0.021024
-0.0069916
-0.0085862
-0.005716
-0.010181
-0.012413
-0.009224
-0.009224
0.00066221
0.0044891
-0.0050782
-0.012094
-0.0063538
-0.0076295
-0.0079484
-0.0066727
-0.014964
-0.02804
-0.011775
-0.0038025
-0.0089051
-0.011775
-0.012413
-0.011456
-0.009224
0.0035324
-0.0082673
-0.0105
-0.011775
-0.005716
-0.005716
-0.0082673
-0.0098618
-0.01911
-0.019748
-0.011456
-0.0047593
-0.0085862
-0.010819
-0.0105
-0.012413
-0.0082673
0.0060837
-0.0053971
-0.012094
-0.0073105
-0.0047593
-0.0053971
-0.009224
-0.010181
-0.019429
-0.0047593
-0.0038025
-0.0041214
-0.0069916
-0.0073105
-0.0047593
-0.0044404
0.0025757
0.0022568
-0.0044404
-0.0089051
-0.0041214
-0.0050782
-0.00093234
-0.0028458
-0.010181
-0.020067
-0.0053971
2.4388e-05
-0.0069916
-0.0060349
-0.005716
-0.0076295
-0.0053971
0.0041702
-0.0050782
-0.0089051
-0.0095429
-0.0073105
-0.0076295
-0.012094
-0.013689
-0.020386
-0.015283
-0.009224
-0.005716
-0.0085862
-0.0095429
-0.0050782
-0.0066727
0.00098112
0.013419
2.4388e-05
-0.0063538
0.0019378
-0.00029452
-0.0041214
-0.0069916
-0.0076295
-0.017197
-0.0050782
-0.0105
-0.010181
-0.015921
-0.017835
-0.015921
-0.014327
-0.0063538
-0.0098618
-0.014645
-0.01911
-0.014008
-0.012094
-0.013689
-0.015921
-0.022937
-0.030591
-0.017197
-0.0098618
-0.013689
-0.017516
-0.01624
-0.017197
-0.01337
0.0003433
-0.014008
-0.014964
-0.013051
-0.0105
-0.0079484
-0.012094
-0.013051
-0.022618
-0.01624
-0.011137
-0.0050782
-0.011775
-0.010181
-0.0073105
-0.0105
-0.0044404
0.008635
-0.0053971
-0.011456
-0.0038025
-0.0063538
-0.005716
-0.0041214
-0.0089051
-0.021343
-0.0069916
-0.0050782
-0.005716
-0.009224
-0.0098618
-0.0079484
-0.005716
0.004808
0.0003433
-0.0041214
-0.010181
-0.0028458
0.00098112
-0.0018891
-0.0073105
-0.012413
-0.017835
-0.005716
-0.00061343
-0.0066727
-0.0063538
-0.010181
-0.010181
-0.0047593
0.0070404
-0.0082673
-0.0079484
-0.010181
-0.0076295
-0.0063538
-0.0085862
-0.0085862
-0.016878
-0.0089051
-0.0073105
-0.0044404
-0.011137
-0.0098618
-0.0098618
-0.010181
-0.0041214
0.0057648
-0.0028458
-0.010181
-0.0076295
-0.0060349
-0.0073105
-0.0079484
-0.012094
-0.023575
-0.0066727
-0.002208
-0.0050782
-0.010181
-0.011775
-0.0073105
-0.0073105
0.0022568
-0.0025269
-0.0060349
-0.0076295
-0.0041214
-0.0041214
-0.0028458
-0.0038025
-0.014327
-0.017197
-0.0047593
0.0022568
-0.005716
-0.0044404
-0.0025269
-0.0044404
-0.0012513
0.012462
-0.002208
-0.0041214
-0.0012513
-0.0031647
-0.0031647
-0.005716
-0.0066727
-0.016559
-0.0044404
-0.0031647
-0.0034836
-0.01337
-0.011775
-0.0063538
-0.0069916
-0.00093234
0.0076782
-0.005716
-0.011775
-0.0069916
-0.0073105
-0.0076295
-0.0095429
-0.012094
-0.022618
-0.0089051
-0.0066727
-0.0095429
-0.011137
-0.012094
-0.011775
-0.010181
2.4388e-05
-0.0085862
-0.0105
-0.010181
-0.0089051
-0.0085862
-0.0082673
-0.0105
-0.019748
-0.022618
-0.012094
-0.0063538
-0.01337
-0.01337
-0.013051
-0.014008
-0.011456
0.00098112
-0.0089051
-0.011775
-0.0063538
-0.0082673
-0.009224
-0.010181
-0.0098618
-0.019429
-0.005716
-0.0047593
-0.0038025
-0.0089051
-0.0098618
-0.0082673
-0.0066727
-0.0034836
0.0060837
-0.00061343
-0.0105
-0.0076295
-0.0089051
-0.0060349
-0.005716
-0.014008
-0.027083
-0.010819
-0.0031647
-0.0076295
-0.010819
-0.010819
-0.0105
-0.0095429
0.00098112
-0.010181
-0.0105
-0.010181
-0.0038025
-0.0041214
-0.0073105
-0.0089051
-0.015283
-0.014964
-0.009224
0.00098112
-0.0038025
-0.005716
-0.002208
-0.0028458
0.0013
0.011824
0.0016189
-0.0076295
-0.0034836
-0.0053971
-0.0018891
-0.0079484
-0.011137
-0.021024
-0.0082673
-0.012732
-0.012413
-0.017835
-0.018791
-0.017516
-0.017835
-0.0082673
-0.0066727
-0.014964
-0.021024
-0.013689
-0.01337
-0.012732
-0.012094
-0.020386
-0.024851
-0.011775
-0.0060349
-0.011775
-0.011456
-0.011137
-0.012413
-0.0085862
0.0044891
-0.0063538
-0.010181
-0.0069916
-0.0031647
-0.0050782
-0.0076295
-0.010819
-0.021343
-0.016559
-0.010819
-0.0063538
-0.012413
-0.012413
-0.012094
-0.012413
-0.0082673
0.0038513
-0.0060349
-0.010819
-0.010819
-0.0076295
-0.0073105
-0.0060349
-0.0098618
-0.022618
-0.0060349
-0.002208
0.0019378
-0.0082673
-0.0098618
-0.0047593
-0.0041214
0.00098112
0.0013
-0.0050782
-0.0063538
-0.0028458
-0.0041214
-0.0044404
-0.0050782
-0.012413
-0.019748
-0.0060349
-0.0018891
-0.0041214
-0.005716
-0.0066727
-0.0044404
-0.0041214
0.0089539
-0.00061343
-0.0028458
-0.00093234
-0.0025269
-0.0028458
-0.005716
-0.0041214
-0.011456
-0.0041214
-0.00093234
0.0044891
-0.0018891
-0.0031647
-0.0031647
-0.0041214
0.0028946
0.017246
0.0057648
-0.0041214
-0.0038025
-0.0028458
-0.002208
-0.0031647
-0.0031647
-0.014645
-0.0028458
-0.0031647
-0.0063538
-0.0060349
-0.0089051
-0.0079484
-0.0069916
-0.0015702
-0.00061343
-0.0038025
-0.0069916
-0.0060349
-0.009224
-0.0079484
-0.009224
-0.020386
-0.021343
-0.0089051
-0.0034836
-0.005716
-0.005716
-0.0079484
-0.0089051
-0.0050782
0.0070404
-0.0047593
-0.0034836
-0.005716
-0.0069916
-0.0047593
-0.0079484
-0.0066727
-0.01624
-0.0105
-0.0063538
-0.0018891
-0.0079484
-0.0073105
-0.0076295
-0.009224
-0.0015702
0.011505
0.00098112
-0.0089051
-0.0034836
-0.002208
-0.0044404
-0.0060349
-0.010181
-0.016559
-0.0063538
-0.0041214
-0.0015702
-0.0082673
-0.011775
-0.0060349
-0.0031647
0.0067215
-0.0012513
-0.0053971
-0.010181
-0.0044404
-0.0079484
-0.014008
-0.012413
-0.021024
-0.024213
-0.014008
-0.012413
-0.024851
-0.022937
-0.024213
-0.024532
-0.017516
-0.0060349
-0.01911
-0.013051
-0.011775
-0.016559
-0.012413
-0.014964
-0.014645
-0.021343
-0.016559
-0.0066727
-0.00029452
-0.0085862
-0.010181
-0.014327
-0.017516
-0.0031647
0.010867
2.4388e-05
-0.01337
-0.010181
-0.0085862
-0.0063538
0.0016189
-0.0044404
-0.020067
-0.0095429
-0.0060349
-0.0073105
-0.0079484
-0.0038025
-0.0095429
-0.011775
0.0070404
-0.0034836
-0.0079484
-0.0047593
-0.0038025
0.0064026
0.0032135
0.0003433
-0.0015702
-0.0012513
0.014694
0.024899
0.014375
0.018521
0.025218
0.017883
0.019478
0.029045
0.015013
0.015651
0.012462
0.010548
0.010548
0.0067215
-0.00093234
-0.019748
2.4388e-05
0.012143
0.0057648
-0.0095429
-0.0073105
-0.0015702
-0.0069916
0.015332
0.028407
0.0099106
0.0038513
0.0073593
0.021391
0.021391
0.022667
0.013738
0.012143
0.031596
0.030959
0.035104
0.03925
0.027451
0.043077
0.042758
0.049774
0.031915
0.035104
0.028407
0.025218
0.022348
0.020116
0.016927
0.0025757
-0.002208
-0.0069916
0.0016189
0.0028946
-0.00061343
-0.002208
0.0022568
0.01597
0.049137
0.03064
0.021391
0.016927
0.015651
0.032872
0.031915
0.023305
0.016927
0.017883
0.012781
0.0076782
0.0038513
-0.014327
-0.01624
-0.030591
-0.036012
-0.026126
-0.037607
-0.038564
-0.03378
-0.03665
-0.035375
-0.026764
-0.033461
-0.043985
-0.029315
-0.024213
-0.024851
-0.027402
-0.028996
-0.021343
-0.021024
-0.009224
-0.019429
-0.018153
-0.013051
-0.016878
-0.022299
-0.0050782
-0.0044404
-0.014327
-0.009224
0.004808
0.01023
0.0060837
0.019478
0.024899
0.024262
0.034467
0.042121
0.041164
0.038294
0.033829
0.034148
0.031596
0.034786
0.030002
0.023305
0.037018
0.043715
0.052007
0.046585
0.044672
0.02458
0.040526
0.058385
0.052963
0.03351
0.026175
0.029364
0.019159
0.011186
0.019797
0.0099106
-0.0031647
-0.010819
-0.0098618
-0.01911
-0.03091
-0.031867
-0.036969
-0.041434
-0.02804
-0.036012
-0.035375
-0.046855
-0.050044
-0.044304
-0.053871
-0.059931
-0.067585
-0.052915
-0.030272
-0.040477
-0.05419
-0.045899
-0.037288
-0.014964
-0.0098618
-0.009224
-0.0089051
-0.0015702
0.0032135
0.0032135
0.0089539
0.0041702
0.0079971
0.0019378
0.0089539
0.0035324
0.00098112
-0.0069916
-0.015921
-0.0085862
-0.014964
-0.0089051
-0.01624
-0.017197
-0.015921
-0.0085862
-0.0085862
-0.005716
-0.0089051
-0.026126
-0.010181
0.0067215
0.012143
0.0092728
0.019159
0.022667
0.016608
0.010548
0.019159
0.0064026
0.012462
0.0076782
-0.0034836
-0.0105
-0.015921
-0.023256
-0.043028
-0.042072
-0.044304
-0.022937
-0.044304
-0.053871
-0.044942
-0.035056
-0.03091
-0.014964
-0.014645
-0.029953
-0.01911
-0.005716
-0.0085862
0.0054459
0.013738
0.0044891
0.014694
0.018202
0.026175
0.024262
0.018521
0.022029
0.024899
0.029045
0.033829
0.022986
0.012781
0.011824
0.0057648
0.013738
0.019159
2.4388e-05
-0.011137
-0.0012513
0.0076782
-0.0060349
-0.0031647
-0.014645
-0.0089051
0.0041702
0.0099106
-0.010181
-0.015921
-0.011775
-0.014645
-0.012094
-0.011137
-0.015283
-0.024532
-0.017197
-0.018472
-0.0069916
-0.018791
-0.028359
-0.022299
-0.017197
-0.0066727
0.004808
-0.012094
-0.026126
-0.019748
-0.019429
-0.016878
-0.011456
-0.02198
-0.035694
-0.020067
-0.01624
-0.018791
-0.01337
-0.012732
-0.0060349
-0.013689
-0.0069916
0.00066221
0.011505
0.0041702
0.0013
0.0073593
0.0022568
-0.0034836
-0.013051
-0.020705
-0.017835
-0.0073105
-0.023256
-0.029953
-0.029315
-0.027402
-0.027721
-0.028996
-0.03952
-0.04558
-0.034737
-0.015921
-0.033142
-0.032186
-0.026764
-0.01911
-0.0063538
-0.0050782
-0.0015702
-0.0015702
0.0019378
0.01023
0.016608
0.016289
0.020754
0.016927
-0.0018891
-0.0073105
0.0057648
0.011824
0.0079971
-0.009224
-0.024851
-0.005716
-0.010819
-0.01911
0.0067215
-0.010819
-0.027721
-0.014645
0.015013
0.01023
0.0070404
-0.00061343
0.010867
0.012781
0.013419
0.0131
2.4388e-05
0.013738
0.045947
0.058704
0.041483
0.036699
0.046266
0.023305
0.02171
0.034148
0.014375
0.020116
0.03638
0.018202
0.010548
-0.0060349
-0.0098618
-0.032186
-0.048769
-0.032504
-0.041434
-0.034737
-0.036012
-0.043985
-0.054828
-0.041115
-0.047174
-0.059293
-0.067266
-0.049726
-0.052915
-0.067903
-0.073644
-0.074282
-0.089589
-0.065352
-0.059612
-0.056423
-0.058017
-0.058974
-0.062163
-0.044623
-0.023894
-0.03091
-0.03665
-0.031229
-0.023894
-0.022299
-0.0018891
0.00066221
-0.013051
-0.0095429
0.0076782
0.026175
0.043715
0.027132
0.0044891
-0.0025269
0.019797
0.050093
0.037337
0.017246
0.014694
0.015013
0.00066221
0.0054459
0.0013
0.0070404
0.027132
-0.0047593
-0.019748
-0.020705
-0.013689
0.0013
0.019478
0.026494
0.02171
0.015013
-0.0015702
0.032234
0.011505
0.0057648
0.0038513
0.0044891
-0.02198
-0.016878
-0.012732
-0.0063538
0.0035324
-0.012413
-0.014964
-0.032504
-0.026126
-0.017516
-0.030591
-0.041115
-0.031548
-0.02198
-0.023256
-0.011137
-0.021024
-0.039202
-0.01337
0.0016189
0.028407
-0.0038025
0.022986
0.02458
0.0089539
-0.0018891
0.0054459
0.023305
0.031278
0.021391
0.0051269
0.01023
-0.012413
-0.021343
-0.0085862
-0.021661
-0.021024
-0.03378
-0.039839
-0.057379
-0.080341
-0.051001
-0.0063538
0.01597
-0.017835
-0.044623
-0.031548
-0.028996
-0.041115
-0.043028
-0.058336
-0.044623
-0.050044
-0.038564
-0.052277
-0.055785
-0.046536
-0.037607
-0.0089051
-0.024532
-0.0076295
-0.013689
-0.018153
-0.029315
-0.028359
0.019797
0.032234
0.054239
0.069866
0.063169
0.059342
0.059342
0.037337
0.038294
0.035104
0.048499
0.029364
0.01597
0.019797
0.013738
0.0016189
0.014694
0.012143
-0.014645
-0.030591
-0.031867
-0.017197
-0.03665
-0.039202
-0.024213
-0.035694
-0.028359
-0.024213
-0.023894
-0.058974
-0.075557
-0.073644
-0.05132
-0.055785
-0.070136
-0.083849
-0.058017
-0.048131
-0.055466
-0.017197
-0.026764
-0.057379
-0.041115
-0.021661
-0.0028458
0.035742
0.018202
0.0003433
0.0013
0.0073593
0.028407
0.008316
0.017246
0.026494
-0.025488
-0.022299
-0.018472
-0.036969
-0.019748
-0.034418
-0.014964
-0.03665
-0.036331
-0.031867
0.0025757
0.012781
0.0051269
-0.010181
0.03064
0.042439
0.050093
0.066358
0.060617
0.054877
0.068271
0.10208
0.089957
0.082622
0.081346
0.013419
0.027132
0.040207
0.045629
0.037018
-0.016559
-0.036331
0.004808
0.0095917
-0.018472
-0.014964
-0.014964
-0.03091
-0.042072
-0.01624
-0.011456
-0.035375
-0.032186
-0.024851
-0.035056
-0.040477
-0.049407
-0.051001
-0.049088
-0.049088
-0.038245
-0.050363
-0.051001
-0.055785
-0.050363
-0.04558
-0.01911
-0.030591
-0.016878
-0.002208
0.00098112
-0.017197
-0.012094
0.0089539
0.0076782
0.0035324
0.013738
0.013419
0.013419
0.017883
0.029364
0.050093
0.030959
0.015332
-0.0044404
-0.0047593
-0.012732
0.014375
0.027451
0.0044891
0.023305
0.0067215
0.034786
-0.032186
-0.062482
-0.032186
-0.025488
-0.012094
0.0054459
-0.0079484
-0.020386
-0.047812
-0.047812
0.0064026
0.02171
-0.0031647
0.0044891
0.017564
0.034467
0.026494
0.047542
0.070185
0.05392
0.063487
0.060936
0.059342
0.064444
0.044034
0.01023
0.017564
0.032234
0.010867
0.0013
-0.036331
-0.038883
0.0019378
0.0044891
-0.017835
-0.0044404
-0.029315
-0.033142
-0.017835
-0.0073105
-0.0034836
0.0022568
-0.022299
-0.043028
-0.034099
-0.015921
-0.025807
-0.049407
-0.087995
-0.067903
-0.054828
-0.06312
-0.049407
-0.047174
-0.10394
-0.087357
-0.036012
-0.038564
-0.04271
-0.043028
-0.04558
-0.052277
-0.03378
0.00066221
0.014694
-0.018153
-0.00029452
0.032234
-0.0085862
0.035423
0.046904
0.046266
0.028407
0.053282
0.061255
0.064125
0.023305
0.03064
0.041164
0.048499
0.0095917
0.010548
0.041483
0.01884
0.018521
-0.0089051
0.02458
0.069866
0.033829
0.038294
0.0079971
-0.017197
-0.034737
-0.015921
-0.023575
-0.018153
-0.005716
0.022029
-0.029315
-0.051958
-0.069179
-0.08066
-0.081935
-0.026126
-0.038245
-0.040796
-0.024532
-0.045261
-0.040477
-0.033461
-0.041753
-0.045899
-0.052915
-0.052277
-0.060569
-0.04845
-0.040158
-0.04845
-0.078746
-0.0864
-0.067266
-0.064714
-0.059931
-0.054828
-0.051958
-0.052915
-0.056423
-0.047174
-0.012094
-0.026126
-0.011137
-0.014964
-0.0044404
-0.0063538
0.027451
0.017564
0.037337
0.015013
0.042439
0.09187
0.081028
0.049455
0.031278
0.05679
0.074012
0.043715
0.037975
0.022029
0.024262
0.054877
0.046585
0.0099106
0.0003433
0.011824
0.020754
0.032234
0.0041702
-0.0028458
0.016289
0.032553
0.037018
0.010548
-0.00029452
-0.0012513
-0.02517
-0.022937
-0.03091
0.0079971
-0.0105
-0.043985
-0.049407
-0.061525
-0.076833
-0.091822
-0.088314
-0.098519
-0.086081
-0.094373
-0.11032
-0.091503
-0.099794
-0.13009
-0.10266
-0.069817
-0.074282
-0.10522
-0.10745
-0.078746
-0.080341
-0.069179
-0.06312
-0.058974
-0.065033
-0.07173
-0.068541
-0.073963
-0.046855
-0.048131
-0.034418
-0.049088
-0.032186
-0.055785
-0.026445
-0.021343
-0.042391
-0.010819
0.0131
0.011505
0.016608
0.014375
0.012143
0.03925
0.0051269
-0.018472
-0.009224
0.0079971
0.0099106
0.038612
0.045629
0.025218
0.0051269
-0.005716
0.0092728
0.0089539
-0.0028458
-0.0098618
-0.029953
-0.01337
-0.0041214
0.047542
0.011505
-0.03378
-0.014645
0.021391
0.022029
-0.010819
-0.00061343
0.018202
0.017883
0.043715
-0.0076295
-0.0073105
-0.012413
-0.033142
-0.051958
-0.069498
-0.054828
-0.095649
-0.094054
-0.097562
-0.12435
-0.10298
-0.085443
-0.096286
-0.12467
-0.15401
-0.11638
-0.089908
-0.070774
-0.056104
-0.084806
-0.070774
-0.051958
-0.061525
-0.060569
-0.050682
-0.044942
-0.02517
-0.017197
-0.031548
-0.014964
-0.056423
-0.055466
-0.028678
-0.046855
-0.026445
-0.047812
-0.047812
-0.042072
-0.075876
-0.092141
-0.0041214
0.020116
-0.01911
-0.03665
-0.015283
0.055515
0.050412
0.0044891
0.024262
0.030959
0.028726
2.4388e-05
0.0003433
-0.002208
-0.029953
-0.031867
-0.050044
-0.014645
-0.023894
-0.021024
-0.070774
-0.091184
-0.085443
-0.092141
-0.087995
-0.06312
-0.055785
-0.088633
-0.11829
-0.11606
-0.10426
-0.12212
-0.10266
-0.15305
-0.13679
-0.1505
-0.093735
-0.073006
-0.048769
-0.033461
-0.041753
-0.0076295
0.0028946
0.0089539
0.018521
0.061574
0.092827
0.06572
0.037337
0.022348
-0.02804
0.028088
0.026175
0.0054459
-0.030272
-0.05132
-0.05132
-0.061206
-0.07779
-0.10617
-0.0982
-0.051001
-0.050044
-0.023575
-0.031548
-0.023256
-0.024851
-0.024851
-0.012413
0.040207
0.032553
0.037975
0.029364
-0.0031647
-0.014645
-0.018153
-0.017516
-0.023894
-0.029315
-0.069498
-0.14763
-0.1438
-0.10649
-0.11925
-0.12276
-0.11893
-0.097562
-0.084168
-0.083211
-0.099157
-0.12722
-0.11989
-0.12403
-0.11829
-0.092778
-0.077152
-0.076833
-0.097562
-0.12595
-0.17091
-0.1674
-0.15082
-0.12722
-0.10203
-0.071411
-0.057698
-0.071411
-0.070136
-0.046855
-0.031548
-0.038883
-0.014008
0.030959
-0.0031647
0.0060837
-0.011456
0.0003433
-0.024213
0.025218
0.043077
0.0041702
0.0070404
-0.035056
-0.013051
0.008316
-0.0044404
-0.012094
0.018521
0.017883
-0.0085862
-0.016878
-0.0085862
-0.017516
-0.079065
-0.050044
-0.041434
-0.050682
-0.041753
-0.03665
-0.084168
-0.076514
-0.073963
-0.09533
-0.10968
-0.075876
-0.043985
-0.072687
-0.0982
-0.045261
-0.043985
-0.067266
-0.039202
-0.014008
-0.0082673
0.011186
0.042758
0.036699
0.041164
0.056153
0.0054459
-0.0028458
0.035104
0.060617
0.014056
-0.052277
-0.037607
-0.042072
-0.10139
-0.092778
-0.081935
-0.095011
-0.11287
-0.14157
-0.15369
-0.10872
-0.11446
-0.10107
-0.073963
-0.061844
-0.024851
-0.029315
-0.011456
0.036061
0.11515
0.13811
0.12472
0.10335
0.10909
0.12918
0.070503
0.10558
0.096973
0.072417
0.080071
0.080709
-0.012094
-0.071093
-0.06886
-0.075876
-0.066947
-0.081617
-0.11574
-0.13711
-0.11606
-0.090546
-0.087676
-0.087995
-0.032504
0.0041702
0.019797
-0.005716
0.0067215
-0.0044404
0.038612
0.017883
-0.0038025
0.014056
-0.013051
0.023624
-0.010819
-0.034418
-0.092778
-0.06886
-0.043028
-0.044942
-0.095011
-0.11861
-0.15528
-0.14604
-0.15018
-0.13615
-0.12052
-0.15401
-0.12148
-0.13424
-0.12339
-0.13711
-0.11797
-0.094692
-0.10649
-0.092778
-0.023894
0.0041702
-0.024532
-0.038245
-0.028678
-0.017516
-0.026126
0.0035324
0.012143
-0.035375
-0.032823
-0.00029452
-0.0095429
-0.010181
-0.0034836
-0.020705
-0.048769
-0.013051
0.0076782
-0.00029452
0.0070404
0.035104
0.0016189
0.013738
0.041802
0.036061
0.022029
0.01597
0.022348
0.017883
0.049137
0.074012
0.11898
0.12982
0.061574
0.032553
0.022986
0.050412
0.022029
-0.0047593
0.045629
0.016927
-0.012094
0.0013
-0.0073105
-0.06025
-0.081298
-0.0982
-0.079703
-0.030591
-0.016878
-0.063758
-0.0041214
0.050412
0.036699
0.06859
0.04531
0.01597
0.008316
0.027132
-0.0069916
-0.036969
0.065401
-0.014964
-0.098519
-0.095011
-0.085125
-0.0982
-0.11925
-0.14285
-0.14891
-0.13902
-0.11733
-0.093735
-0.046536
-0.078427
-0.068222
-0.055147
-0.031548
0.0067215
-0.034737
-0.051639
-0.011456
0.00098112
-0.057698
0.036699
0.037656
-0.014327
-0.020705
-0.023894
-0.02804
-0.043666
-0.055466
0.016608
0.073374
0.073374
0.091233
0.11037
0.086449
0.063806
0.063806
0.040526
0.089319
0.08326
0.064125
0.098568
0.037337
0.021391
-0.013689
-0.035694
-0.065033
-0.070455
-0.086081
-0.083849
-0.090865
-0.099476
-0.09533
-0.069179
-0.0864
-0.059931
-0.051001
-0.048131
-0.038245
-0.072687
-0.020067
-0.015283
-0.010181
0.017246
0.066995
0.088362
0.037018
0.022029
0.025856
0.045947
0.067633
0.066358
0.058704
0.13301
0.17383
0.15119
0.16267
0.11579
0.087406
0.086449
0.081984
-0.015921
-0.015921
0.066039
0.082303
0.0079971
-0.045261
-0.058017
-0.065352
-0.040477
-0.052596
-0.043985
-0.050044
-0.077152
-0.070136
0.021391
0.044672
0.036699
0.058066
0.025856
-0.00061343
0.0013
-0.028359
-0.02198
-0.036969
-0.083849
-0.092778
-0.053234
-0.092141
-0.11096
-0.13169
-0.15752
-0.12435
-0.11733
-0.11925
-0.11
-0.026445
-0.0050782
-0.016878
0.015332
-0.0028458
0.00066221
0.0057648
-0.0028458
-0.0089051
0.049455
0.023305
0.029683
0.057109
0.058704
0.019478
-0.0034836
-0.014964
-0.0095429
-0.01911
-0.009224
-0.0079484
-0.039839
-0.034418
0.063806
0.058704
-0.0038025
-0.0028458
-0.031229
-0.039202
0.0028946
-0.055466
-0.030272
0.032553
0.050093
0.05679
0.086449
0.10495
0.089638
0.053601
0.038931
0.052963
0.03925
0.013738
0.0079971
0.047861
0.061574
0.053282
-0.005716
-0.037607
-0.0982
-0.069498
-0.062801
-0.1202
-0.097562
-0.12084
-0.085125
-0.11
-0.12307
-0.094373
-0.11383
-0.09246
-0.10617
-0.094692
-0.027721
-0.018791
-0.045261
-0.029953
-0.037926
-0.011775
-0.017835
-0.046218
0.02458
0.0131
-0.032186
-0.027083
-0.0069916
0.013738
0.0092728
-0.050363
-0.039202
-0.061206
-0.023894
-0.010819
-0.044942
-0.090546
-0.080341
0.026813
0.027132
0.037975
0.035423
-0.009224
-0.040477
-0.072049
-0.073325
-0.072368
-0.094692
0.0092728
-0.0079484
-0.03091
-0.064714
-0.10075
-0.11159
-0.10203
-0.12945
-0.11446
-0.092141
-0.076833
-0.086081
-0.1049
-0.094054
-0.056423
-0.055147
-0.061525
-0.049088
-0.029634
-0.02804
-0.023256
-0.0105
-0.011137
-0.0085862
0.044991
0.041802
-0.0069916
-0.019748
-0.036331
-0.00061343
-0.0050782
-0.028678
-0.06025
-0.045899
-0.021024
-0.034418
-0.049088
-0.042072
-0.032823
0.008635
0.021072
-0.012094
-0.034099
-0.0044404
0.012781
-0.035056
-0.071411
0.0022568
-0.0047593
-0.016559
-0.054509
-0.082254
-0.079703
-0.081298
-0.087357
-0.0864
-0.079703
-0.033461
-0.044942
-0.016559
-0.022618
-0.03378
-0.0079484
0.0089539
0.048499
0.03638
0.047861
0.074968
0.073374
0.0032135
0.0044891
-0.018472
-0.028996
-0.015921
-0.034418
-0.059293
-0.042072
-0.069179
-0.094054
-0.088952
-0.093735
-0.055785
-0.02804
-0.00093234
-0.013689
0.0051269
-0.020705
-0.0089051
-0.012413
0.04531
0.1362
0.10782
0.026494
-0.014008
-0.0050782
-0.056104
-0.099476
-0.038883
-0.022299
-0.047493
-0.052915
-0.087038
-0.10745
-0.10298
-0.11574
-0.12403
-0.14476
-0.10841
-0.099157
-0.072049
-0.071093
-0.08066
-0.081617
-0.088952
-0.088633
-0.10681
-0.075238
-0.074282
-0.080022
-0.061525
-0.042072
-0.061844
-0.063758
-0.053871
-0.043347
-0.039839
-0.054828
-0.053234
-0.038883
-0.020705
-0.027721
-0.033142
-0.036969
-0.016559
-0.0047593
0.0054459
0.0035324
0.00098112
0.026175
0.037975
0.039569
0.04531
0.066677
0.036699
0.066677
0.07146
0.084217
0.11579
0.14704
0.13843
0.1598
0.11356
0.080071
0.074649
0.088681
0.028088
-0.010819
0.07433
0.081028
0.027451
-0.044623
-0.10203
-0.074282
-0.044942
-0.070136
-0.097881
-0.061525
-0.051639
-0.030591
-0.058336
-0.10235
-0.049407
-0.014964
0.0099106
-0.0034836
-0.072368
-0.082254
-0.056423
-0.049088
-0.070774
-0.08927
-0.084168
-0.087676
-0.10075
-0.080022
-0.030591
-0.036331
-0.038564
-0.031548
-0.01624
-0.010819
-0.031229
-0.050044
-0.031867
0.0016189
0.025537
-0.00061343
-0.0047593
-0.042391
-0.052277
-0.047174
-0.043666
-0.048769
-0.043347
-0.034737
-0.038883
-0.037926
-0.01624
-0.027721
-0.036331
-0.027721
-0.014008
2.4388e-05
0.0013
-0.0044404
-0.014964
0.0028946
0.028088
0.041802
0.026175
0.032553
0.037975
0.078795
0.1126
0.12249
0.11483
0.093784
0.13301
0.10495
0.081346
0.060617
0.05105
0.03925
0.067952
0.074968
0.0019378
-0.0015702
-0.011456
-0.032504
-0.044304
-0.044942
-0.058974
-0.061844
-0.036012
-0.0047593
0.0025757
-0.018153
-0.0082673
0.017883
0.01597
0.043715
0.03351
0.03638
0.047542
0.0028946
0.037018
-0.012413
-0.015283
0.0073593
-0.010819
-0.0069916
-0.020067
-0.044304
-0.043347
-0.04845
-0.044304
-0.032823
-0.019429
-0.023575
-0.024213
-0.014327
-0.016559
-0.019748
-0.0028458
0.019478
0.0099106
-0.018791
-0.0095429
-0.020705
-0.016878
-0.033142
-0.015921
-0.016878
-0.015283
-0.0018891
0.0067215
-0.012094
-0.00061343
-0.012732
0.019797
0.034148
0.010548
0.0054459
0.0022568
-0.0015702
0.019478
0.016927
0.015013
0.008316
0.027451
0.027451
0.020435
0.029683
0.017246
0.019478
0.026494
0.03925
0.036061
0.034467
0.034467
0.032234
0.011824
0.010867
0.0067215
0.012143
-0.0015702
0.0070404
0.011824
0.014694
0.0070404
0.0054459
0.01023
0.0019378
0.015332
0.035104
0.032234
0.021391
0.014375
-0.0060349
0.026175
0.016289
0.0051269
0.0032135
-0.00029452
0.015651
0.010867
-0.0044404
0.0041702
0.011824
0.0064026
0.017883
0.004808
0.026813
0.048818
0.038294
0.036699
0.03638
0.031915
0.035423
0.018521
0.022986
0.049774
0.064763
0.069228
0.060936
0.050412
0.049137
0.063806
0.0035324
0.042758
0.033191
0.022029
0.024899
0.051369
0.055515
0.096973
0.084536
0.036061
0.059342
0.064444
0.026175
0.015332
0.010548
0.074968
0.066358
0.023943
0.028726
0.014694
-0.02517
-0.023256
-0.016878
-0.0073105
-0.031867
-0.061844
-0.034099
-0.036331
-0.034737
-0.002208
-0.012094
0.011824
0.021072
-0.0034836
-0.012413
-0.0012513
-0.00061343
-0.010181
-0.023575
-0.0041214
0.01023
0.0038513
-0.0105
-0.0079484
-0.010819
-0.027721
-0.021024
-0.030591
-0.025488
-0.0018891
0.0051269
-0.021343
-0.018791
2.4388e-05
-0.0095429
-0.0105
-0.0082673
-0.017197
-0.0041214
2.4388e-05
0.015013
0.0092728
0.0060837
-0.0066727
0.0079971
0.021391
-0.00061343
-0.013051
0.016289
0.035104
0.023624
0.012143
-0.0089051
-0.017835
-0.009224
0.0099106
0.025218
0.015651
0.0076782
0.0060837
0.013738
0.020116
0.039569
0.023624
0.019797
0.025537
0.053282
0.047542
0.056471
0.051688
0.059342
0.07146
0.075925
0.064763
0.03064
0.020435
0.061255
0.055515
0.059661
0.064444
0.049455
0.0131
0.004808
-0.0076295
-0.0025269
0.008316
-0.0015702
-0.011456
0.0041702
-0.0044404
0.0131
0.023624
0.035742
0.025218
0.032234
0.042758
0.055515
0.065082
0.071779
0.032872
0.019797
0.080709
0.092189
0.055515
0.054558
0.066995
0.059661
0.042758
-0.01624
0.0041702
0.035423
-0.017516
0.0025757
-0.0053971
-0.034099
-0.013689
-0.015921
-0.035056
-0.048131
-0.047812
-0.056104
-0.034418
-0.0089051
-0.0012513
-0.0076295
0.0016189
0.013738
0.027451
0.023305
0.040845
0.041802
0.03064
0.059023
0.060617
0.059023
0.063169
0.060617
0.037018
0.041164
0.053601
0.043396
0.043715
0.060298
0.058385
0.028088
0.01884
0.025856
0.031278
0.0076782
0.0067215
-0.0025269
-0.0053971
0.0016189
0.0028946
0.0019378
0.0016189
0.015013
0.0016189
0.011186
0.024262
0.0089539
0.031915
0.06285
0.058385
0.055196
0.12089
0.12982
0.12217
0.12408
0.11037
0.097611
0.076244
0.069866
0.080071
0.11483
0.15246
0.10909
0.051688
0.019478
0.042758
0.03638
0.008316
-0.01911
0.0041702
0.073374
0.069866
0.041483
0.020435
0.012781
0.050731
0.026494
0.047542
-0.0082673
-0.015921
0.011186
0.050731
0.01597
-0.0015702
-0.026126
-0.050682
-0.058974
-0.052596
-0.056423
-0.05132
-0.045899
-0.035375
-0.023575
-0.021661
-0.015921
0.0038513
0.0131
0.020754
0.038931
0.03064
0.017246
0.033191
0.03638
0.042439
0.041483
0.017246
0.034148
0.059342
0.023305
0.027132
0.021391
0.012462
0.022986
0.0079971
0.032234
0.030321
0.028088
0.018202
0.034786
0.034148
0.01597
0.0028946
0.011186
0.014694
0.03351
0.047861
0.030002
0.037018
0.026813
0.022348
0.023305
0.046266
0.032872
0.027132
0.03351
0.036699
0.044672
0.038612
0.027132
0.021072
0.056153
0.066358
0.071779
0.07752
0.063169
0.059342
0.057109
0.06859
0.074968
0.067314
0.076244
0.081346
0.045947
0.040207
0.038612
0.038612
0.011186
0.0044891
0.0070404
0.0060837
-0.0089051
0.0016189
-0.020067
-0.013051
-0.0060349
-0.022299
-0.027083
-0.019429
0.014056
-0.016878
-0.060569
-0.056742
-0.034737
-0.038883
-0.0079484
-0.0063538
-0.0105
-0.017835
-0.01624
-0.019748
0.0060837
0.06285
0.046904
0.058066
0.08613
0.099205
0.099843
0.10526
0.10495
0.071141
0.11834
0.10718
0.095697
0.085492
0.059342
0.065401
0.053282
0.042758
0.026813
-0.0053971
-0.028996
-0.02198
-0.011137
-0.033461
-0.044304
-0.033461
-0.037607
-0.033142
-0.028359
-0.02804
-0.031229
-0.021024
-0.013689
-0.0053971
0.0032135
-0.0085862
-0.010181
-0.0025269
0.011186
0.0057648
0.0013
0.0054459
0.0095917
0.029683
0.044672
0.042758
0.033191
0.035104
0.044353
0.031915
0.061255
0.056153
0.043077
0.047861
0.048818
0.05679
0.046266
0.03638
0.020754
0.01597
0.038294
0.034148
-0.010819
-0.0053971
0.0022568
0.0095917
0.0028946
0.0022568
0.037337
-0.0050782
-0.015921
-0.0079484
0.0041702
0.0073593
0.0064026
0.0057648
0.0025757
0.022986
0.011505
0.019797
0.022986
0.013419
-0.0095429
-0.0073105
0.027132
0.032872
0.022348
0.01023
-0.0105
-0.009224
0.0051269
0.0003433
0.0025757
-0.002208
0.0035324
0.031596
0.031915
0.028407
0.038931
0.043396
0.058066
0.084217
0.067314
0.055196
0.060936
0.066677
0.063806
0.064763
0.075925
0.04531
0.057109
0.061893
0.049455
0.017564
0.0060837
0.014375
0.0092728
0.0019378
0.020435
0.012462
0.012462
0.026494
0.014694
0.02458
0.02458
0.01023
-0.0076295
0.014375
0.034467
0.029364
0.024899
0.025856
0.011824
0.0054459
0.01597
0.010548
-0.011775
-0.005716
-0.0098618
-0.025488
-0.0095429
-0.012094
-0.022618
-0.026126
-0.020705
-0.012732
-0.0079484
-0.0018891
0.0013
-0.0085862
0.02458
0.042439
0.032553
0.029045
0.031278
0.040207
0.03925
0.046266
0.045629
0.03638
0.042439
0.030321
0.026494
0.026813
0.02458
0.018521
0.0095917
0.014056
0.0073593
-0.005716
-0.016878
-0.010181
-0.010819
0.020754
0.026813
0.018202
0.008316
0.03351
0.02777
0.021391
0.036699
0.046904
0.042758
0.054558
0.054877
0.020435
0.028407
0.020754
-0.011456
-0.0041214
0.004808
-0.0089051
-0.015283
-0.024851
-0.025488
-0.0060349
-0.023256
-0.022618
-0.021343
-0.002208
0.0079971
0.026175
0.037975
0.032553
0.037018
0.031278
0.030959
0.052645
0.075287
0.053601
0.075925
0.076882
0.08039
0.060617
0.035104
0.042439
0.04531
0.066358
0.054877
0.043077
0.041483
0.031915
0.012781
-0.0025269
0.0035324
-0.011775
-0.027083
-0.0047593
0.0044891
-0.00093234
2.4388e-05
2.4388e-05
-0.0050782
-0.0060349
0.010548
-0.0012513
-0.0044404
-0.002208
-0.0050782
-0.012094
-0.0050782
0.0003433
-0.020705
-0.017835
-0.017516
-0.015283
-0.022618
-0.037288
-0.02517
-0.021024
-0.016878
0.0051269
-0.0095429
-0.017835
-0.002208
-0.005716
-0.013689
-0.0066727
-0.022618
-0.029953
-0.012094
-0.0069916
-0.022299
-0.026764
-0.017197
-0.0015702
-0.010181
-0.012732
-0.0044404
-0.014327
-0.0012513
0.013738
0.022029
0.026175
0.029683
0.058066
0.066358
0.086768
0.10271
0.085173
0.10558
0.11515
0.12855
0.15119
0.17861
0.12121
0.11451
0.10367
0.078476
0.1244
0.14832
0.11579
0.077201
0.059023
0.052326
0.048818
0.033829
0.021391
0.0079971
-0.0012513
-0.015283
-0.0105
-0.026764
-0.047812
-0.062801
-0.061206
-0.066947
-0.083211
-0.098838
-0.10203
-0.10011
-0.10713
-0.10266
-0.10522
-0.09533
-0.088952
-0.072049
-0.055147
-0.067266
-0.070136
-0.065033
-0.048769
-0.032504
-0.01911
-0.019748
-0.029953
-0.036969
-0.014964
-0.012094
-0.00093234
0.00098112
-0.0031647
-0.0012513
0.0064026
0.011505
0.0016189
-0.0041214
0.0003433
0.00098112
0.017564
0.015651
0.013419
-0.0089051
-0.011137
-0.0047593
0.0041702
-0.0095429
-0.00029452
-0.00061343
-0.013051
-0.018791
-0.0012513
-0.012094
-0.02198
-0.010181
-0.02517
-0.009224
-0.014008
0.015651
0.02458
0.048499
0.078157
0.069547
0.08613
0.096654
0.098568
0.1059
0.11356
0.12536
0.10271
0.08039
0.090914
0.08039
0.061893
0.054558
0.018202
-0.0066727
0.00098112
-0.0089051
-0.038245
-0.051639
-0.061206
-0.045261
-0.029634
0.021072
0.0067215
-0.022937
-0.030591
-0.03378
-0.031548
-0.022299
-0.016878
-0.014964
-0.0044404
-0.034099
-0.049088
-0.067266
-0.035694
-0.028359
-0.039202
-0.044623
-0.045899
-0.051001
-0.050044
-0.044942
-0.049407
-0.039202
-0.054828
-0.03952
-0.061525
-0.040477
-0.036012
-0.032186
-0.051001
-0.066309
-0.068222
-0.070455
-0.053234
-0.06312
-0.062163
-0.046855
-0.046855
-0.039839
-0.042072
-0.035375
-0.03952
-0.029315
-0.0098618
0.0057648
0.0079971
0.0131
0.020435
0.026813
0.037975
0.064444
0.04818
0.054558
0.051369
0.066358
0.056471
0.071141
0.077838
0.05679
0.075287
0.088681
0.066358
0.059023
0.061255
0.070185
0.059979
0.04531
0.029045
0.024899
0.01023
0.047542
0.033829
-0.0079484
-0.037607
-0.043985
-0.046218
-0.031867
-0.018791
-0.027721
-0.029634
-0.03091
-0.022299
-0.014008
-0.0063538
-0.0066727
-0.01337
-0.0076295
-0.0012513
-0.013051
-0.014645
-0.011775
-0.026445
-0.032186
-0.044304
-0.045899
-0.041434
-0.046855
-0.06312
-0.067266
-0.070136
-0.047812
-0.067903
-0.071411
-0.057698
-0.048769
-0.018791
-0.018791
-0.021343
-0.030272
-0.0076295
0.010867
0.017564
0.016608
0.038294
0.027451
0.049455
0.052645
0.036061
0.03064
0.022029
0.025218
0.0022568
0.023305
0.015013
-0.0044404
-0.0095429
-0.026126
-0.011775
-0.011137
-0.017197
-0.039202
-0.030591
-0.012094
-0.011137
-0.0063538
0.0070404
-0.010819
0.0051269
0.014694
0.019478
2.4388e-05
-0.0095429
0.016289
0.022986
-0.0085862
-0.023894
-0.021661
-0.022618
-0.00093234
0.0032135
0.018521
-0.0063538
-0.017516
0.0044891
0.019159
-0.0066727
0.0060837
0.018202
0.030002
0.042121
0.060617
0.037975
0.03638
0.013738
2.4388e-05
0.0028946
0.0038513
-0.018791
-0.0060349
-0.042391
-0.06312
-0.056423
-0.041434
-0.036331
-0.033461
-0.0050782
0.01597
0.035423
0.022986
0.032234
0.05105
0.045947
0.066995
0.071141
0.060936
0.048818
0.11101
0.050731
-0.002208
-0.0044404
-0.013689
-0.034418
-0.029634
-0.029634
-0.044623
-0.073644
-0.076195
-0.10617
-0.074282
-0.047812
-0.037607
-0.066628
-0.074601
-0.041753
-0.066628
-0.069498
-0.058655
-0.067585
-0.085443
-0.059931
-0.058017
-0.052915
-0.059931
-0.062482
-0.067585
-0.058336
-0.053552
-0.047493
-0.053234
-0.058017
-0.058336
-0.058017
-0.044304
-0.02804
-0.038564
-0.035056
0.0019378
0.0044891
-0.005716
-0.0069916
0.00066221
0.014694
0.01884
0.030321
0.027451
0.02171
0.043396
0.035104
0.020754
0.0041702
0.008316
0.0079971
0.004808
0.0041702
-0.012413
-0.014645
-0.026764
-0.015602
-0.011775
-0.013051
0.0079971
0.0079971
-0.0095429
0.0076782
0.020754
0.017883
0.041483
0.020754
-0.0073105
0.027451
-0.0060349
-0.028678
0.02171
0.008635
-0.011137
-0.027083
-0.037288
-0.04558
-0.036331
-0.057698
-0.087676
-0.050363
-0.044623
-0.069817
-0.06599
-0.074919
-0.076195
-0.062163
-0.058336
-0.049726
-0.052915
-0.060887
-0.067266
-0.054509
-0.059293
-0.057379
-0.029315
-0.038883
-0.075238
-0.062482
-0.02804
-0.033461
-0.01624
-0.035056
-0.040477
-0.042072
-0.033142
-0.005716
0.0076782
0.0013
0.0016189
-0.012413
-0.020067
0.0019378
0.012462
0.027132
0.021072
-0.010819
-0.01911
-0.0066727
0.015332
0.0057648
-0.0066727
-0.0038025
0.021391
0.013419
0.0076782
-0.011456
-0.019748
0.0073593
0.023305
0.019478
0.0003433
-0.0063538
-0.014645
-0.018472
-0.01337
-0.0076295
0.0035324
0.01023
0.011824
0.0041702
-0.022937
-0.015283
-0.0031647
-0.0015702
-0.0044404
-0.017835
-0.015921
0.0038513
0.0016189
-0.013689
0.0131
0.015013
-0.0018891
-0.0044404
-0.005716
-0.0082673
-0.0053971
0.00098112
0.0073593
-0.0025269
-0.012094
0.0067215
0.01023
0.0057648
-0.0098618
-0.01911
-0.027083
-0.012094
-0.0105
-0.012732
-0.009224
-0.01911
-0.013051
0.0013
-0.0018891
-0.013689
0.008635
0.0028946
-0.0028458
-0.0015702
-0.012413
0.0070404
-0.021024
-0.0105
-0.010181
0.0041702
0.011505
0.031278
0.059023
0.030959
-0.0060349
-0.021343
-0.0060349
0.004808
-0.0015702
-0.0066727
-0.022937
-0.020705
-0.043985
-0.052596
-0.048131
-0.058655
-0.051001
-0.047812
-0.051639
-0.048131
-0.061206
-0.061844
-0.058655
-0.046536
-0.026764
0.0089539
0.0025757
0.072736
0.06572
0.026175
0.0095917
0.0089539
0.03064
0.070185
0.10303
0.11132
0.10016
0.12121
0.12855
0.087406
0.076563
0.072098
0.068909
0.072098
0.071779
0.03925
0.024262
0.018202
0.020754
0.013738
-0.0098618
-0.0089051
-0.030272
-0.03665
-0.035694
-0.024532
-0.046218
-0.061525
-0.060569
-0.064714
-0.057698
-0.045899
-0.055147
-0.077471
-0.062482
-0.06312
-0.060887
-0.066947
-0.059612
-0.03952
-0.043028
-0.031867
-0.026126
-0.027083
-0.026445
-0.020067
-0.015921
-0.013689
-0.012413
-0.0038025
-0.0079484
0.0060837
0.018202
-0.010819
0.0054459
-0.0095429
-0.022618
-0.0069916
0.03638
0.057109
0.061574
0.02458
0.03351
0.044353
0.019159
0.031278
0.036061
0.049137
0.049774
0.03925
0.060298
0.085811
0.065082
0.008316
0.031915
0.030959
-0.0044404
-0.030591
-0.014327
0.032553
0.0019378
-0.030272
-0.043985
-0.060887
-0.038245
-0.038883
-0.014645
-0.009224
-0.0063538
-0.0076295
-0.024851
0.01597
0.022986
0.044353
0.036699
0.04531
0.064763
0.060617
0.031596
0.022667
0.0067215
0.023943
0.03638
0.022029
-0.032823
-0.040477
-0.053552
-0.051001
-0.035694
-0.059293
-0.078109
-0.079065
-0.072687
-0.063758
-0.059293
-0.059612
-0.082573
-0.062482
-0.048769
-0.037288
-0.032823
-0.03091
-0.0050782
-0.005716
-0.016878
-0.0073105
-0.024851
-0.023894
-0.01337
-0.00061343
0.0041702
0.0013
-0.014645
0.0019378
0.032553
0.040845
0.012462
0.018521
0.030002
0.057109
0.063806
0.06572
0.059979
0.069866
0.052963
0.05105
0.076882
0.075287
0.017246
-0.010819
-0.022937
-0.0044404
0.015651
0.027451
0.0022568
-0.00061343
0.0028946
0.021072
0.075606
0.044034
0.025856
-0.0047593
-0.0076295
0.020435
0.050412
0.048499
0.031596
0.030959
0.038294
0.033829
0.008316
-0.020705
-0.027083
-0.022299
-0.01337
-0.022618
-0.030591
-0.014008
0.01884
-0.020067
-0.031867
-0.021661
-0.027402
-0.023575
-0.017516
-0.026445
-0.028678
-0.024851
-0.0105
-0.032823
-0.023575
0.0044891
-0.031867
-0.034099
-0.037288
-0.029315
-0.033142
-0.026764
-0.037607
-0.054509
-0.045899
-0.030272
-0.014008
-0.033142
-0.038883
-0.041753
-0.025488
-0.020067
-0.0066727
-0.011456
-0.01337
-0.009224
-0.0034836
0.0089539
0.0060837
0.026175
0.0051269
0.021072
0.03064
0.038612
0.036061
0.037018
0.027132
0.023943
0.046266
0.03638
0.01884
0.012143
0.023624
0.0057648
0.00066221
-0.0044404
-0.012413
-0.036969
-0.010181
0.0076782
0.025218
0.0013
-0.04558
-0.028359
-0.016878
-0.0018891
-0.053552
-0.06312
-0.086081
-0.080341
-0.081935
-0.055466
-0.053234
-0.066309
-0.085125
-0.058974
-0.031548
0.008635
-0.028996
-0.014008
0.026494
0.047223
0.087406
0.096654
0.1311
0.10558
0.11483
0.1193
0.10558
0.13556
0.097611
0.11419
0.082941
0.066677
0.05679
0.069866
0.053601
0.059342
0.018202
0.011186
-0.0079484
2.4388e-05
-0.009224
-0.025807
-0.023575
-0.047493
-0.069817
-0.068222
-0.040158
-0.038883
-0.057379
-0.052915
-0.050682
-0.056742
-0.04845
-0.03378
-0.047174
-0.05132
-0.047812
-0.043028
-0.036331
-0.034737
-0.02517
-0.023575
-0.022618
-0.016559
-0.0041214
-0.0073105
-0.0095429
-0.002208
0.00098112
0.0060837
0.022986
0.0067215
0.0099106
0.0095917
0.01884
0.035742
-0.021661
-0.05132
-0.057061
-0.034099
-0.0085862
-0.0047593
0.01884
0.0016189
0.011824
0.008316
0.021072
0.034467
0.026494
0.026494
0.02171
0.039888
0.047542
0.045947
0.074649
0.058385
0.076244
0.038612
0.019159
-0.0063538
0.0032135
0.019478
0.018521
0.01884
-0.012094
0.020435
0.0070404
-0.002208
0.0067215
-0.015921
-0.01337
-0.014645
-0.021024
-0.010819
-0.010181
0.010548
0.0003433
0.01023
-0.0105
0.014694
0.042121
0.016289
0.0035324
0.0131
0.016289
0.019159
0.021072
0.0035324
-0.015283
-0.0015702
-0.03952
-0.029634
-0.02804
-0.037288
-0.055466
-0.064077
-0.03378
-0.041434
-0.044623
-0.046536
-0.032504
-0.044304
-0.032186
-0.022299
-0.022618
-0.0079484
0.0051269
0.015332
0.017883
0.023624
0.013738
0.0099106
0.0067215
0.014694
0.012143
0.0076782
0.0016189
0.0070404
0.0057648
-0.0044404
-0.012413
-0.017197
-0.0079484
-0.01337
-0.0063538
-0.009224
0.0057648
0.01023
-0.0012513
0.008635
0.018521
0.014694
0.018521
0.014694
0.022986
0.032553
0.020435
0.0044891
-0.0066727
0.0073593
0.01597
0.013738
0.014375
0.021072
0.0019378
0.013419
0.044034
0.035104
0.021391
0.010548
0.015651
0.032872
0.047542
0.057428
0.033191
0.008316
0.031915
0.065082
0.03925
0.019797
-0.0076295
-0.011137
0.017246
0.010867
-0.015283
-0.028996
-0.024532
-0.039202
-0.04271
-0.03952
-0.046218
-0.060569
-0.052277
-0.046536
-0.049407
-0.043666
-0.036331
-0.036331
-0.034737
-0.023894
-0.021024
-0.0018891
-0.022618
-0.013689
-0.0063538
-0.0098618
-0.020067
-0.021661
-0.024213
-0.0085862
-0.0098618
-0.0031647
-0.0085862
-0.0076295
2.4388e-05
-0.015283
-0.012413
0.0051269
0.0054459
-0.0098618
-0.00061343
-0.0038025
-0.0044404
-0.0028458
-0.015921
-0.023575
-0.0076295
2.4388e-05
-0.011775
-0.018153
-0.019748
-0.02198
-0.014645
-0.002208
-0.0095429
-0.014964
-0.0085862
-0.0015702
0.014375
0.0038513
0.0035324
-0.0034836
0.011186
0.017564
0.020754
0.019159
0.011505
0.03638
0.023943
0.028726
0.016608
0.015013
-0.011137
-0.0066727
0.01597
0.010867
0.026494
0.0044891
-0.010819
0.008316
0.022348
0.016927
-0.011456
-0.015921
-0.0044404
-0.015921
0.019797
-0.0025269
-0.027402
-0.0089051
-0.0095429
-0.0069916
-0.061206
-0.064714
-0.083211
-0.041753
-0.035694
-0.035056
-0.017516
-0.011775
0.0073593
0.0028946
0.013419
0.052645
0.022029
-0.0041214
0.034786
0.049455
0.036699
0.041483
0.04531
0.023943
0.03351
0.03351
0.030959
0.0013
0.013738
0.0016189
0.0016189
-0.0076295
0.011186
0.0092728
-0.0060349
-0.012413
-0.036969
-0.029953
-0.0063538
-0.017835
-0.037926
-0.034099
-0.032504
-0.037607
-0.038564
-0.038883
-0.038564
-0.032504
-0.015921
-0.028359
-0.027083
-0.025807
-0.020067
-0.018791
-0.018791
-0.018472
-0.022618
-0.013689
-0.0063538
0.0060837
-0.0085862
0.0070404
0.026494
0.016289
0.017564
0.033191
0.030002
0.025218
0.031278
0.025218
0.028407
0.030959
0.016927
0.0131
0.028407
0.02458
0.0057648
0.0057648
0.012781
0.011824
0.0067215
0.0067215
-0.00061343
-0.0063538
-0.0085862
0.013419
0.0089539
0.0013
0.0054459
-0.015602
-0.01624
0.0003433
0.0064026
-0.015602
-0.0069916
0.011186
-0.0015702
-0.012094
-0.0060349
-0.013689
0.0070404
0.0028946
-0.0082673
-0.015921
-0.031867
-0.032823
-0.026445
-0.014645
-0.010181
-0.0047593
-0.017835
-0.015283
-0.0044404
0.0013
0.0099106
0.02171
-0.002208
-0.012413
0.016927
0.0016189
0.0051269
0.017564
0.011505
-0.011456
0.0025757
-0.0060349
-0.014964
-0.009224
-0.0038025
-0.010819
-0.017835
2.4388e-05
0.0022568
0.0092728
0.0032135
0.01023
0.0076782
0.0060837
0.00066221
-0.0041214
-0.00093234
0.014694
0.01023
-0.0041214
-0.0089051
-0.0060349
-0.0076295
-0.013689
-0.0038025
-0.021343
-0.02804
-0.026764
-0.027083
-0.029315
-0.030591
-0.031229
-0.03091
-0.014645
-0.019429
-0.015921
-0.011456
-0.017516
-0.0053971
-0.0034836
0.012143
0.035742
0.034786
0.020754
0.0099106
0.013419
0.020435
0.041802
0.024899
0.015013
0.029364
0.031596
0.011824
0.010548
0.024262
0.0041702
0.0054459
0.004808
-0.012413
0.017246
0.0044891
-0.00029452
-0.0038025
-0.0053971
-0.0041214
-0.012094
-0.015283
-0.0079484
0.0019378
0.00098112
0.0038513
0.0076782
-0.0015702
-0.0044404
0.014694
0.012462
0.0044891
0.0054459
0.008635
-0.0018891
0.0016189
0.0035324
-0.0098618
-0.0015702
-0.0031647
-0.011456
-0.018791
-0.0073105
-0.0031647
-0.018791
-0.014964
-0.0095429
-0.01911
-0.026445
-0.024213
-0.014645
-0.022618
-0.020067
-0.028996
-0.037607
-0.021343
-0.0076295
-0.0069916
-0.011137
-0.010819
-0.0089051
-0.0066727
0.0073593
0.0003433
0.0038513
0.0028946
0.0060837
0.0095917
0.011824
0.0076782
0.0022568
0.0019378
0.0064026
0.015013
0.0054459
0.0038513
-0.00061343
-0.00061343
0.0067215
0.022667
0.0019378
-0.009224
-0.0028458
-0.005716
0.00098112
0.0038513
-0.0050782
-0.015283
0.0003433
0.0003433
0.0022568
0.0076782
0.01023
0.008316
0.0070404
0.015332
0.019797
0.017246
0.011186
0.011824
0.0079971
0.008316
0.0099106
-0.002208
-0.017516
-0.0038025
0.00098112
-0.013051
-0.01911
-0.012413
-0.010819
-0.016559
0.0041702
-0.0028458
-0.0028458
-0.0066727
-0.0012513
0.0099106
-0.005716
0.0089539
0.0067215
0.015651
0.020116
0.017246
-0.00061343
0.0092728
0.028407
0.011824
0.0067215
0.019797
0.004808
-0.011775
-0.014964
-0.013051
-0.017835
-0.010819
-0.014327
-0.034418
-0.020386
-0.020705
-0.019748
-0.024851
-0.024851
-0.017835
-0.017516
-0.0095429
-0.0041214
-0.0079484
-0.012732
-0.0060349
-0.0025269
-0.002208
-0.0028458
-0.009224
-0.016878
0.014056
0.025218
0.01597
0.0095917
0.0076782
0.012143
0.01884
0.032553
0.0131
0.0099106
-0.0028458
0.0019378
0.014694
0.00066221
-0.0050782
-0.026126
-0.020067
-0.01624
-0.01337
-0.02198
-0.025807
-0.023256
-0.023256
-0.014964
-0.002208
-0.014327
-0.017516
-0.0098618
-0.010181
-0.009224
-0.0095429
-0.012094
-0.022299
-0.0031647
-0.0034836
-0.0044404
-0.0098618
-0.0082673
-0.0050782
0.0019378
0.030959
0.021072
0.011824
0.013738
0.020435
0.022348
0.02777
0.031278
0.026813
0.029364
0.035104
0.034467
0.023624
0.035104
0.020754
0.017883
0.026494
0.029683
0.01023
-0.0069916
-0.0073105
0.0003433
-0.0044404
-0.014964
-0.023575
-0.039202
-0.029953
-0.038245
-0.027083
-0.026126
-0.032504
-0.044942
-0.04271
-0.01624
-0.0047593
-0.016559
-0.025488
-0.017516
-0.0089051
0.0013
0.0067215
0.020116
0.0070404
0.012143
0.012462
0.019478
0.016608
0.019478
0.020435
0.015651
0.017564
0.0057648
-0.002208
-0.01624
-0.0041214
-0.0095429
-0.021343
-0.025488
-0.034099
-0.038564
-0.029634
-0.025807
-0.027721
-0.02804
-0.025488
-0.026764
-0.021661
-0.0041214
-0.016559
-0.018153
-0.012413
-0.0089051
-0.0082673
-0.011775
-0.018472
-0.026764
-0.0031647
0.00098112
0.00066221
-0.0069916
-0.0085862
-0.0038025
-0.0031647
0.0099106
0.015013
-0.00061343
-0.0050782
0.0051269
0.0089539
0.0089539
0.0044891
-0.0044404
-0.014645
0.008635
0.0064026
0.0025757
0.0016189
-0.002208
-0.005716
-0.0085862
0.0092728
-0.0050782
-0.0105
-0.012094
-0.0085862
0.0016189
-0.0044404
-0.012094
-0.01911
-0.016559
-0.0034836
0.0067215
0.0028946
0.0038513
0.0070404
0.0035324
0.0032135
0.027451
0.013419
0.0041702
-0.0025269
-0.00061343
0.0003433
-0.00061343
-0.0018891
-0.019748
-0.0079484
-0.009224
-0.0012513
-0.0025269
-0.0095429
-0.0053971
-0.0044404
0.0089539
0.011824
0.0038513
-0.00061343
-0.00029452
-0.0041214
-0.0025269
-0.0069916
-0.014008
-0.019429
-0.0044404
0.0131
0.0092728
0.0003433
-0.0044404
-0.002208
0.010548
0.028088
0.021072
0.016927
0.01884
0.014375
0.019159
-0.0028458
-0.011456
-0.015283
-0.016878
-0.017835
-0.02198
-0.031229
-0.03665
-0.040796
-0.040796
-0.032504
-0.021661
-0.038883
-0.044304
-0.029634
-0.026445
-0.024213
-0.015283
-0.014645
-0.027402
-0.013689
-0.0082673
-0.011775
-0.011775
-0.012413
-0.012732
-0.0073105
0.0038513
0.0016189
-0.0082673
-0.012094
-0.0089051
-0.0079484
-0.0073105
-0.010181
-0.018153
-0.026445
-0.0095429
-0.0041214
-0.011137
-0.012094
-0.013689
-0.014645
-0.010819
0.0057648
-0.0076295
-0.009224
-0.0069916
-0.0047593
-0.0012513
-0.0034836
-0.0041214
-0.012732
-0.0079484
-0.0015702
0.0038513
-0.0015702
-0.0018891
0.00098112
0.00066221
0.0067215
0.017883
0.0044891
-0.0028458
0.0016189
2.4388e-05
0.0032135
0.0057648
0.0035324
-0.011456
0.0035324
0.0079971
0.0067215
-0.00029452
-0.00029452
0.0070404
0.0041702
0.014694
0.0092728
0.0038513
2.4388e-05
0.0070404
0.0028946
0.0019378
0.0067215
0.0079971
-0.0047593
0.0028946
0.014375
0.012143
0.010548
0.011505
0.011505
0.0131
0.022348
0.01023
-0.0060349
0.0025757
0.008635
0.0022568
-0.0018891
-0.0066727
-0.019748
-0.0105
-0.0066727
-0.0085862
-0.013689
-0.0095429
-0.0053971
-0.0076295
-0.0034836
0.0070404
0.0013
-0.0063538
0.0016189
0.0013
-0.00093234
-0.002208
-0.014327
-0.023256
-0.0073105
-0.00029452
-0.0025269
-0.014008
-0.017516
-0.010819
-0.010819
-0.00061343
-0.0044404
-0.0047593
-0.011137
-0.0098618
-0.011456
-0.0069916
-0.0079484
-0.014008
-0.019429
-0.0047593
0.00066221
-0.013051
-0.010819
-0.010181
-0.0076295
-0.0089051
-0.0015702
-0.014645
-0.020705
-0.016878
-0.0095429
-0.005716
-0.012094
-0.0095429
-0.014008
-0.0066727
-0.0047593
0.0057648
-0.0028458
-0.0047593
-0.0025269
-0.0012513
0.0099106
0.011505
0.0051269
-0.0060349
-0.0041214
-0.0053971
-0.0079484
-0.010181
-0.017197
-0.028678
-0.012094
-0.011137
-0.014645
-0.01624
-0.015283
-0.01337
-0.012094
-0.00061343
-0.0076295
-0.009224
-0.011456
-0.0082673
-0.0076295
-0.0076295
-0.009224
-0.017197
-0.020705
-0.010819
-0.0041214
-0.0066727
-0.0098618
-0.0095429
-0.010181
-0.0060349
0.010548
0.0057648
-0.00029452
0.0032135
0.0032135
0.0028946
0.0038513
0.0067215
-0.0050782
0.0076782
0.012143
0.011186
-0.00029452
0.0022568
0.0092728
0.0054459
0.010867
0.013738
0.00098112
-0.0044404
0.0003433
-0.0060349
-0.0050782
-0.0031647
-0.009224
-0.023256
-0.010181
0.00066221
-0.0031647
-0.0085862
-0.0028458
0.0079971
0.0067215
0.016927
0.010548
0.0067215
0.011505
0.019159
0.019159
0.013738
0.011505
0.0041702
-0.0060349
-0.0041214
0.0054459
-0.0031647
0.0003433
-0.0076295
-0.01624
-0.017516
-0.0053971
-0.017835
-0.026764
-0.023256
-0.022299
-0.02198
-0.021661
-0.024213
-0.035694
-0.019429
-0.017835
-0.014008
-0.019748
-0.015283
-0.009224
-0.011456
-0.0012513
0.0003433
-0.0047593
-0.0098618
-0.0047593
-0.0031647
-0.0041214
-0.0038025
-0.012413
-0.02198
-0.0079484
-0.002208
-0.0069916
-0.0085862
-0.009224
-0.010181
-0.0085862
0.015651
2.4388e-05
-0.0038025
0.0019378
0.0044891
0.0044891
0.0051269
0.0057648
-0.0044404
2.4388e-05
0.0057648
0.0051269
0.0019378
0.0060837
0.004808
-0.0053971
-0.0038025
0.012781
-0.0015702
-0.011775
-0.0018891
-0.0044404
-0.012094
-0.012094
-0.011456
-0.020386
-0.0085862
-0.0050782
-0.0053971
-0.011775
-0.0095429
-0.0069916
-0.0041214
0.0057648
0.0076782
-0.0050782
-0.010819
0.014375
0.021072
0.010548
0.0044891
0.0032135
-0.0050782
0.011824
0.020116
0.0067215
0.0092728
0.023305
0.020435
0.0099106
0.030002
0.016927
0.0089539
0.0057648
0.0064026
0.0019378
0.0032135
-0.0018891
-0.019429
-0.014645
-0.013689
-0.0050782
-0.011775
-0.021343
-0.023575
-0.024851
-0.021024
-0.011775
-0.024213
-0.028996
-0.023575
-0.024851
-0.023894
-0.02198
-0.024851
-0.036012
-0.020067
-0.01624
-0.017835
-0.021343
-0.020705
-0.016559
-0.015921
-0.0047593
-0.0098618
-0.010819
-0.013051
-0.0095429
-0.0085862
-0.0095429
-0.0089051
-0.015602
-0.024532
-0.010181
-0.00061343
-0.0050782
-0.005716
-0.0073105
-0.0079484
-0.0041214
0.0099106
-0.00093234
-0.0034836
-0.00093234
0.0019378
0.0016189
0.00098112
-0.00029452
-0.011775
0.0016189
0.0028946
0.0054459
-0.00061343
-0.00029452
0.0013
-0.0025269
-0.00029452
0.012143
-0.00029452
-0.0079484
0.013419
0.00098112
-0.0041214
-0.00061343
-0.00029452
-0.01337
0.0054459
0.0064026
0.0057648
0.0038513
0.011505
0.01884
0.021391
0.036699
0.027132
0.016608
0.015332
0.028407
0.031278
0.018202
0.013419
0.0073593
-0.00093234
0.0041702
0.0054459
-0.0060349
-0.010819
-0.0098618
-0.016559
-0.023575
-0.012413
-0.031867
-0.039202
-0.034418
-0.032186
-0.033142
-0.034737
-0.031229
-0.038883
-0.031229
-0.028678
-0.026445
-0.025488
-0.024532
-0.021343
-0.019429
-0.0050782
0.0013
-0.0073105
-0.01337
-0.0076295
-0.0098618
-0.005716
-0.0025269
-0.010819
-0.020386
-0.0050782
-0.00029452
-0.009224
-0.0063538
-0.0060349
-0.0050782
-0.00061343
0.010548
-0.0012513
-0.0025269
-0.0028458
0.0022568
0.0038513
0.0025757
-0.0015702
-0.012094
-0.010819
-0.0015702
0.008635
-0.0034836
-0.0018891
-0.0031647
-0.0044404
0.0003433
0.011824
0.0013
-0.0066727
-0.0060349
-0.0069916
-0.0031647
-0.0018891
-0.0028458
-0.015283
-0.0038025
-0.0028458
-0.0018891
-0.0060349
-0.0066727
-0.0018891
2.4388e-05
0.0028946
0.0032135
-0.00061343
-0.0053971
-0.0050782
-0.0034836
-0.0034836
-0.0044404
-0.012094
-0.020386
-0.005716
0.0044891
2.4388e-05
-0.0050782
-0.0018891
0.0051269
0.010867
0.037018
0.024899
0.0003433
0.0016189
0.0057648
0.013738
0.0060837
0.0028946
-0.0082673
-0.01337
-0.0038025
-0.0060349
-0.0105
-0.0095429
-0.015602
-0.018472
-0.023575
-0.002208
-0.015921
-0.019748
-0.014645
-0.014645
-0.016559
-0.01337
-0.015921
-0.031548
-0.018153
-0.018791
-0.018791
-0.021343
-0.020067
-0.014327
-0.0095429
2.4388e-05
0.0003433
-0.0066727
-0.0044404
0.0028946
0.00098112
0.0051269
0.0035324
-0.0038025
-0.010819
0.0025757
0.0064026
0.0003433
-0.0025269
-0.0038025
-0.01337
-0.0044404
0.0073593
-0.011137
-0.014008
-0.020067
-0.016559
-0.014327
-0.019748
-0.020067
-0.03091
-0.026126
-0.020705
-0.01337
-0.018472
-0.019429
-0.014008
-0.0098618
-0.005716
0.0051269
-0.0044404
-0.0082673
0.00098112
-0.0028458
0.0028946
0.0067215
2.4388e-05
-0.012732
0.0028946
0.0067215
0.0079971
0.0070404
0.0051269
0.00066221
0.0035324
0.020435
0.01597
0.008635
0.0041702
0.0064026
0.0044891
-0.002208
-0.0069916
-0.0105
-0.014645
-0.0066727
-0.002208
-0.012094
-0.015921
-0.014645
-0.015921
-0.01624
-0.005716
-0.014008
-0.019429
-0.015283
-0.013689
-0.014008
-0.0073105
-0.012094
-0.023894
-0.0098618
2.4388e-05
-0.0025269
-0.0095429
-0.0012513
0.0032135
0.0044891
0.00098112
0.018202
0.0073593
2.4388e-05
0.0054459
0.010548
0.019159
0.0079971
-0.0038025
-0.0085862
0.008316
0.0089539
0.0016189
-0.00029452
-0.0018891
2.4388e-05
-0.00061343
0.0070404
-0.0053971
-0.0047593
-0.009224
-0.011456
-0.011456
-0.012094
-0.018472
-0.02517
-0.029953
-0.020386
-0.019429
-0.019748
-0.018791
-0.021661
-0.02198
-0.018153
-0.0041214
-0.016878
-0.021024
-0.015921
-0.014008
-0.012094
-0.01337
-0.011137
-0.02198
-0.012094
-0.0076295
-0.0044404
-0.0098618
-0.0095429
-0.0053971
-0.0034836
0.0035324
0.010548
-0.0028458
-0.013689
-0.0085862
-0.0063538
-0.0066727
-0.010181
-0.017835
-0.027083
-0.0098618
-0.0095429
-0.009224
-0.012732
-0.011775
-0.0073105
-0.0089051
-0.00029452
-0.0076295
0.0025757
0.00098112
0.0025757
0.0038513
0.0054459
0.0076782
-0.0015702
-0.0050782
0.0089539
0.015332
0.0092728
0.0079971
0.012143
0.0131
0.013419
0.023624
0.0044891
-0.0028458
0.0019378
0.00066221
-0.0031647
-0.0050782
-0.0076295
-0.020067
-0.009224
-0.0069916
-0.0069916
-0.010819
-0.0089051
-0.0025269
-0.010181
0.0038513
0.014056
2.4388e-05
-0.0012513
0.0035324
0.0076782
0.0060837
0.0025757
-0.005716
-0.013689
0.00066221
-0.0018891
-0.0050782
-0.0095429
-0.0073105
-0.0047593
-0.0063538
0.0057648
-0.010819
-0.0105
-0.011775
-0.009224
-0.011137
-0.010819
-0.014645
-0.027721
-0.025807
-0.018153
-0.0063538
-0.012413
-0.015283
-0.0031647
-0.0063538
-0.0025269
0.014375
0.0060837
-0.00029452
0.0054459
0.012781
0.010548
0.0092728
0.0095917
-0.0082673
0.010548
0.019478
0.012781
0.00098112
-0.0028458
0.0025757
-0.0015702
0.004808
0.0054459
-0.0015702
-0.0076295
-0.0044404
-0.0047593
-0.005716
-0.0050782
-0.015602
-0.02517
-0.011137
0.0035324
-0.0012513
-0.010181
-0.0095429
-0.0085862
-0.0038025
0.01023
-0.0031647
-0.0063538
-0.0073105
0.0019378
-0.00029452
-0.002208
-0.0025269
-0.012094
-0.0066727
0.0060837
0.013419
0.011505
0.0054459
0.0025757
0.0044891
0.0095917
0.026813
0.021391
0.011824
0.0095917
0.0092728
0.0070404
0.0070404
-0.0034836
-0.022618
-0.0085862
0.00066221
0.0019378
-0.014645
-0.021661
-0.020067
-0.018472
-0.0069916
-0.011137
-0.01624
-0.022299
-0.016878
-0.015283
-0.017197
-0.018472
-0.027083
-0.027083
-0.025488
-0.019429
-0.022618
-0.024213
-0.01911
-0.019748
-0.020067
-0.012094
-0.020067
-0.014964
-0.012413
-0.011137
-0.012094
-0.018791
-0.01337
-0.025488
-0.0073105
0.0025757
0.0092728
0.0051269
0.0019378
0.0028946
0.0013
0.0089539
0.026494
0.02171
0.0060837
0.0028946
0.0035324
0.0073593
0.008635
-0.0018891
-0.0095429
0.0025757
0.0019378
0.017564
0.0070404
-0.0034836
0.008635
0.013419
0.022029
0.011824
0.010867
0.014375
0.019478
0.011186
0.012781
0.016608
0.0003433
-0.012094
-0.0034836
-0.0025269
-0.00061343
-0.0025269
-0.010181
-0.015921
-0.0098618
0.0067215
-0.0095429
-0.017197
-0.016559
-0.005716
-0.0089051
-0.01337
-0.018791
-0.027083
-0.012413
-0.01624
-0.016878
-0.012094
-0.017835
-0.023575
-0.017516
-0.013051
-0.0015702
-0.014964
-0.020386
-0.018153
-0.01624
-0.015921
-0.011137
-0.01624
-0.027402
-0.011456
-0.0047593
-0.005716
-0.0085862
-0.011137
-0.0050782
-0.0069916
0.0013
-0.00061343
-0.0018891
-0.0063538
-0.00061343
-0.00029452
-0.0089051
-0.0034836
-0.011775
-0.020067
-0.0073105
-0.0028458
-0.0085862
-0.005716
-0.0031647
-0.0047593
-0.0098618
0.0035324
-0.00061343
-0.0069916
-0.0089051
-0.0047593
-0.0025269
-0.014008
-0.01911
-0.023256
-0.0085862
-0.00093234
0.00066221
-0.012413
-0.0105
-0.0028458
-0.00061343
0.023624
0.035104
0.015013
0.0019378
0.020116
0.025537
0.018202
0.018202
0.011505
0.0054459
0.008316
0.0079971
0.012143
0.0025757
-0.0047593
-0.0073105
-0.012413
-0.00061343
-0.012732
-0.02198
-0.02198
-0.0069916
-0.002208
-0.0085862
-0.005716
-0.011775
-0.0079484
0.0028946
0.0092728
0.0038513
0.0099106
0.018521
0.0095917
0.0060837
0.032234
0.01597
0.011824
0.015013
0.004808
0.0019378
0.004808
0.0028946
-0.014964
-0.002208
-0.0031647
-0.0015702
-0.0105
-0.012413
-0.0066727
-0.011137
-0.0028458
0.0028946
-0.0060349
-0.015921
-0.0095429
-0.009224
-0.014964
-0.011775
-0.014645
-0.02517
-0.012413
-0.011456
-0.0047593
-0.012732
-0.017197
-0.01337
-0.0098618
0.0054459
-0.0038025
-0.0063538
-0.0089051
-0.0012513
-0.0018891
-0.0012513
0.00098112
-0.0085862
-0.0066727
0.0057648
0.0092728
0.0022568
0.0028946
0.0057648
0.008635
0.015651
0.025856
0.011824
0.0022568
0.00098112
0.010548
0.017246
0.0099106
0.0044891
-0.012413
-0.009224
-0.0034836
0.0041702
-0.002208
-0.0050782
-0.0089051
-0.016559
0.0057648
0.022986
0.0067215
0.0089539
0.008635
0.0076782
0.008316
0.01884
0.01023
0.0035324
0.016289
0.016608
0.0035324
0.013419
0.0099106
0.0032135
0.0089539
0.019159
-0.0031647
-0.0038025
0.0044891
0.008635
0.0051269
0.0044891
0.0032135
-0.00029452
0.012143
0.017883
0.022986
0.015332
0.010867
0.011824
0.01884
0.026813
0.041164
0.027132
0.017564
0.016289
0.019478
0.01597
0.011824
0.010548
0.0060837
0.014694
0.0079971
-0.00029452
-0.0028458
-0.0073105
-0.0060349
-0.011456
-0.0069916
-0.013051
-0.026445
-0.027083
-0.023894
0.011186
-0.0034836
-0.0063538
-0.0050782
-0.019748
-0.035375
-0.022937
-0.0053971
-0.011775
-0.020386
-0.017516
-0.011775
-0.002208
-0.0098618
-0.018791
-0.005716
-0.0098618
0.0035324
-0.0053971
-0.009224
-0.0089051
0.0041702
0.030959
0.059342
0.08326
0.041483
0.035423
0.044991
0.049137
0.065082
0.053601
0.046266
0.044034
0.039569
0.030321
0.035104
0.03925
0.024899
0.016927
0.046585
0.050731
0.043715
0.032234
0.049137
0.068271
0.073693
0.089319
0.07433
0.065401
0.073693
0.08039
0.075925
0.043396
-0.00061343
-0.01337
-0.002208
0.0003433
-0.0066727
-0.018791
-0.02517
-0.046536
-0.08066
-0.083211
-0.062801
-0.071093
-0.079065
-0.063758
-0.077471
-0.067903
-0.080022
-0.082892
-0.06599
-0.077471
-0.081298
-0.084168
-0.070774
-0.056104
-0.055466
-0.065671
-0.053234
-0.061206
-0.070136
-0.052915
-0.051639
-0.046218
-0.035375
-0.047493
-0.069817
-0.054828
-0.046536
-0.051639
-0.06312
-0.055785
-0.056423
-0.052915
-0.043985
-0.041434
-0.052277
-0.060887
-0.040796
-0.043985
-0.034737
-0.03091
-0.035056
-0.027402
-0.030272
-0.023894
-0.011137
-0.017197
-0.012413
2.4388e-05
0.0022568
0.016289
0.0041702
-0.0028458
0.0003433
0.017246
0.0092728
0.023943
0.039569
0.019159
0.030002
0.037656
0.034467
0.032553
0.036699
0.043715
0.033829
0.017883
0.032553
0.03638
0.021391
0.022029
0.0028946
-0.0089051
0.0073593
-0.00061343
-0.002208
0.030002
0.021072
0.0041702
-0.0041214
-0.011456
0.011186
-0.0047593
0.0044891
0.0032135
0.01597
-0.0031647
0.014375
0.00066221
-0.023575
-0.031548
-0.015602
-0.026445
-0.018472
0.0028946
-0.028996
-0.024213
-0.01624
-0.025488
-0.026445
-0.023575
-0.048131
-0.053552
-0.026764
-0.029953
-0.056104
-0.058974
-0.057379
-0.070136
-0.056742
-0.065033
-0.068541
-0.071411
-0.061206
-0.063439
-0.053871
-0.046218
-0.046218
-0.053234
-0.028678
-0.037288
-0.043028
-0.044623
-0.0079484
-0.0098618
-0.012094
0.00098112
0.019159
0.032872
0.031915
0.032553
0.023305
0.03638
0.057428
0.037018
0.035104
0.046266
0.044991
0.026813
0.0038513
-0.0076295
-0.032823
-0.028678
-0.013051
-0.02804
-0.05419
-0.054509
-0.053552
-0.071411
-0.044304
-0.036331
-0.052915
-0.042072
-0.0098618
-0.0031647
0.0003433
-0.0012513
0.025537
0.029045
0.037018
0.040845
0.044353
0.071141
0.049137
0.051369
0.048499
0.049455
0.035423
0.029045
0.0131
0.011824
-0.0098618
-0.00093234
0.010867
2.4388e-05
-0.017835
0.0016189
-0.013689
0.00098112
0.022029
0.0057648
-0.0105
0.020435
0.050731
0.011824
0.042439
0.042439
0.011824
0.031596
0.053601
0.073374
0.01884
0.0073593
-0.016559
-0.00029452
-0.022299
-0.038883
-0.043347
-0.056104
-0.052915
-0.029953
-0.034099
-0.081617
-0.11574
-0.13041
-0.11191
-0.091184
-0.069179
-0.082254
-0.06886
-0.055466
-0.03665
-0.039839
-0.028359
-0.012094
-0.017516
0.0019378
-0.014645
0.0076782
0.010867
-0.0041214
0.0038513
-0.0031647
-0.0047593
-0.032186
-0.013689
0.022348
0.012781
-0.023256
-0.043028
-0.035694
-0.033142
-0.025488
-0.011137
-0.022299
-0.024532
-0.013689
-0.040158
-0.033142
0.0089539
-0.0085862
-0.055147
-0.037607
-0.02198
-0.0044404
-0.0031647
-0.031229
-0.014327
0.0044891
0.026175
0.0076782
-0.016878
-0.040796
-0.01911
-0.0095429
-0.015921
-0.02517
-0.042391
-0.056423
-0.040477
-0.027083
-0.027721
-0.064395
-0.019748
0.0073593
-0.0012513
-0.009224
-0.017197
-0.043985
-0.01911
2.4388e-05
0.0041702
0.015332
0.054239
0.058704
0.066995
0.049137
0.035104
0.03351
0.055834
0.022348
0.029683
0.033191
0.044034
0.032553
0.037656
0.014375
0.0054459
-0.036969
-0.047493
-0.016878
-0.026445
-0.059612
-0.080341
-0.058336
-0.091184
-0.099157
-0.090546
-0.085762
-0.070455
-0.066309
-0.074601
-0.069498
-0.081298
-0.052915
-0.020067
-0.011456
-0.021343
-0.056423
-0.0044404
0.022348
0.026813
0.02458
0.02777
0.034467
0.01884
0.026813
0.0095917
0.0095917
-0.0053971
-0.018153
-0.010819
-0.029634
-0.036331
-0.041753
-0.025488
-0.024851
-0.024851
-0.017516
-0.017835
-0.020705
0.010867
-0.0069916
0.029364
0.013738
-0.0082673
0.0028946
0.027132
0.021391
0.024262
0.036699
0.019159
0.040845
0.027451
0.013738
0.018202
0.015332
0.0028946
-0.031229
-0.044623
-0.023894
-0.055785
-0.073006
-0.036331
-0.04558
-0.060569
-0.079703
-0.060887
-0.079703
-0.049088
-0.015921
-0.014327
-0.013689
-0.01337
0.01884
0.041483
0.069228
0.064125
0.053601
0.06285
0.04531
0.024899
0.024899
0.0079971
-0.01624
-0.0082673
0.0076782
-0.024532
-0.025488
-0.044304
-0.04271
-0.0085862
-0.025488
-0.030591
-0.062801
-0.024532
-0.029953
-0.034099
-0.051001
-0.040477
-0.023256
-0.039839
-0.01337
0.00098112
-0.016878
-0.01624
-0.023894
-0.018791
-0.04271
-0.030591
-0.032504
-0.032504
0.0057648
0.0095917
0.0073593
-0.002208
-0.020705
-0.038564
-0.040158
-0.022299
0.0016189
-0.0047593
-0.011456
0.0013
0.013419
0.023305
0.0064026
-0.010181
-0.009224
0.00098112
0.035104
0.029683
0.018202
-0.0034836
-0.020067
0.01597
0.019478
0.015651
-0.01624
-0.029634
-0.028359
0.015013
0.029364
0.063487
0.055834
0.031278
0.050093
0.019478
0.0044891
0.047542
0.048499
0.024899
0.039888
0.041483
0.031278
0.0025757
-0.009224
-0.03952
-0.059612
-0.02804
-0.059612
-0.076833
-0.10075
-0.10298
-0.10745
-0.10968
-0.096286
-0.089908
-0.12084
-0.093097
-0.073006
-0.070455
-0.061844
-0.055785
-0.030591
-0.038245
-0.016878
-0.018791
0.0028946
-0.012094
-0.012732
0.0044891
-0.0060349
0.0028946
-0.010181
-0.020705
-0.021661
-0.0034836
0.0099106
-0.025807
-0.026445
-0.034099
-0.020067
0.018202
0.0060837
-0.017516
-0.015602
-0.00093234
0.010548
0.035742
0.029364
0.0025757
0.012781
-0.015283
0.0060837
0.061255
0.052963
-0.0031647
0.0041702
0.0095917
0.03351
0.017246
0.0003433
0.011824
-0.020386
-0.0050782
-0.0047593
-0.066947
-0.065033
-0.0060349
-0.005716
-0.0028458
-0.0095429
-0.016878
0.019478
0.018202
0.043715
0.016289
0.027451
-0.002208
0.013419
0.034148
0.008635
-0.00093234
-0.0063538
0.0060837
-0.03091
-0.0073105
-0.058974
-0.097243
-0.084168
-0.094054
-0.10266
-0.060887
-0.10075
-0.12116
-0.095968
-0.092778
-0.093097
-0.091503
-0.093416
-0.071093
-0.053552
-0.045899
-0.024851
-0.034737
-0.031229
-0.011137
0.012143
0.043396
0.03351
0.0057648
-0.0038025
0.025218
-0.019748
-0.013689
0.0016189
0.0060837
-0.029315
-0.03378
-0.034099
-0.055466
-0.041115
-0.043028
-0.058655
-0.047493
-0.023256
-0.021024
0.0019378
0.031596
0.037337
-0.0060349
-0.027083
2.4388e-05
-0.026445
-0.009224
-0.0089051
0.0073593
-0.049407
-0.051001
-0.05419
-0.077152
-0.064714
-0.085443
-0.11032
-0.12595
-0.11861
-0.10809
-0.10139
-0.087676
-0.11415
-0.10777
-0.10107
-0.063439
-0.063758
-0.072687
-0.060887
-0.054509
-0.03665
-0.0015702
-0.021343
-0.063439
-0.049407
-0.041434
-0.040158
-0.028996
0.0016189
-0.034418
-0.026445
-0.039202
-0.057061
-0.073963
-0.066628
-0.048131
-0.053552
-0.058017
-0.055785
-0.053234
-0.069498
-0.065671
-0.060569
-0.041115
-0.019429
0.004808
-0.013051
0.036061
0.037337
0.040845
0.096016
0.057109
0.042121
0.056471
0.064125
0.078157
0.09506
0.08326
0.008635
-0.039202
-0.062482
-0.061206
-0.072687
-0.049088
-0.051958
-0.087357
-0.074919
-0.088633
-0.10777
-0.096605
-0.09246
-0.083849
-0.074601
-0.078427
-0.076195
-0.066628
-0.07779
-0.072049
-0.09533
-0.14954
-0.15178
-0.1521
-0.11064
-0.13264
-0.15975
-0.14221
-0.15688
-0.18367
-0.16039
-0.14125
-0.12531
-0.11893
-0.091184
-0.056423
-0.063439
-0.08353
-0.081935
-0.039839
-0.01911
-0.0095429
-0.0050782
-0.0085862
0.010548
-0.031229
0.0057648
0.019159
-0.010819
-0.031229
0.019159
0.050093
0.018202
-0.012413
-0.00093234
0.025856
0.011505
-0.0082673
0.029364
0.037337
0.010867
0.0095917
-0.042391
-0.040477
-0.029634
-0.023256
-0.026764
-0.082254
-0.10936
-0.088314
-0.079384
-0.10681
-0.081298
-0.057061
-0.053552
-0.051639
-0.069179
-0.064077
-0.069179
-0.055466
-0.042391
-0.058655
-0.081298
-0.085443
-0.085125
-0.068541
-0.10904
-0.087995
-0.10203
-0.10235
-0.099794
-0.11159
-0.09533
-0.10713
-0.097881
-0.069498
-0.038564
-0.02804
-0.016559
-0.014645
-0.022937
-0.019429
0.004808
-0.0076295
0.0035324
0.014375
0.035423
0.11611
0.09187
0.085492
0.09793
0.059023
0.046266
0.1059
0.080071
0.061893
0.065082
0.011186
0.012462
0.013419
-0.028359
-0.043028
-0.046536
0.0064026
0.02777
0.053601
-0.0069916
-0.00093234
-0.0079484
0.0022568
0.033829
0.026494
0.023624
0.044991
0.018521
-0.0047593
-0.054509
-0.039202
-0.063439
-0.077471
-0.097562
-0.10681
-0.12499
-0.12563
-0.14061
-0.16326
-0.13615
-0.1403
-0.1336
-0.1202
-0.12435
-0.12307
-0.14093
-0.12244
-0.091184
-0.082892
-0.08353
-0.058336
-0.082254
-0.095011
-0.10298
-0.065671
-0.063439
-0.02804
-0.035375
-0.035694
-0.046536
-0.047493
-0.038883
-0.053234
-0.047174
-0.051001
-0.02804
0.0079971
0.02171
0.020754
0.06285
0.1193
0.12631
0.12631
0.1059
0.10558
0.11005
0.10016
0.11388
0.10271
0.081028
0.02777
-0.028996
0.013419
0.0076782
-0.036331
-0.076195
-0.10968
-0.11255
-0.11797
-0.10553
-0.087038
-0.11733
-0.12754
-0.13169
-0.11957
-0.078746
-0.082892
-0.075876
-0.079065
-0.058974
-0.043347
0.0076782
0.022348
0.03638
0.084854
0.069866
0.051369
0.097292
0.096973
0.10239
0.099524
0.11611
0.10144
0.083579
0.067633
0.022348
-0.0018891
-0.005716
-0.014964
-0.043985
-0.09246
-0.10171
-0.052277
-0.04271
-0.068541
-0.063758
-0.063439
-0.076514
-0.074282
-0.067903
-0.057379
-0.066628
-0.034737
-0.0105
-0.059931
-0.050682
-0.055785
-0.062163
-0.067585
-0.04271
-0.08927
-0.035056
-0.066628
-0.032504
0.043715
0.062212
0.091233
0.05392
0.048818
0.070185
0.11132
0.13046
0.12727
0.1413
0.076882
0.098568
0.10909
0.076244
0.0054459
-0.037607
-0.057061
-0.043028
-0.062163
-0.094373
-0.11733
-0.10362
-0.084168
-0.069498
-0.075876
-0.075876
-0.06599
-0.040796
-0.0041214
-0.0038025
-0.043985
-0.014964
-0.026126
-0.019748
-0.039202
-0.039839
-0.048131
-0.079384
-0.076195
-0.06886
-0.066309
-0.083849
-0.075238
-0.073644
-0.096924
-0.060569
-0.058655
-0.010819
0.050093
0.07752
0.072098
0.075606
0.12599
0.11292
0.071141
0.045947
0.056153
0.079752
0.078157
0.024262
0.028407
0.021391
-0.0012513
-0.062163
-0.070774
-0.076195
-0.077152
-0.081298
-0.058974
-0.036331
-0.03091
-0.0063538
0.028407
0.029045
0.0022568
0.057109
0.12057
0.081665
0.064125
0.050731
0.089319
0.12855
0.10112
-0.026445
-0.055466
-0.050363
-0.0098618
-0.093097
-0.09533
-0.085762
-0.097243
-0.12435
-0.13711
-0.15465
-0.15433
-0.11606
-0.10235
-0.031229
-0.0073105
0.0032135
-0.0041214
-0.009224
0.013738
-0.026445
0.0054459
0.035423
0.0131
-0.035056
-0.035375
-0.0066727
0.0025757
-0.051001
-0.085762
-0.11319
-0.10426
-0.072687
-0.05419
0.047861
0.089638
0.11132
0.10208
0.089
0.10877
0.11738
0.14034
0.090276
0.09506
0.11164
0.11164
0.07146
0.011824
-0.039202
-0.080022
-0.10968
-0.11606
-0.14859
-0.17633
-0.17059
-0.14699
-0.095011
-0.083849
-0.081617
-0.06312
-0.071411
-0.070774
-0.022937
-0.03952
-0.037607
0.032234
0.044034
0.051369
0.040526
0.0089539
-0.0085862
0.01023
0.0044891
-0.0069916
-0.036969
0.030002
0.014694
0.028088
0.044672
0.051688
0.028407
0.066995
0.082941
0.053601
0.10877
0.20859
0.15661
0.068909
0.083579
0.14226
0.19169
0.06859
0.077201
0.079114
0.018202
-0.0095429
-0.011456
-0.059612
-0.030591
-0.0076295
-0.021343
-0.094054
-0.02517
0.037337
0.027132
0.01884
-0.031548
-0.022618
-0.042391
-0.032186
0.031278
0.019797
-0.018791
-0.032504
-0.081298
-0.13615
-0.17219
-0.17219
-0.18494
-0.13456
-0.11383
-0.10075
-0.084487
-0.085443
-0.087357
-0.076833
-0.065671
-0.083211
-0.039202
0.025218
-0.033142
-0.040477
-0.035375
-0.064077
-0.061525
-0.070136
-0.11702
-0.12754
-0.080341
-0.085762
-0.12052
-0.080022
-0.066309
-0.010819
0.044034
0.13142
0.066358
0.095378
0.13301
0.1126
0.13046
0.10399
0.028726
0.13716
0.11388
0.11547
0.10495
-0.017516
-0.0095429
-0.0044404
-0.062482
-0.10777
-0.092778
-0.11415
-0.12212
-0.093416
-0.11351
-0.078746
-0.052596
-0.03665
-0.067266
-0.085762
-0.010181
-0.002208
-0.064077
-0.05419
-0.03378
-0.016559
0.013419
-0.03091
-0.10745
-0.081298
-0.051958
-0.080341
-0.10841
-0.10745
-0.11893
-0.12403
-0.13774
-0.13169
-0.11096
-0.10936
-0.10681
-0.10936
-0.1049
-0.059293
-0.063758
-0.064714
-0.061525
-0.045899
-0.012094
-0.020067
-0.073963
-0.024532
-0.0053971
0.043396
0.059023
0.038612
0.042121
0.036061
0.042758
0.074968
0.077838
0.028407
0.056153
0.045947
0.064444
0.069866
0.042758
0.061255
0.066677
-0.0076295
-0.034418
0.029683
0.057747
-0.012413
-0.071411
-0.014645
0.090914
0.11419
0.024899
-0.012413
0.01597
0.015651
-0.044942
-0.037926
-0.053552
-0.009224
0.034786
0.0095917
-0.044623
-0.066947
-0.070774
-0.067266
-0.040477
-0.044942
-0.085762
-0.06599
-0.097562
-0.10936
-0.061844
-0.016559
-0.064714
-0.0063538
-0.029634
-0.055466
-0.061206
-0.079065
-0.093097
-0.070774
-0.0982
-0.049407
-0.018791
-0.0085862
-0.040158
-0.08066
-0.12116
-0.11032
-0.1049
-0.12945
-0.12307
-0.075238
-0.10362
-0.088633
-0.11415
-0.11191
-0.096924
-0.11989
-0.10904
-0.07173
0.0099106
-0.022299
-0.035056
0.0003433
-0.013051
-0.02517
-0.04845
-0.031229
0.032553
0.080709
-0.0018891
0.0022568
0.017246
-0.019748
0.0022568
-0.014008
-0.052596
-0.04558
-0.032823
-0.017197
0.0060837
0.0054459
-0.02198
-0.055147
-0.032504
-0.06025
-0.054828
-0.090546
-0.01911
0.015332
-0.0063538
0.008635
0.022029
0.024262
0.0073593
0.017883
0.008635
0.0016189
0.029045
0.029045
0.046904
0.088044
0.10239
0.07146
-0.059612
-0.011137
-0.00093234
-0.002208
-0.012094
-0.020705
-0.046536
-0.059931
-0.022299
-0.054509
-0.065671
-0.076514
-0.11223
-0.10904
-0.053552
-0.055466
-0.11765
-0.10107
-0.084487
-0.097562
-0.097562
-0.058655
-0.040477
-0.076195
-0.052915
-0.022299
-0.010819
-0.012094
-0.029953
-0.01337
-0.0066727
-0.019429
0.0076782
0.015332
0.044991
0.017246
0.01884
-0.0082673
-0.012732
0.023305
0.0060837
0.0095917
-0.0028458
0.035742
0.023943
-0.032823
0.014056
0.028407
-0.012732
-0.00029452
0.034148
-0.020067
0.0044891
-0.028678
-0.029315
-0.034099
-0.04271
-0.052915
-0.058974
-0.081298
-0.06025
-0.048131
-0.093416
-0.10617
-0.074601
-0.046218
-0.080341
-0.081935
-0.089908
-0.11032
-0.083211
-0.058017
-0.070136
-0.094054
-0.068222
-0.073963
-0.067266
-0.058017
-0.060569
-0.054828
-0.0069916
0.0028946
0.033829
0.025218
0.059661
0.052963
0.040207
0.081665
0.067952
0.089
0.09506
0.066358
0.069547
0.052326
0.043396
0.052007
0.047542
0.034148
0.038931
0.069228
0.08613
0.13237
0.18563
0.13811
0.13779
0.14385
0.18754
0.11164
0.084536
0.038612
0.15406
0.1228
0.13301
0.052007
-0.0082673
-0.056423
-0.090227
-0.13487
-0.11606
-0.13902
-0.14157
-0.097243
-0.10362
-0.14317
-0.14285
-0.15401
-0.14349
-0.1454
-0.1438
-0.12244
-0.10298
-0.095649
-0.067903
-0.055785
-0.060569
-0.046218
-0.044304
-0.037607
-0.013051
-0.0085862
-0.01911
-0.015602
0.026175
-0.005716
0.012781
-0.01624
-0.03665
-0.03378
-0.02804
-0.024851
-0.023894
-0.02517
-0.032186
-0.04845
-0.032504
-0.043666
-0.037607
-0.034099
-0.028678
-0.029634
-0.035375
-0.0066727
-0.013051
-0.023256
-0.013051
0.008316
0.0041702
-0.00029452
-0.017516
0.008635
0.0131
0.014694
0.008635
0.019478
0.032234
0.035742
0.032872
0.035742
0.034786
0.034148
0.058704
0.099524
0.080709
0.073055
0.13556
0.14258
0.1193
0.13524
0.14449
0.17415
0.21401
0.17319
0.21497
0.21593
0.16937
0.09793
0.10654
0.12153
0.041483
0.053601
0.073374
0.030959
-0.020386
-0.10266
-0.090227
-0.11351
-0.13264
-0.14285
-0.15592
-0.15943
-0.15592
-0.15847
-0.17442
-0.13743
-0.12084
-0.096605
-0.097881
-0.069817
-0.066947
-0.048769
-0.020705
-0.0095429
-0.03665
-0.024851
-0.020067
0.041164
0.026175
0.01597
0.0131
0.017246
0.022986
0.0013
-0.011456
0.0057648
-0.005716
0.021391
0.00098112
0.01597
0.015651
0.0060837
-0.010181
-0.00029452
0.0044891
-0.009224
-0.056104
-0.02517
0.0016189
0.0073593
0.008635
-0.013051
-0.023575
-0.023894
-0.022618
-0.021024
-0.00061343
-0.0044404
2.4388e-05
-0.0044404
-0.00029452
0.0044891
0.0041702
0.018521
0.0070404
0.022029
0.051688
0.054239
0.04818
0.039569
0.030959
0.032872
0.049774
0.078157
0.081665
0.073055
0.078476
0.073693
0.060936
0.066677
0.070503
0.036699
0.10112
0.12344
0.12663
0.11132
0.070822
0.042439
0.069547
0.14353
0.11228
0.085173
0.067633
0.11164
0.090914
0.061574
0.049137
0.021072
0.035104
0.017246
0.0099106
-0.017516
-0.0041214
-0.016878
-0.019748
0.004808
0.012143
-0.020705
-0.03378
-0.040477
-0.052277
-0.02804
-0.022937
-0.066947
-0.081935
-0.017516
-0.010819
-0.021343
-0.035375
-0.050363
-0.069498
-0.063758
-0.043028
-0.029953
-0.03665
-0.048769
-0.044304
-0.029315
-0.020705
-0.023256
-0.02198
-0.029634
-0.0063538
0.0131
0.012143
0.0032135
0.0060837
0.011505
0.020116
0.041802
0.026175
0.020435
0.014694
0.033829
0.032234
0.03351
0.033191
0.025537
0.033829
0.046585
0.062531
0.043715
0.046585
0.034467
0.049774
0.055834
0.084854
0.056471
0.035104
0.066677
0.069547
0.07433
0.066358
0.057747
0.043077
0.055834
0.076563
0.099524
0.075287
0.072736
0.075925
0.087725
0.13652
0.13301
0.089319
0.08039
0.10239
0.085173
0.053282
0.039888
0.050731
0.069228
0.052645
0.075925
0.058704
0.036699
0.023305
0.029045
0.0089539
-0.01337
-0.020067
-0.019429
0.0051269
0.0131
0.014694
0.0016189
0.010548
-0.014327
-0.035694
-0.039202
-0.021024
-0.021024
0.0099106
0.052326
0.017246
-0.0015702
0.065082
0.049774
0.05679
0.017883
0.024262
0.032553
0.047861
0.0073593
0.020435
0.0038513
0.0003433
0.025856
-0.0031647
-0.030272
-0.037607
-0.030591
-0.027402
-0.023575
-0.034418
-0.060569
-0.056742
-0.040477
-0.03378
-0.035694
-0.040477
-0.053871
-0.032504
-0.011456
0.0131
0.021391
0.023624
0.066677
0.060298
0.081346
0.076244
0.097611
0.072736
0.099524
0.086768
0.056153
0.099524
0.093146
0.075606
0.057109
0.06285
0.031915
0.014056
0.034148
0.018202
0.015651
0.013419
0.0041702
-0.0060349
0.041802
0.049774
0.030321
0.013738
0.03064
0.029683
0.050093
0.08039
0.10112
0.10335
0.055196
0.050731
0.050412
0.10813
0.089319
0.038612
0.040207
0.047542
0.0089539
-0.027721
-0.0063538
-0.034418
-0.054828
-0.053552
-0.045261
-0.055466
-0.074282
-0.079384
-0.062163
-0.041434
-0.021661
-0.028359
-0.020067
-0.0034836
0.0051269
-0.013051
-0.010181
0.0016189
0.008635
-0.01337
-0.0018891
0.0092728
-0.013051
-0.01337
-0.0047593
-0.011775
0.03925
0.046266
0.022667
0.045629
0.055834
0.061255
0.044672
0.047542
0.020116
0.026494
0.05105
0.023305
0.020435
0.018202
0.008635
-0.029634
-0.038245
-0.03091
-0.055466
-0.067266
-0.060569
-0.041434
-0.046218
-0.033142
-0.021343
-0.017516
-0.010819
0.013419
0.034467
0.06572
0.078795
0.083898
0.074649
0.066358
0.096973
0.096335
0.077838
0.069228
0.048499
0.052963
0.069866
0.067314
0.039888
0.018202
0.0073593
0.015013
0.013419
0.017883
0.0067215
0.01884
0.028726
0.040207
0.015332
0.00066221
0.02171
0.0038513
0.011186
0.0099106
0.014694
0.0032135
0.017883
0.0025757
-0.012094
-0.012094
-0.0085862
0.01884
0.035423
0.046904
0.023624
0.036061
0.039569
0.043077
0.034786
0.031915
0.03351
-0.0060349
-0.027721
-0.024213
-0.013051
0.037656
0.0003433
-0.030272
-0.045899
-0.02804
0.0013
0.0019378
0.0016189
2.4388e-05
0.0057648
0.014694
-0.00061343
0.025856
0.014375
0.019478
0.020754
0.049137
0.031915
0.029045
0.0073593
0.03638
0.049137
0.055515
0.035742
0.03351
0.057747
0.043077
0.053282
0.057747
0.064125
0.029364
0.049137
0.067952
0.058385
0.060936
0.071779
0.070822
0.081346
0.11132
0.08613
0.10782
0.081346
0.087406
0.08613
0.10718
0.06285
0.064125
0.031596
0.019797
0.014375
-0.0105
-0.026445
-0.052596
-0.067585
-0.088952
-0.088952
-0.10968
-0.11478
-0.1167
-0.1151
-0.10745
-0.10107
-0.080979
-0.088314
-0.054828
-0.047493
-0.039839
-0.041115
-0.047493
-0.036331
-0.025488
-0.0034836
0.038612
-0.013689
-0.015602
-0.01337
0.0060837
0.0064026
-0.0044404
-0.023256
-0.0105
0.037018
0.028726
0.0092728
0.061574
0.077838
0.082941
0.090595
0.092189
0.084854
0.087725
0.057109
0.076563
0.13747
0.09506
0.012781
-0.0047593
0.0025757
0.013738
0.010867
-0.025488
-0.04845
-0.048769
-0.03952
-0.04271
-0.023256
0.0095917
0.0041702
0.0054459
0.018202
0.023624
0.055196
0.059023
0.057109
0.071141
0.077838
0.05679
0.031278
0.05679
0.063806
0.040207
0.043715
0.039888
0.011824
-0.0085862
-0.020386
-0.031229
-0.030591
-0.029315
-0.036012
-0.069817
-0.050044
-0.042072
-0.034099
-0.036012
-0.046536
-0.048769
-0.057061
-0.022618
-0.012094
-0.028678
-0.028678
-0.027083
-0.0047593
-0.03091
-0.028678
-0.032823
-0.020386
-0.020705
-0.035694
-0.032823
-0.04845
-0.043985
-0.040477
-0.040158
-0.031229
-0.04558
-0.041115
-0.027083
-0.032504
-0.035056
-0.036969
-0.027083
-0.022937
-0.0066727
-0.0073105
0.0032135
0.0028946
0.011824
0.023624
-0.0038025
0.03638
0.058385
0.050412
0.042439
0.056153
0.057109
0.047542
0.036699
0.028088
0.038612
0.037337
0.048499
0.035742
0.05392
0.081984
0.090276
0.065401
0.089
0.06572
0.06859
0.092508
0.10622
0.10909
0.094422
0.082941
0.063487
0.072098
0.090595
0.056153
0.020754
0.015332
-0.015921
-0.016559
-0.023256
-0.00061343
-0.0018891
-0.049407
-0.014008
-0.0105
-0.0076295
-0.010181
-0.0063538
-0.011456
0.0095917
0.0079971
0.0022568
-0.009224
-0.0034836
0.0089539
-0.0076295
-0.012094
-0.036012
-0.048769
-0.059293
-0.055785
-0.074919
-0.091503
-0.085762
-0.066947
-0.06599
-0.079065
-0.079703
-0.081298
-0.088952
-0.073325
-0.06599
-0.03665
-0.022299
-0.033461
-0.034099
-0.026126
-0.012732
-0.0105
-0.0076295
-0.0018891
-0.0082673
0.0067215
-0.0095429
0.019797
0.034786
0.024899
0.0054459
-0.0053971
0.0067215
0.026175
0.0095917
-0.0031647
-0.011137
-0.0085862
-0.012094
-0.012094
-0.005716
-0.024532
-0.014645
-0.012732
-0.0063538
0.0016189
0.0022568
0.0019378
-0.0018891
0.0067215
0.012143
0.032234
0.037018
0.033191
0.051369
0.059342
0.054877
0.043396
0.063806
0.094103
0.10973
0.10558
0.085492
0.082622
0.080709
0.10845
0.12567
0.089638
0.08039
0.052963
0.052326
0.020754
0.02777
0.0032135
-0.020705
-0.026445
-0.04558
-0.029953
-0.058655
-0.082254
-0.059612
-0.039202
-0.04558
-0.040477
-0.041115
-0.036331
-0.03378
-0.014008
0.0051269
0.0089539
0.022348
0.0067215
0.0051269
0.010548
0.042758
0.026175
-0.010819
-0.013051
-0.0085862
-0.0050782
-0.041753
-0.035694
-0.042391
-0.04845
-0.064714
-0.062163
-0.10043
-0.093735
-0.074601
-0.072687
-0.073006
-0.069498
-0.069498
-0.058974
-0.059612
-0.052915
-0.03091
-0.024532
-0.040796
-0.042391
-0.031229
-0.041434
-0.038564
-0.040158
-0.044623
-0.028996
-0.037288
-0.015921
-0.028359
-0.040158
-0.043985
-0.032504
-0.00093234
-0.0015702
0.0022568
-0.0044404
0.03064
0.035104
0.040207
0.053601
0.07433
0.069866
0.075287
0.10654
0.15119
0.12249
0.087725
0.074968
0.11483
0.15501
0.10271
0.09187
0.13397
0.11547
0.078157
0.097611
0.067952
0.041164
0.020435
0.0044891
0.021391
0.0073593
-0.028678
-0.026445
-0.032823
-0.013051
-0.048131
-0.052277
-0.08927
-0.13647
-0.13583
-0.13041
-0.15624
-0.14891
-0.15178
-0.12435
-0.12945
-0.098519
-0.12467
-0.1505
-0.099157
-0.12754
-0.12052
-0.078109
-0.081298
-0.056742
-0.035056
-0.050682
-0.033142
-0.035375
-0.049407
-0.052915
-0.034737
-0.02198
-0.024213
-0.034737
-0.038564
-0.045261
-0.035375
-0.0050782
-0.014645
-0.019429
-0.024532
-0.015921
-0.014327
-0.016559
-0.021343
-0.029634
-0.017516
-0.01624
-0.0050782
-0.0066727
-0.02517
-0.002208
0.0013
-0.00061343
0.023943
0.025856
0.042758
0.042439
0.022029
0.058066
0.075606
0.087087
0.11993
0.13333
0.13907
0.12536
0.12791
0.14959
0.16394
0.13301
0.12631
0.16139
0.12408
0.083898
0.062212
0.075925
0.056153
0.030959
0.0064026
0.0025757
-0.012094
-0.022937
-0.017197
-0.029953
-0.047174
-0.056742
-0.078427
-0.05132
-0.055466
-0.039202
-0.052277
-0.059931
-0.021343
-0.034099
-0.061844
-0.084487
-0.077152
-0.063758
-0.051001
-0.072049
-0.076833
-0.070774
-0.067585
-0.050044
-0.045261
-0.064395
-0.053234
-0.05132
-0.055147
-0.058336
-0.043028
-0.049088
-0.051639
-0.019748
-0.037288
-0.0085862
-0.01337
-0.024532
-0.0050782
-0.016878
-0.014008
-0.015283
-0.027402
-0.034099
-0.02804
-0.023894
-0.0041214
0.01597
0.024262
0.0041702
-0.005716
0.011824
0.016608
0.032872
0.044034
0.043396
0.066358
0.083579
0.030321
0.077201
0.11196
0.11706
0.080709
0.061255
0.080709
0.074649
0.074968
0.079433
0.11324
0.12249
0.097292
0.099205
0.059979
0.041802
0.10718
0.10877
0.060298
0.051369
0.050093
0.039569
0.050412
0.031596
-0.0105
-0.0034836
-0.014964
-0.031229
-0.067266
-0.026126
-0.012413
-0.050044
-0.051639
-0.036012
-0.04271
-0.054509
-0.028359
-0.03952
-0.065352
-0.077152
-0.060887
-0.074601
-0.036969
-0.034099
-0.043985
-0.070455
-0.073963
-0.041753
-0.044623
-0.048131
-0.070136
-0.048131
-0.04845
-0.033142
-0.017516
-0.014645
0.0060837
0.0044891
-0.0012513
-0.00029452
0.012143
0.021072
0.027451
0.03064
0.031596
0.043715
0.045629
0.035423
0.031278
0.040207
0.060617
0.05105
0.04531
0.047861
0.028088
0.05679
0.052326
0.057747
0.05105
0.037656
0.047542
0.077201
0.10239
0.081984
0.069866
0.069228
0.055515
0.066677
0.11834
0.11164
0.099524
0.11419
0.096016
0.066358
0.048499
0.016289
0.018521
0.040845
0.040207
0.059023
0.035104
-0.020067
-0.040477
-0.080341
-0.052915
-0.058336
-0.036331
-0.044942
-0.044942
-0.018153
0.024899
-0.0044404
-0.015283
-0.013689
-0.048769
-0.030591
-0.029953
-0.0034836
0.012143
0.016608
-0.01337
-0.036012
-0.020386
-0.0015702
-0.034737
-0.017516
-0.042072
-0.011775
-0.0095429
-0.0066727
0.018202
-0.0053971
0.008635
0.004808
0.013419
0.0131
-0.002208
-0.011775
-0.020705
-0.014327
-0.010181
0.0019378
-0.0041214
-0.011775
-0.014645
-0.012094
-0.01337
-0.012413
-0.012094
-0.00061343
-0.0082673
-0.013051
-0.00061343
-0.010181
-0.0063538
-0.0015702
-0.0066727
-0.022618
-0.015602
-0.0012513
0.017883
0.02458
0.0044891
0.0057648
0.0025757
0.010548
0.015013
0.015651
0.0131
0.017883
0.019797
0.0067215
0.0076782
0.013419
-0.015283
0.0022568
-0.016559
-0.012413
0.0070404
0.014375
0.017246
0.032872
0.076563
0.064763
0.068271
0.094741
0.095378
0.10654
0.10112
0.12344
0.11228
0.1008
0.12408
0.15214
0.13971
0.14034
0.087406
0.052963
0.040526
0.029364
0.016289
-0.0098618
-0.0053971
-0.020386
-0.031867
-0.030272
-0.022618
-0.045899
-0.058336
-0.063758
-0.045261
-0.041115
-0.04271
-0.043028
-0.047174
-0.02517
-0.015921
-0.03091
-0.01911
-0.022937
-0.048769
-0.043347
-0.027083
-0.040477
-0.055466
-0.050363
-0.029634
-0.041115
-0.035694
-0.037288
-0.045899
-0.028359
-0.021024
-0.047812
-0.037288
-0.018153
-0.027721
-0.031867
-0.021343
-0.014008
-0.015283
-0.010819
-0.0063538
0.01023
0.013419
0.01597
0.023305
0.014375
0.023305
0.040526
0.033829
0.020435
0.021391
0.014056
0.024899
0.019159
0.0060837
-0.011775
0.0038513
0.008316
0.012143
0.018202
0.015332
-0.0015702
0.020754
0.021072
0.015651
0.023305
0.020116
0.008316
0.014056
0.026494
0.040207
0.022986
0.028088
0.0038513
0.022667
0.047542
0.055515
0.037018
0.027132
0.040207
0.049455
0.052963
0.029045
0.036699
0.027132
0.027451
0.031278
0.029045
0.008316
0.013419
0.028726
0.026494
0.01023
-0.0069916
-0.0034836
-0.013689
0.0041702
0.012143
0.015651
0.0025757
0.0016189
-0.01337
-0.024851
0.00098112
0.011505
-0.025807
-0.053552
-0.064077
-0.030272
-0.034737
-0.035056
-0.019748
-0.04558
-0.04845
-0.051001
-0.028359
-0.0085862
-0.029315
-0.079703
-0.068222
-0.053871
-0.066309
-0.054828
-0.041753
-0.029634
-0.028678
-0.03952
-0.036331
-0.024213
-0.026764
-0.027083
-0.034737
-0.032504
-0.026764
-0.0012513
-0.017197
2.4388e-05
0.0060837
-0.014964
-0.005716
0.0057648
0.0089539
-0.0079484
0.0025757
0.0089539
-0.0015702
0.012462
0.031596
0.028407
0.020435
0.021072
0.024262
0.020754
0.024262
0.014056
-0.015921
0.016608
0.023624
0.0070404
0.019478
0.012462
0.0099106
0.0019378
0.024899
0.0089539
0.013738
0.012781
0.018202
0.03925
0.043715
0.018521
0.0067215
0.039888
0.068909
0.052007
0.050412
0.058385
0.070185
0.066677
0.063806
0.082303
0.059661
0.04531
0.040207
0.069866
0.041483
0.044991
0.033829
0.018521
0.022029
0.0041702
-0.023256
-0.050682
-0.050682
-0.047493
-0.061206
-0.054509
-0.065352
-0.081298
-0.081298
-0.085762
-0.074919
-0.06312
-0.068222
-0.091184
-0.094373
-0.084168
-0.066947
-0.045899
-0.028678
-0.041753
-0.030591
-0.020386
-0.038564
-0.052596
-0.058655
-0.041753
-0.039839
-0.029634
-0.035694
-0.038245
-0.025807
-0.013051
-0.017197
-0.0018891
-0.013051
-0.015602
-0.013051
0.0025757
0.011824
0.024262
0.011824
0.01023
0.0099106
0.0035324
0.0022568
0.0016189
0.0051269
0.008316
0.024899
0.020116
0.03064
0.034786
0.036699
0.029045
0.031596
0.058704
0.051688
0.026494
0.029045
0.037656
0.030321
0.020435
0.0019378
-0.013051
-0.018791
0.011824
0.0092728
-0.014008
-0.017197
-0.021343
-0.024851
-0.016559
0.0016189
-0.0079484
0.0089539
0.0131
0.0022568
-0.0031647
-0.0053971
-0.025807
-0.030272
-0.013051
-0.00093234
-0.002208
-0.009224
-0.018791
0.0035324
0.010548
-0.0034836
0.0032135
-0.0089051
-0.014645
-0.012094
0.013738
0.018202
0.0131
0.010867
-0.0015702
0.016608
0.029045
0.024899
0.019159
0.03638
0.035423
0.01884
0.02777
0.038294
0.025218
0.020435
0.026813
0.023624
0.012143
0.0070404
-0.013051
-0.031229
-0.014327
-0.0018891
-0.022299
-0.027083
-0.016878
-0.026764
-0.030591
-0.014645
-0.011775
-0.018472
-0.025488
-0.020705
-0.01911
-0.025488
-0.020705
-0.037288
-0.036331
-0.030591
-0.031548
-0.036012
-0.028359
-0.03091
-0.040477
-0.03378
-0.014964
-0.024851
-0.015283
-0.0069916
-0.0095429
-0.0066727
0.014375
0.023305
0.010867
-0.0069916
0.008635
0.020435
0.0073593
0.040207
0.052007
0.056471
0.044672
0.050412
0.044353
0.058385
0.066995
0.042439
0.054877
0.053282
0.042758
0.030959
0.041802
0.043715
0.037975
0.028407
0.0003433
-0.020705
-0.034418
-0.014008
-0.042391
-0.044623
-0.043347
-0.040796
-0.043028
-0.038245
-0.04271
-0.043347
-0.032504
-0.026764
-0.0034836
-0.01911
-0.017516
0.0060837
0.0060837
0.013419
0.022986
0.015013
0.0099106
0.02777
0.029364
0.023943
0.014694
0.0044891
-0.0031647
0.017883
0.022348
0.008316
0.0092728
0.0070404
0.0076782
0.008635
0.025537
0.0067215
-0.0076295
-0.0044404
-0.015283
-0.010819
0.0067215
-0.0076295
-0.030591
-0.02517
-0.010819
-0.0018891
-0.013689
-0.021024
-0.016878
-0.018791
-0.012413
-0.0028458
-0.013051
-0.017835
-0.012094
-0.014645
-0.011456
-0.009224
-0.013051
-0.023575
-0.0098618
-0.012094
-0.0041214
-0.0025269
-0.0098618
-0.0050782
-0.0050782
0.0060837
0.013419
0.0131
0.0032135
0.0099106
0.0067215
0.0022568
0.022667
0.0054459
-0.011775
0.0003433
0.020754
0.018202
0.018202
0.031596
0.02777
0.026175
0.041483
0.03925
0.046904
0.052963
0.043715
0.056153
0.056471
0.052326
0.044034
0.062531
0.046585
0.03925
0.040845
0.041164
0.015651
0.0067215
0.014694
0.013738
-0.012413
-0.0105
-0.014327
-0.01911
-0.027721
-0.036969
-0.049407
-0.058974
-0.037926
-0.040158
-0.035375
-0.047812
-0.053552
-0.041753
-0.03665
-0.028996
-0.03091
-0.034099
-0.036012
-0.033142
-0.025488
-0.023256
-0.018153
-0.02198
-0.031548
-0.026126
-0.019429
-0.010819
-0.011775
-0.011456
-0.01337
-0.011775
-0.0018891
-0.013689
-0.0098618
-0.0069916
-0.0038025
-0.0044404
-0.005716
-0.0050782
-0.013051
-0.0063538
0.00098112
0.0089539
0.00066221
0.0013
0.0051269
0.0038513
0.010548
0.018521
0.0092728
0.0028946
0.0089539
0.008316
0.0073593
0.0054459
0.0032135
-0.0069916
0.0070404
0.010867
0.0131
0.0131
0.0079971
0.011505
0.0099106
0.02171
0.019159
0.018202
0.013419
0.015332
0.011824
0.0099106
0.011186
0.0019378
-0.0044404
0.004808
0.0057648
-0.0018891
-0.0076295
-0.0025269
0.010548
0.0032135
0.0051269
-0.005716
-0.0053971
-0.0085862
-0.014964
-0.0095429
-0.0041214
0.0003433
-0.012732
-0.0053971
0.0032135
0.011505
0.010548
0.0099106
0.020435
0.0131
0.016289
0.028726
0.022029
0.015651
0.021072
0.015332
0.026494
0.038294
0.023943
0.00098112
0.014694
0.016608
0.020754
0.017883
0.011505
0.012781
0.012781
0.01884
0.011186
0.0044891
-0.011775
2.4388e-05
-0.005716
-0.016559
-0.013689
-0.031229
-0.04558
-0.031229
-0.015283
-0.020386
-0.022618
-0.022299
-0.02198
-0.019429
-0.0028458
-0.011456
-0.014327
-0.011456
-0.014327
-0.011775
-0.0066727
-0.0079484
-0.021343
-0.010819
-0.009224
-0.0073105
-0.010181
-0.010819
-0.0063538
-0.0076295
2.4388e-05
0.0089539
-0.00061343
-0.0069916
-0.0012513
0.0013
0.0025757
0.0019378
0.008316
-0.0028458
0.0073593
0.010867
0.012781
0.010548
0.012143
0.013419
0.012462
0.022986
0.010548
0.0060837
0.0076782
0.016289
0.013738
0.0038513
-0.0066727
-0.0073105
-0.0028458
0.0041702
0.010548
0.0044891
0.0041702
0.0067215
0.0073593
0.014694
0.028407
0.013419
0.0057648
0.024899
0.029045
0.020435
0.017246
0.021072
0.0016189
0.021072
0.024262
0.01884
0.013738
0.011505
0.017564
0.0022568
-0.0015702
0.011824
0.00098112
-0.0095429
-0.0069916
-0.012732
-0.015921
-0.018153
-0.023256
-0.037607
-0.026445
-0.017197
-0.014327
-0.022937
-0.022618
-0.0105
-0.0034836
0.0095917
0.0016189
0.0032135
-0.0012513
0.011824
0.023624
0.023305
0.039888
0.018202
0.0092728
0.020435
0.029045
0.025856
0.024899
0.021072
0.018202
0.014694
0.019478
-0.0098618
-0.0105
-0.005716
-0.0076295
-0.017197
-0.019429
-0.022618
-0.032504
-0.017197
-0.018153
-0.016878
-0.016559
-0.016878
-0.01337
-0.010819
-0.0012513
-0.0034836
-0.0041214
-0.012413
-0.0066727
-0.0095429
-0.010181
-0.011775
-0.0098618
-0.022299
-0.012094
-0.0060349
-0.009224
-0.011137
-0.0095429
-0.0089051
-0.0076295
0.0060837
-0.0041214
-0.0066727
-0.0041214
0.00098112
0.0022568
0.0028946
0.0003433
-0.0031647
-0.0015702
0.0089539
0.013738
0.0089539
0.008635
0.015332
0.016927
0.015332
0.03064
0.015651
0.017246
0.01597
0.011186
0.01597
0.0089539
0.0092728
-0.0041214
0.01023
0.011505
0.008635
0.0054459
0.0079971
0.008316
0.013419
0.020754
0.01597
0.01597
0.008635
0.012462
0.031596
0.020754
0.0131
0.0067215
-0.0069916
0.0025757
0.013419
0.0079971
0.0051269
-0.0034836
-0.011456
-0.014008
-0.0044404
-0.0047593
-0.0069916
-0.01911
-0.029953
-0.028996
-0.020386
-0.018153
-0.035694
-0.022937
-0.013051
-0.0098618
-0.019748
-0.019429
-0.0073105
-0.0031647
0.008635
0.021391
-0.0031647
-0.0031647
0.012462
0.012781
0.0073593
0.0032135
0.014375
-0.011775
0.0057648
0.0092728
0.0022568
0.00066221
-0.0034836
-0.0041214
2.4388e-05
0.0044891
-0.0063538
-0.014327
-0.012732
-0.0044404
-0.0085862
-0.011456
-0.010819
-0.016878
-0.024213
-0.013689
0.0032135
-0.0018891
-0.0105
-0.0105
-0.0079484
-0.0038025
0.013419
0.0038513
0.01023
0.013419
0.0073593
0.0089539
0.010548
0.014694
0.0019378
0.018521
0.018202
0.023305
0.0092728
0.014694
0.0076782
0.0022568
0.017564
0.023624
0.0054459
-0.0089051
-0.012094
-0.013051
-0.017197
-0.015283
-0.02198
-0.034737
-0.016559
-0.015283
-0.019748
-0.022618
-0.021661
-0.016559
-0.017197
-0.0060349
-0.012413
-0.011456
-0.01337
-0.0079484
-0.010819
-0.012413
-0.0079484
-0.00029452
-0.0105
-0.0044404
0.0070404
0.0057648
0.0057648
0.012143
0.016927
0.023624
0.034148
0.016927
0.0099106
0.018521
0.017246
0.0079971
0.0016189
0.0067215
-0.0012513
0.0028946
-0.0047593
-0.0079484
-0.01337
-0.01337
-0.0095429
-0.0073105
-0.0044404
0.0013
-0.0066727
-0.020067
-0.012413
-0.0069916
-0.005716
-0.013051
-0.025807
-0.035056
-0.015283
-0.011137
-0.01337
-0.017835
-0.021024
-0.020386
-0.012732
-0.0060349
-0.01624
-0.014645
-0.014645
-0.0095429
-0.0095429
-0.012732
-0.013689
-0.020705
-0.021343
-0.024213
-0.015921
-0.018472
-0.019748
-0.018791
-0.017197
-0.014964
0.0060837
0.0041702
-0.0015702
0.0073593
0.012143
0.0079971
0.015332
0.017883
0.014694
0.030959
0.031596
0.032872
0.028407
0.027451
0.030002
0.020754
0.021391
0.018202
0.020116
0.0076782
0.0089539
0.0028946
0.0003433
-0.00061343
-0.0105
-0.01911
-0.0041214
-0.0044404
-0.0069916
-0.0073105
-0.0085862
-0.0069916
-0.0060349
0.0038513
-0.0050782
-0.0076295
-0.0047593
-0.0041214
-0.0060349
-0.0063538
-0.0079484
-0.020386
-0.011775
-0.0044404
-0.00029452
-0.0034836
-0.0053971
-0.0038025
-0.005716
-0.0012513
0.015013
0.00098112
-0.0050782
-0.0028458
-0.0025269
-0.00061343
-0.0018891
-0.0053971
-0.016559
-0.0025269
-0.0012513
-0.00061343
-0.0066727
-0.0069916
0.0035324
0.00098112
0.008316
0.0095917
0.0041702
-0.0012513
0.0032135
0.0054459
0.0041702
0.0051269
-0.0038025
-0.017835
-0.0031647
0.0057648
0.0028946
-0.002208
-0.0044404
-0.0050782
-0.0031647
0.008316
-0.0047593
-0.0050782
-0.005716
-0.0015702
-0.0034836
-0.0038025
-0.0063538
-0.01624
-0.0095429
-0.0047593
-0.00061343
-0.0060349
-0.0063538
-0.0028458
-0.0047593
0.00066221
0.014375
0.0038513
-0.0050782
-0.0018891
0.0003433
0.0003433
0.00066221
-0.0015702
-0.014008
0.0022568
0.0028946
0.0035324
-0.0018891
-0.0047593
0.00066221
0.0035324
0.012143
0.0076782
0.0028946
0.0016189
0.0044891
0.0044891
0.0016189
-0.0012513
-0.0060349
-0.0076295
0.015013
0.022986
0.018202
0.018202
0.027132
0.023305
0.024262
0.047223
0.032234
0.032872
0.031278
0.030321
0.026813
0.023305
0.028407
0.0070404
0.0070404
0.0022568
0.0051269
0.0032135
-0.010181
-0.0063538
-0.0028458
0.0003433
0.0073593
-0.0066727
-0.016559
-0.011775
-0.0044404
-0.0066727
-0.0069916
-0.016878
-0.034099
-0.018472
-0.01337
-0.015602
-0.022937
-0.026445
-0.028359
-0.024213
-0.014645
-0.022299
-0.023894
-0.026445
-0.021661
-0.021343
-0.021343
-0.020705
-0.026764
-0.031229
-0.019429
-0.0105
-0.012413
-0.014645
-0.012413
-0.01337
-0.009224
0.0057648
-0.0073105
-0.0089051
-0.0066727
-0.0044404
-0.0031647
-0.0053971
-0.0073105
-0.014645
-0.002208
-0.00029452
2.4388e-05
-0.005716
-0.005716
-0.0018891
-0.00093234
0.0054459
0.012143
0.0028946
-0.0041214
0.00066221
0.0003433
2.4388e-05
-0.00093234
-0.0063538
-0.016559
-0.0012513
0.0035324
-0.00061343
-0.0034836
-0.0050782
-0.0025269
-0.0018891
0.01023
0.0003433
-0.0028458
-0.0038025
0.00098112
0.0016189
-0.00029452
-0.00029452
-0.0098618
-0.011775
-0.0031647
0.0054459
0.0016189
-0.00093234
0.0013
-0.0015702
0.008316
0.026175
0.01023
0.0054459
0.020435
0.019478
0.015651
0.024899
0.027132
0.020116
0.032553
0.033829
0.03064
0.02458
0.031915
0.021391
0.01023
0.02171
0.029045
0.012143
-0.0050782
-0.0031647
-0.011137
-0.016878
-0.021024
-0.030591
-0.043985
-0.030591
-0.026126
-0.031548
-0.032823
-0.034418
-0.031867
-0.032823
-0.01624
-0.024532
-0.027721
-0.026764
-0.023575
-0.020705
-0.021024
-0.021024
-0.029953
-0.027083
-0.018153
-0.0105
-0.015921
-0.014327
-0.012413
-0.014008
-0.0089051
0.0067215
-0.0044404
-0.0105
-0.0066727
-0.0034836
-0.0025269
-0.0044404
-0.0044404
-0.017516
-0.0025269
-0.00029452
2.4388e-05
-0.0038025
-0.0034836
-0.0012513
-0.00029452
0.0076782
0.011505
0.0025757
-0.0041214
0.0028946
0.0038513
0.0028946
0.0016189
-0.0050782
-0.015921
-0.0028458
0.0054459
0.0013
-0.0015702
-0.0018891
-0.0025269
-0.0031647
0.011505
-0.0018891
-0.002208
-0.002208
0.0013
0.0032135
-0.00093234
-0.0015702
-0.010181
-0.0031647
0.0013
0.0060837
0.0022568
0.0013
0.0035324
0.0035324
0.0067215
0.019797
0.015332
0.004808
0.0028946
0.004808
0.0070404
0.0032135
0.0016189
-0.0076295
0.0057648
0.0054459
0.0003433
-0.0031647
-0.005716
-0.0015702
2.4388e-05
0.014694
0.0060837
-0.0015702
-0.005716
-0.0025269
-0.0038025
-0.0025269
-0.002208
-0.010819
-0.019748
-0.0098618
-0.002208
-0.0079484
-0.011775
-0.0089051
-0.012094
-0.0098618
0.0028946
-0.014645
-0.012413
-0.012413
-0.012094
-0.012094
-0.013689
-0.014327
-0.023575
-0.014327
-0.010819
-0.0053971
-0.013051
-0.011775
-0.0095429
-0.010181
-0.0028458
0.0095917
-0.0025269
-0.0079484
-0.0025269
0.00066221
-0.0031647
-0.0038025
-0.0044404
-0.011775
0.0038513
0.0089539
0.0057648
0.0025757
0.00098112
0.0076782
0.0131
0.023305
0.015332
0.01023
0.013419
0.016289
0.014375
0.018202
0.012781
0.0070404
-0.002208
0.011824
0.015651
0.012781
0.0131
0.0095917
-0.0015702
-0.0028458
0.016927
0.0089539
-0.009224
-0.0069916
0.0022568
-0.0066727
-0.010819
-0.010819
-0.021024
-0.014645
-0.014645
-0.011775
-0.014645
-0.015283
-0.010181
-0.015921
-0.0079484
0.0041702
-0.0066727
-0.011775
-0.0089051
-0.0076295
-0.0060349
-0.0076295
-0.012094
-0.02198
-0.0066727
-0.00061343
-0.0060349
-0.0085862
-0.0089051
-0.0044404
-0.0018891
0.0073593
-0.0028458
-0.0079484
-0.0069916
-0.0018891
-0.0031647
-0.0069916
-0.0060349
-0.013689
-0.018153
-0.0095429
-0.0047593
-0.0041214
-0.0076295
-0.0095429
-0.01337
-0.010819
0.0041702
-0.0060349
-0.010819
-0.0089051
-0.0105
-0.0105
-0.010819
-0.012094
-0.022618
-0.010181
-0.0085862
-0.005716
-0.010819
-0.011137
-0.0073105
-0.0066727
0.0013
0.0057648
-0.0028458
-0.0098618
-0.0034836
-0.0031647
-0.0053971
-0.0047593
-0.0089051
-0.020705
-0.0066727
-0.00093234
-0.0050782
-0.0060349
-0.0060349
-0.0038025
-0.0041214
-0.0025269
-0.005716
-0.002208
-0.0089051
-0.0025269
-0.00029452
-0.00061343
-0.0069916
-0.015283
-0.013051
0.0016189
0.0089539
0.00066221
-0.0038025
0.0016189
0.0064026
0.0076782
0.019478
0.01023
0.0044891
0.012143
0.010867
0.0070404
0.0076782
0.0057648
-0.0063538
0.0095917
0.0076782
0.0060837
2.4388e-05
0.0016189
0.0060837
0.0016189
0.0070404
0.0099106
-0.00061343
-0.011775
-0.0053971
-0.0060349
-0.009224
-0.0063538
-0.015602
-0.028678
-0.014645
-0.009224
-0.011456
-0.012094
-0.01337
-0.0095429
-0.0066727
0.0035324
-0.0053971
-0.0034836
-0.002208
-0.00029452
-0.00061343
-0.0012513
-0.00061343
-0.0069916
-0.0066727
0.004808
0.0067215
-0.0012513
-0.0034836
2.4388e-05
0.00098112
0.004808
0.018202
0.0054459
-0.0050782
-0.0015702
0.0013
0.0067215
0.008635
0.0016189
-0.014645
0.0022568
0.0067215
0.0060837
0.0013
0.00098112
0.0051269
0.0044891
0.015332
0.01023
0.0022568
-0.0069916
-0.002208
-0.00061343
-0.0041214
-0.0060349
-0.015602
-0.02517
-0.01337
-0.0066727
-0.0098618
-0.01337
-0.014327
-0.014327
-0.010819
0.0022568
-0.0079484
-0.0098618
-0.0063538
-0.0034836
-0.0018891
-0.0018891
0.00098112
-0.011456
-0.0041214
0.0035324
0.0070404
0.0019378
0.0013
0.00098112
0.0003433
0.0076782
0.01597
0.0035324
-0.0085862
-0.0073105
-0.0050782
-0.0082673
-0.019429
-0.021661
-0.027721
-0.012413
-0.012413
-0.0098618
-0.01337
-0.011456
-0.0053971
-0.0028458
0.012462
0.0073593
0.0022568
-0.0028458
0.0057648
0.010867
0.0089539
0.010867
-0.00061343
-0.0085862
2.4388e-05
0.0076782
-0.00061343
-0.0050782
-0.0085862
-0.011137
-0.0085862
0.0089539
-0.0066727
-0.0073105
-0.0073105
-0.00061343
-0.00061343
-0.0041214
-0.0050782
-0.011775
-0.0012513
0.0057648
0.008316
0.0035324
0.0022568
0.0064026
0.0070404
0.0131
0.021391
0.0099106
0.0022568
0.0067215
0.0079971
0.011505
0.0025757
-0.0031647
-0.016878
-0.0015702
-0.00029452
0.0016189
-0.0063538
-0.0076295
-0.0073105
-0.010181
-0.00093234
-0.010181
-0.010181
-0.012732
-0.0098618
-0.010181
-0.019429
-0.020386
-0.02804
-0.029315
-0.020067
-0.01337
-0.017197
-0.020386
-0.017516
-0.016559
-0.012094
0.004808
-0.0063538
-0.014008
-0.0095429
-0.0038025
-0.00061343
0.0022568
0.0028946
-0.0015702
0.010548
0.01023
0.015332
0.01023
0.0095917
0.017246
0.017883
0.026494
0.027132
0.019797
0.014694
0.020116
0.015651
0.011505
0.0089539
0.0019378
-0.010819
0.0016189
0.00066221
-0.005716
-0.011137
-0.019748
-0.012094
-0.012413
-0.0041214
-0.0085862
-0.0044404
-0.015283
-0.017197
-0.01911
-0.016878
-0.020386
-0.018791
-0.0105
0.0041702
0.0076782
0.0013
0.0067215
0.022029
0.02171
0.043077
0.058066
0.044991
0.047542
0.05105
0.058704
0.063169
0.067314
0.06859
0.074649
0.085492
0.077201
0.078476
0.063487
0.055515
0.065401
0.059979
0.061255
0.057109
0.049455
0.034148
0.026175
0.028726
0.018202
0.03064
0.0095917
-0.018153
0.0044891
0.019478
-0.0076295
-0.021661
-0.030591
-0.026126
-0.022618
-0.017197
-0.028678
-0.0079484
-0.0053971
0.017564
-0.0028458
0.0060837
0.036699
0.02777
0.025856
0.049774
0.058066
0.078157
0.064763
0.063169
0.051688
0.059023
0.07433
0.05105
0.021072
0.019159
0.0099106
0.0079971
-0.020705
-0.03952
-0.04845
-0.049088
-0.055785
-0.058974
-0.063758
-0.057698
-0.038883
-0.056742
-0.049726
-0.044942
-0.052915
-0.058655
-0.042391
-0.031229
-0.040477
-0.049726
-0.051001
-0.041753
-0.021661
-0.0012513
0.0028946
-0.0076295
-0.0041214
0.012781
0.043715
0.077201
0.052007
0.05392
0.061893
0.084217
0.069866
0.062531
0.081665
0.070185
0.058385
0.019478
0.027132
0.017883
0.0092728
-0.0073105
-0.010181
-0.029953
-0.013689
-0.019429
-0.039839
-0.053871
-0.033142
-0.027402
-0.032186
-0.053552
-0.053552
-0.018791
-0.036331
-0.021343
-0.085762
-0.069498
-0.079065
-0.044942
-0.069817
-0.081617
-0.08066
-0.078427
-0.057379
-0.010819
-0.00029452
-0.0098618
-0.0044404
-0.031229
-0.01624
0.02777
0.042121
0.039888
0.02777
0.03064
0.029683
0.042758
-0.0069916
-0.011456
-0.031548
-0.069498
-0.068222
-0.073006
-0.067266
-0.081617
-0.077152
-0.065033
-0.065352
-0.082254
-0.085125
-0.073006
-0.068222
-0.074919
-0.038245
-0.04845
-0.049088
-0.047174
-0.056104
-0.046855
-0.0069916
-0.036969
-0.080022
-0.048769
-0.038883
-0.044942
-0.045899
-0.035375
-0.0066727
0.026494
0.028726
-0.0038025
0.0079971
0.011505
0.031278
-0.0073105
-0.014645
0.0054459
0.022029
-0.014327
-0.022299
-0.017197
-0.00061343
0.0016189
0.0070404
-0.014327
-0.015283
-0.0076295
-0.053871
-0.028996
-0.018791
-0.0098618
0.0092728
0.00098112
0.015013
-0.050682
-0.046218
-0.034099
-0.020067
-0.048131
-0.051639
-0.048131
-0.03091
-0.0076295
0.02458
0.028726
0.040207
0.046266
0.059661
0.04531
0.061255
0.069866
0.063806
0.09506
0.11101
0.077201
0.066995
0.052326
0.049774
0.00098112
0.025218
-0.024532
-0.033461
-0.068541
-0.076514
-0.073006
-0.084168
-0.076514
-0.07779
-0.098519
-0.10553
-0.071411
-0.068222
-0.078109
-0.057698
-0.078427
-0.064714
-0.051958
-0.035056
-0.048131
-0.062163
-0.053234
-0.04845
-0.034418
-0.036331
-0.061525
-0.021024
-0.058336
-0.050363
-0.045899
-0.005716
0.042439
0.06859
0.060298
0.055515
0.058385
0.061255
0.073693
0.097292
0.086449
0.098249
0.082622
0.065401
0.10718
0.096973
0.08039
0.052963
0.026813
2.4388e-05
-0.044304
-0.050363
-0.074601
-0.067903
-0.061206
-0.060887
-0.10394
-0.094054
-0.10809
-0.10394
-0.1269
-0.093735
-0.099476
-0.084487
-0.066309
-0.03665
-0.050044
-0.052277
-0.028996
-0.027721
-0.053552
-0.058974
-0.058017
-0.065033
-0.058336
-0.041434
-0.082254
-0.074601
-0.074919
-0.074601
-0.049407
-0.039202
-0.024851
-0.010819
0.0131
0.022348
0.0060837
0.013419
0.038294
0.034467
0.054239
0.10877
0.081028
0.035104
0.033829
0.029683
0.026175
0.030959
0.03638
0.043396
0.016289
0.030959
0.011824
0.039888
0.037018
-0.01911
-0.033142
-0.044942
-0.016878
0.017246
0.0038513
0.0057648
0.0067215
0.0076782
0.0054459
0.0016189
0.042121
0.013738
0.04531
-0.022299
-0.009224
0.02171
-0.0041214
-0.0089051
-0.013051
-0.018791
-0.031229
-0.014964
-0.024213
-0.039839
-0.085125
-0.079703
-0.077471
-0.062801
-0.044623
-0.03665
-0.055785
-0.077152
-0.072049
-0.074282
-0.062163
-0.050682
-0.027402
-0.020386
-0.019748
-0.03091
0.0019378
-0.002208
0.0025757
0.037656
0.040207
0.063487
0.037975
0.053601
0.053282
0.044672
0.0003433
0.0016189
0.040845
-0.0028458
-0.037288
-0.026445
-0.02804
-0.053552
-0.058017
-0.078109
-0.066947
-0.078109
-0.070455
-0.10777
-0.11733
-0.12084
-0.096924
-0.072687
-0.081935
-0.091184
-0.078427
-0.086081
-0.061206
-0.024213
-0.025488
-0.024851
-0.024213
-0.0018891
0.030959
0.054558
0.026494
0.004808
0.024262
0.022986
0.02171
0.029045
0.0089539
-0.017835
-0.0105
-0.0063538
-0.0044404
0.008635
0.01023
-0.011456
-0.0089051
-0.0079484
-0.0041214
0.00066221
0.01884
0.015332
-0.016878
-0.013051
0.021072
0.043396
0.054877
0.030321
0.045629
0.054239
0.04531
0.037975
0.040845
0.032234
0.047861
0.038612
0.042439
0.035742
0.015332
0.042439
-0.024851
-0.079065
-0.075557
-0.062163
-0.062801
-0.072368
-0.067903
-0.069817
-0.056423
-0.076195
-0.09533
-0.064395
-0.047493
-0.054828
-0.058017
-0.052277
-0.045261
-0.055147
-0.058336
-0.06886
-0.064714
-0.046855
-0.050044
-0.050682
-0.069817
-0.06599
-0.036969
-0.0098618
-0.035375
-0.043028
-0.022618
-0.019429
-0.0060349
0.019478
0.065401
0.046904
0.047542
0.028726
0.043715
0.021391
0.033829
0.028407
0.023305
0.035104
0.037656
0.011186
0.011824
0.024262
-0.011775
0.0051269
0.038612
0.020435
-0.0076295
0.012781
0.019797
0.0003433
0.012143
-0.0063538
-0.002208
0.030321
0.044353
-0.021343
-0.051639
-0.057379
-0.05419
-0.015283
-0.0047593
-0.025807
-0.069498
-0.066628
-0.10872
-0.083849
-0.033142
-0.036012
-0.044942
-0.020067
-0.02198
-0.040158
-0.072049
-0.06312
-0.022299
-0.0047593
-0.016878
-0.0082673
-0.002208
0.02458
0.013419
0.019797
-0.0015702
-0.032823
-0.05419
0.013738
0.023943
0.01023
0.013738
0.037337
0.015332
-0.056742
-0.088952
-0.064077
-0.00093234
-0.0066727
-0.053234
-0.0034836
-0.0063538
-0.052277
-0.058655
-0.057379
-0.055466
-0.043666
-0.054828
-0.040158
-0.027721
-0.05132
-0.074282
-0.09246
-0.070774
-0.045899
-0.086719
-0.064077
-0.039839
-0.044304
-0.035056
-0.041753
-0.031229
-0.024213
-0.018472
-0.022937
-0.040477
-0.012413
-0.017197
-0.0069916
0.0022568
-0.019429
-0.0082673
0.031596
0.0038513
-0.0066727
0.022029
0.0089539
-0.0076295
0.0019378
0.016289
0.061574
0.019159
0.0095917
0.011505
-0.0066727
-0.020705
0.0016189
-0.024851
-0.045261
-0.060569
-0.043666
-0.061844
-0.05132
-0.052915
-0.042072
-0.054509
-0.096286
-0.073644
-0.099476
-0.10553
-0.079703
-0.054828
-0.085762
-0.11861
-0.080341
-0.079384
-0.1336
-0.088633
-0.094054
-0.096286
-0.098838
-0.061844
-0.04271
-0.005716
0.011824
0.0095917
-0.036012
-0.076195
-0.038245
0.011505
0.011505
0.021072
0.0095917
0.061574
0.043715
-0.014008
-0.056742
-0.057061
-0.066947
-0.0079484
0.030321
-0.015921
-0.017197
-0.038245
-0.064077
-0.048769
-0.10362
-0.10617
-0.10904
-0.084806
-0.070774
-0.059293
-0.062482
-0.057061
-0.061844
-0.08353
-0.077152
-0.057698
-0.072368
-0.07173
-0.02804
-0.014964
-0.0028458
-0.011775
-0.017197
-0.034418
-0.014008
2.4388e-05
-0.0060349
-0.035375
-0.040158
0.016608
0.0057648
-0.024851
0.028407
0.0060837
-0.02198
-0.037607
-0.042391
-0.079065
-0.038564
-0.042072
-0.076833
-0.06886
-0.04845
-0.058974
-0.079703
-0.079703
-0.07173
-0.06886
-0.049088
-0.037607
-0.062163
-0.087038
-0.070455
-0.063439
-0.044304
-0.059931
-0.090227
-0.099157
-0.10171
-0.097562
-0.095011
-0.082254
-0.091503
-0.086081
-0.065352
-0.020067
-0.048769
-0.056742
-0.016878
-0.0076295
0.0064026
0.0095917
-0.020067
0.017883
0.024899
-0.014645
0.004808
-0.023575
-0.047493
-0.043028
-0.065671
-0.080341
-0.061206
-0.099476
-0.11446
-0.14572
-0.13934
-0.11191
-0.1218
-0.10713
-0.093416
-0.049088
0.0089539
0.077838
0.051369
0.047223
0.048818
0.074649
0.074012
0.03638
0.038612
0.078157
0.075606
0.04531
-0.017835
-0.061206
-0.078109
-0.088633
-0.099157
-0.12754
-0.13711
-0.10522
-0.084168
-0.08927
-0.10936
-0.090865
-0.092778
-0.059612
-0.035056
-0.043028
-0.078746
-0.017197
-0.050044
-0.056742
-0.024213
-0.06025
-0.056423
-0.071093
-0.086719
-0.10107
-0.081617
-0.083211
-0.072368
-0.079384
-0.074601
-0.058017
-0.078109
-0.078109
-0.02198
-0.031548
-0.059931
-0.043028
-0.014645
0.0032135
-0.0047593
0.021072
0.042121
0.027451
0.022029
0.0095917
-0.033142
-0.028996
-0.032186
-0.035375
-0.050682
-0.080341
-0.13232
-0.13328
-0.11191
-0.11191
-0.091184
-0.10043
-0.10139
-0.10266
-0.072049
-0.040158
-0.058655
-0.034099
0.00098112
-0.012413
0.025856
0.037656
0.037337
-0.0031647
0.040845
0.037975
0.0035324
-0.034099
0.017883
0.060617
0.0070404
-0.0025269
-0.036331
-0.040477
-0.041115
-0.00093234
0.044034
-0.0047593
-0.00061343
-0.026445
-0.017516
0.028088
0.01597
-0.011775
-0.034737
-0.048769
-0.035694
-0.049407
-0.041115
-0.075238
-0.10585
-0.11191
-0.12116
-0.12244
-0.12435
-0.091184
-0.10394
-0.090227
-0.080341
-0.056742
-0.06599
-0.066309
-0.014645
0.11451
0.14513
0.13747
0.11005
0.099524
0.10208
0.078157
0.050731
0.008635
-0.043666
0.057109
0.041483
0.0092728
-0.021343
-0.056742
-0.096286
-0.11383
-0.064395
-0.057698
-0.018472
0.011505
-0.02804
-0.018791
-0.0063538
0.017564
-0.0012513
-0.012094
-0.065033
-0.04558
0.014694
-0.020386
-0.073644
-0.08353
-0.12595
-0.10458
-0.10553
-0.11319
-0.11893
-0.10235
-0.081298
-0.089589
-0.085443
-0.032504
-0.0041214
0.080709
0.096973
0.069547
0.024899
0.090276
0.13588
0.12695
0.075925
0.041483
0.079433
0.012781
0.017883
0.049774
0.027132
-0.017516
-0.046218
-0.10011
-0.09533
-0.07779
-0.063439
-0.046218
-0.017197
0.044034
0.083898
0.073693
0.084854
0.10686
0.15119
0.15501
0.11388
0.11675
0.14959
0.12536
0.087406
0.049774
0.037337
-0.011775
-0.013051
-0.053552
-0.10809
-0.10649
-0.10298
-0.13902
-0.16804
-0.1859
-0.17538
-0.13232
-0.061525
-0.048131
-0.016559
0.05105
0.055834
0.077838
0.042439
0.063487
0.1059
0.066995
0.080709
0.087406
0.075925
0.075287
0.0092728
0.02458
-0.039839
-0.065671
-0.090546
-0.097881
-0.088952
-0.10777
-0.08353
-0.094692
-0.077471
-0.061206
0.0067215
0.0092728
0.037337
0.052007
0.052963
0.049137
0.054239
0.050412
0.054239
0.022348
0.023624
0.0041702
-0.0089051
0.0095917
-0.05132
-0.067266
-0.048131
-0.078746
-0.10362
-0.12435
-0.12371
-0.12563
-0.073325
-0.005716
-0.0079484
-0.014645
0.01884
0.024899
0.050093
0.055196
0.023624
0.062212
0.09187
0.04818
0.059023
-0.019748
0.013738
0.0095917
-0.0105
-0.076195
-0.11096
-0.12339
-0.12276
-0.14891
-0.12626
-0.11446
-0.081617
-0.018791
0.029045
0.049455
0.088362
0.15725
0.14162
0.12344
0.078476
0.065082
0.10367
0.14832
0.072736
0.064763
0.091233
0.044353
0.011824
-0.034737
-0.070136
-0.067585
-0.12212
-0.096286
-0.063758
-0.078109
-0.095649
-0.082254
-0.08066
-0.041753
0.021072
0.028726
0.097611
0.11993
0.045629
0.03925
0.05392
0.044991
0.047542
0.017246
0.089638
0.061255
0.028726
-0.005716
-0.045261
-0.090546
-0.11191
-0.10171
-0.13392
-0.18112
-0.17346
-0.17091
-0.16039
-0.13328
-0.14349
-0.13743
-0.13328
-0.089908
-0.068222
-0.011456
0.057747
0.064444
0.060936
0.082941
0.097292
0.057109
0.05105
0.028407
0.11419
0.092508
0.054239
0.084536
0.080709
0.01023
0.02458
-0.018472
-0.020386
0.01597
0.026175
2.4388e-05
0.010867
-0.017197
-0.027402
0.0095917
-0.0073105
0.10239
0.082303
0.10239
0.099843
0.037656
-0.002208
-0.017835
-0.053234
-0.10872
-0.058336
0.032553
0.027132
-0.014008
-0.086719
-0.12116
-0.11989
-0.091822
-0.13328
-0.13966
0.0095917
0.05679
0.096016
0.17925
0.10941
0.10335
0.087087
0.069547
0.10239
0.13301
0.1008
-0.0038025
0.050093
0.031596
-0.014645
-0.038245
-0.10107
-0.16868
-0.19802
-0.22066
-0.21301
-0.23278
-0.23055
-0.20854
-0.19579
-0.15082
-0.15433
-0.12052
-0.11255
-0.088314
-0.06886
-0.053552
-0.020705
0.0016189
0.010867
-0.037607
-0.0041214
0.014694
0.05105
-0.0031647
0.0044891
-0.0085862
-0.017516
-0.031229
-0.031229
-0.037288
-0.032504
-0.021661
0.020116
0.01597
0.034467
0.035423
0.029364
0.019797
-0.0038025
0.017883
-0.002208
0.02171
-0.0038025
-0.031229
0.0076782
-0.017835
-0.04558
-0.087038
-0.092778
-0.070774
0.029683
0.01023
0.039569
0.11515
0.15438
0.16586
0.14162
0.08326
0.14321
0.081984
0.13939
0.097611
0.066995
0.097292
0.052963
0.029683
-0.035694
-0.11191
-0.15114
-0.12945
0.055196
0.15725
0.13333
0.036699
0.044353
0.06859
-0.024532
-0.056423
-0.020705
0.030959
0.12599
0.11675
0.04818
-0.053234
-0.12563
-0.18941
-0.23055
-0.21301
-0.19802
-0.2044
-0.18845
-0.18909
-0.1269
-0.071411
-0.041753
-0.091822
-0.047174
-0.013051
-0.038245
-0.025807
-0.051001
-0.016878
0.028726
-0.0050782
-0.028996
-0.06886
-0.091822
-0.055785
-0.073325
-0.11765
-0.14954
-0.16039
-0.16836
-0.11861
-0.12818
-0.14061
-0.12276
-0.12148
-0.10362
-0.082573
-0.028996
-0.0047593
-0.005716
0.032553
0.07752
0.12408
0.11196
0.074012
0.062212
0.089957
0.091552
0.10558
0.14768
0.062212
0.057747
0.010548
-0.00061343
0.048818
-0.0028458
-0.036331
-0.034099
-0.067585
-0.026126
-0.005716
-0.0034836
-0.010181
0.058704
0.10558
0.12918
0.16171
0.29278
0.28258
0.26504
0.32978
0.21656
0.13939
0.10686
0.055515
0.035104
0.14034
0.064763
-0.011775
-0.076195
-0.15114
-0.22672
-0.27137
-0.25797
-0.25734
-0.24299
-0.2516
-0.20567
-0.15401
-0.1218
-0.17187
-0.13519
-0.098519
-0.10362
-0.061525
-0.040796
-0.045899
-0.064077
-0.058336
-0.059612
-0.096286
-0.095968
-0.08353
-0.14954
-0.088952
-0.0982
-0.097881
-0.10394
-0.10107
-0.12626
-0.10841
-0.095649
-0.089908
-0.014645
0.01884
0.004808
0.0057648
-0.0076295
-0.027402
0.0073593
-0.0098618
0.050412
0.020435
0.049137
0.066358
0.044991
0.022029
-0.030272
-0.031867
-0.022299
-0.016878
-0.01911
-0.009224
0.016608
0.022986
0.0013
0.026813
0.032872
0.064444
0.088044
0.10941
0.14577
0.12249
0.037337
0.10399
0.10271
0.13301
0.0044891
0.03925
0.13365
0.045947
0.0073593
-0.044942
-0.063439
-0.0044404
-0.055147
-0.10075
-0.11287
-0.096286
-0.050682
-0.015283
-0.070136
-0.071411
-0.048131
-0.04271
-0.081935
-0.043028
-0.040477
0.015651
0.023943
0.035742
0.036061
-0.011775
-0.046536
0.023305
0.046585
0.035423
-0.0069916
-0.031229
-0.069498
-0.026764
0.021391
-0.023575
-0.051958
-0.043028
0.0019378
0.015013
-0.038564
-0.009224
-0.012413
-0.020067
-0.022618
-0.055147
-0.040158
-0.035694
-0.069179
0.0067215
-0.046536
-0.064714
-0.046536
-0.033142
-0.048769
-0.02198
-0.0063538
0.050412
0.012781
-0.0073105
-0.03952
-0.014008
0.03925
0.016289
0.043077
0.0060837
-0.005716
-0.016559
-0.023256
-0.028996
-0.06025
-0.065033
-0.072049
-0.065033
-0.068222
-0.10553
-0.060569
-0.032823
-0.0076295
0.03638
0.050731
0.023305
-0.0053971
0.1193
0.12025
0.079114
0.096335
0.11451
0.13875
0.10271
0.037337
0.044991
0.044991
0.090595
0.087725
0.019797
2.4388e-05
-0.041115
-0.10745
-0.14125
-0.11446
-0.12658
-0.091503
-0.068541
-0.086081
-0.096605
-0.11096
-0.066628
-0.065033
-0.072687
-0.065352
-0.06312
-0.047174
0.017564
0.0044891
0.017564
0.016927
0.054239
0.082941
0.044991
0.0019378
0.028726
0.032234
0.0060837
0.0131
0.034467
0.026175
0.019797
-0.00029452
-0.089908
-0.087676
-0.058336
-0.099157
-0.093735
-0.044304
-0.025807
-0.020705
-0.0082673
-0.00061343
0.022986
0.094741
0.012462
0.0076782
0.012462
0.098886
0.08039
-0.0069916
0.010867
0.043715
0.026175
0.0016189
-0.056104
-0.074282
-0.11
-0.10904
-0.10394
-0.11478
-0.11255
-0.13328
-0.15273
-0.1218
-0.10139
-0.095649
-0.0982
-0.056423
-0.036012
-0.035056
-0.0079484
0.037337
0.062531
0.076882
0.05105
0.086768
0.10335
0.12631
0.10654
0.14577
0.14832
0.18085
0.10941
0.033829
0.049774
-0.00029452
0.047223
-0.04558
-0.059293
-0.0095429
-0.050682
-0.070455
-0.079065
-0.074919
-0.10745
-0.058655
-0.023256
-0.047812
-0.015921
-0.0079484
-0.015921
-0.043028
-0.035056
0.026175
0.0028946
-0.038564
0.028726
0.02458
-0.030591
-0.040477
-0.0085862
-0.02198
-0.058336
-0.042072
-0.023894
-0.00093234
0.073374
-0.0060349
-0.0089051
0.044034
0.090276
0.062531
0.0099106
0.08039
0.1346
0.072417
0.059342
0.16554
0.086768
0.030321
0.046585
-0.015921
0.02777
0.013738
-0.078746
-0.08066
-0.054509
-0.015602
-0.087995
-0.11542
-0.13679
-0.14986
-0.12913
-0.11797
-0.13615
-0.14349
-0.092778
-0.095011
-0.089908
-0.079065
-0.0864
-0.07173
-0.030591
-0.038245
-0.017516
0.010548
0.023943
0.0079971
0.00098112
0.028726
-0.019429
0.014375
0.010548
0.010867
0.015013
-0.014964
-0.015283
-0.01337
-0.031867
-0.028996
-0.0095429
-0.011137
0.041164
0.021072
0.013419
0.044034
0.10112
0.11547
0.053601
0.03925
0.11802
0.12918
0.075925
0.0054459
0.048818
0.03064
0.069547
0.085173
0.046585
0.032234
-0.012413
-0.026126
-0.0031647
0.0064026
0.042439
0.026175
0.0131
0.02458
0.037337
0.044034
0.046585
0.046266
0.00066221
-0.050682
0.0016189
0.037018
0.010548
-0.034737
-0.033461
-0.0031647
0.0054459
-0.022299
-0.016878
-0.011456
0.076244
0.074649
0.039569
0.032234
0.041164
0.04818
0.082941
0.066995
0.10654
0.091552
0.047223
0.028407
-0.032823
-0.060887
-0.011456
-0.0073105
-0.050682
-0.083849
-0.11478
-0.12403
-0.11893
-0.11893
-0.11702
-0.11733
-0.099794
-0.095968
-0.077471
-0.059293
-0.047493
0.0019378
-0.0015702
0.043077
0.047861
0.05679
0.055196
0.05392
0.059661
0.04818
0.057109
0.039888
0.021072
0.057428
0.03925
0.0013
-0.039839
-0.050682
-0.041753
-0.050682
-0.056742
-0.045899
-0.041753
-0.034737
-0.024213
-0.023256
-0.024851
-0.0063538
0.0019378
0.028088
0.033829
0.034467
0.046904
0.076563
0.074012
0.042439
0.023305
0.060617
0.058066
0.068909
0.061574
0.079752
0.060617
0.03638
0.020116
0.00098112
0.018202
0.033829
0.039569
0.042439
0.055834
0.070185
0.023624
0.01023
-0.0073105
-0.014008
0.046585
0.033829
0.050093
0.049137
0.026494
0.016608
0.07752
0.037337
0.04531
0.060298
0.022029
0.1059
0.08039
0.021391
0.0016189
0.03064
0.045947
0.025856
-0.018791
-0.052277
-0.01337
-0.034418
-0.045261
-0.076514
-0.087676
-0.062163
-0.085125
-0.078109
-0.046536
-0.044942
-0.022299
-0.026126
-0.016878
-0.0063538
-0.012732
0.0038513
-0.027721
0.051369
0.015013
0.079114
0.023624
0.047223
0.0073593
-0.019748
-0.043028
-0.019429
-0.00093234
-0.011137
-0.032504
-0.04271
-0.011775
-0.017835
-0.030591
-0.044304
-0.019429
0.034148
0.032553
0.0028946
0.07433
0.14704
0.16586
0.15438
0.11388
0.13205
0.1413
0.086449
0.066677
0.015332
0.069866
0.057747
0.020116
0.014694
-0.022618
-0.046855
-0.086081
-0.11159
-0.12244
-0.12116
-0.10107
-0.10713
-0.099476
-0.083211
-0.078746
-0.071093
-0.055466
-0.043985
-0.034737
0.013738
0.022667
0.03638
0.012781
-0.00061343
0.022348
0.056153
0.070503
0.05105
0.079433
0.068909
0.073374
0.08613
0.094741
0.046904
0.068271
0.026175
0.079433
0.076244
0.056471
0.0019378
0.014375
0.033829
0.044034
0.030959
0.011824
-0.014327
-0.02198
-0.018153
-0.020067
-0.015921
-0.0044404
-0.0073105
0.023305
0.070185
0.053601
0.067952
0.079752
0.070185
0.081028
0.099524
0.041802
0.041802
0.078157
0.083579
0.058704
0.050093
0.027132
0.028407
0.022348
0.017883
0.0089539
0.014694
0.011505
0.016608
-0.012732
-0.014327
0.032234
0.074968
0.069228
0.037656
0.040845
0.014056
2.4388e-05
0.018202
0.053282
0.03925
0.04818
0.036699
0.01597
0.0092728
-0.0031647
0.0076782
0.034786
0.029683
0.038294
-0.015602
-0.014327
-0.00029452
0.0064026
-0.014327
-0.028359
-0.054509
-0.026764
-0.0050782
0.0028946
0.0076782
0.023305
0.013738
-0.0089051
-0.0034836
0.02777
0.045947
0.064763
0.042758
0.040207
0.052007
0.057747
0.03925
0.03925
0.029364
0.014056
0.044991
0.03925
0.014056
-0.047812
0.019478
0.037656
0.013419
0.0016189
0.030002
0.037656
0.027451
0.01597
0.037018
0.054558
0.030959
0.038294
0.0099106
0.0038513
-0.0031647
0.074012
0.046904
0.0032135
0.0051269
-0.0089051
-0.017835
0.010867
0.026175
0.020435
0.02777
0.026494
0.026175
0.032234
0.017246
0.017246
0.054239
0.053601
0.063487
0.056471
0.040526
0.038612
0.035742
0.018202
0.031596
0.035423
0.028407
0.010548
0.021072
0.0079971
0.015332
-0.012732
0.0131
0.026813
0.026813
0.058704
0.066039
0.031915
0.034148
0.058066
0.013738
0.040845
0.047223
-0.002208
0.040845
0.12408
0.079752
0.092189
0.090595
0.078476
0.075925
0.07752
0.040207
0.059661
0.092189
0.026494
0.048499
0.043396
0.037018
0.021391
0.0095917
-0.010819
-0.056423
-0.06025
-0.053234
-0.041753
-0.06599
-0.047174
-0.02804
-0.026445
-0.016878
-0.0041214
-0.031548
-0.055466
-0.0050782
0.041164
0.018521
0.0028946
0.015651
0.00066221
0.025856
0.02458
0.026813
0.008635
0.0025757
0.02171
0.019797
0.026494
0.032234
0.023943
0.0092728
0.0067215
0.020435
0.021072
0.0060837
0.0022568
0.004808
0.017564
0.015013
-0.0073105
0.0076782
0.016289
0.011824
0.0025757
0.026813
-0.0060349
0.010867
0.023943
0.031915
0.02777
0.026494
0.026813
0.027132
0.030002
0.032234
0.055196
0.044991
0.059661
0.06285
0.061574
0.068271
0.089638
0.10303
0.093146
0.10016
0.1008
0.10271
0.11579
0.12759
0.11005
0.11834
0.07752
0.13142
0.10622
0.060617
0.10335
0.044672
0.03064
0.050412
0.083898
0.079433
0.035104
0.0003433
0.011824
0.0003433
-0.0044404
-0.041434
0.026813
0.035104
0.0057648
-0.034737
-0.0041214
-0.014008
-0.023894
-0.023575
-0.02198
-0.020067
-0.050363
-0.036331
-0.014645
-0.017197
-0.023256
-0.049088
-0.075876
-0.032504
-0.020067
-0.050363
-0.043028
-0.043028
-0.05132
-0.018153
-0.021024
-0.046536
-0.054828
-0.041115
-0.023575
-0.0098618
0.0028946
-0.011775
-0.016878
0.033191
0.048499
0.056153
0.059342
0.059979
0.050412
0.047861
0.068271
0.064125
0.055834
0.033829
0.044672
0.044991
0.047223
0.030959
0.0013
-0.010819
-0.0044404
2.4388e-05
0.0067215
0.049137
0.079433
0.11643
0.18691
0.18276
0.13365
0.1295
0.14704
0.1177
0.11706
0.12982
0.1244
0.072098
0.11993
0.10271
0.052007
-0.0015702
-0.034099
-0.048131
-0.059293
-0.013689
-0.017516
-0.029634
-0.0047593
0.0089539
-0.00029452
0.010867
0.044034
0.04531
-0.022299
-0.018472
2.4388e-05
-0.0015702
-0.0050782
-0.022618
-0.031548
-0.021024
-0.049726
-0.079384
-0.081298
-0.077152
-0.099476
-0.085443
-0.065352
-0.052596
-0.079703
-0.086719
-0.067266
-0.053234
-0.059293
-0.068222
-0.051001
-0.046855
-0.035375
-0.030272
-0.023256
-0.033142
-0.043028
-0.019748
-0.016559
-0.024532
-0.00061343
-0.01911
0.0038513
0.0060837
0.013738
0.0035324
0.0057648
0.017564
0.020116
0.038931
0.036699
0.028726
0.056471
0.088362
0.083898
0.085173
0.11802
0.1059
0.092189
0.09506
0.11834
0.15948
0.10782
0.072098
0.096335
0.092827
0.10208
0.096654
0.072417
0.048818
0.043715
0.041483
0.0076782
-0.0079484
-0.009224
0.010548
0.042121
0.037975
0.020116
0.032553
0.025218
0.010548
-0.017835
0.035104
0.011824
-0.02198
0.0003433
0.044034
0.020116
0.022348
0.032872
0.0079971
0.021072
0.029683
0.024262
0.036699
0.03638
0.017564
0.00066221
0.043396
0.045629
0.049137
0.0041702
-0.0085862
-0.025488
-0.036012
-0.02804
-0.047812
-0.056423
-0.046536
-0.04271
-0.052915
-0.044304
-0.041434
-0.049407
-0.035694
-0.017835
-0.033461
-0.036331
-0.02517
-0.014645
-0.0063538
-0.026764
-0.018153
-0.017835
-0.0066727
-0.005716
2.4388e-05
-0.0031647
0.011824
0.033829
0.041164
0.037656
0.043077
0.021072
0.018521
0.035104
0.032553
0.044353
0.064763
0.035742
0.022348
0.075606
0.11005
0.077838
0.07146
0.064125
0.066677
0.074649
0.061893
0.059023
0.043715
0.052963
0.045947
0.036699
-0.0044404
0.016289
0.039888
0.02458
0.047223
0.042758
0.035104
0.027451
0.046904
0.067314
0.07433
0.11164
0.096973
0.077201
0.087406
0.12504
0.094103
0.06572
0.050093
0.044034
0.039569
0.0095917
0.0028946
-0.044623
-0.020386
0.010867
0.032553
0.0028946
-0.0066727
-0.013689
-0.030272
-0.031548
-0.06599
-0.052277
-0.041434
-0.043028
-0.04558
-0.035375
-0.044942
-0.053234
-0.068222
-0.079065
-0.085125
-0.076195
-0.040158
-0.049088
-0.046218
-0.061206
-0.049088
-0.037288
-0.045261
-0.033142
-0.024851
-0.02198
-0.025807
-0.0034836
-0.019429
-0.0069916
-0.021343
-0.01911
0.00066221
0.02458
0.030321
0.020754
0.032553
0.075606
0.075287
0.075925
0.077201
0.046585
0.092189
0.11292
0.074649
0.067314
0.11738
0.075925
0.079114
0.099205
0.059342
0.054239
0.052326
0.046266
0.02171
0.042121
0.046266
0.027451
-0.0050782
0.0019378
0.01884
0.023305
0.012462
0.042758
0.031596
0.029045
0.046904
0.010548
0.045629
0.040207
0.058066
0.059661
0.07752
0.057747
0.053601
0.055834
0.049137
0.06285
0.020435
0.038294
0.029683
0.024899
-0.0015702
-0.0066727
-0.066628
-0.094054
-0.057698
-0.051001
-0.078746
-0.075557
-0.10362
-0.11191
-0.098519
-0.10235
-0.094692
-0.09533
-0.084487
-0.081935
-0.075557
-0.055785
-0.053871
-0.051958
-0.058017
-0.03952
-0.020067
-0.029315
-0.03952
-0.051958
-0.049088
-0.026764
-0.032504
-0.036012
-0.023894
-0.0085862
-0.005716
-0.026445
-0.017835
-0.02517
-0.009224
0.012462
0.038931
0.055834
0.083579
0.1531
0.13237
0.13173
0.13524
0.15597
0.14832
0.17415
0.17798
0.1885
0.19233
0.17511
0.11164
0.09506
0.085492
0.10208
0.09793
0.07146
0.052007
0.012781
0.015651
0.0025757
-0.0034836
-0.039202
-0.020705
-0.0015702
-0.040158
-0.056742
-0.053234
-0.072368
-0.081617
-0.094054
-0.10745
-0.11606
-0.11638
-0.12977
-0.1521
-0.1285
-0.11925
-0.11128
-0.10681
-0.11032
-0.10011
-0.079703
-0.067585
-0.10585
-0.11733
-0.088952
-0.059931
-0.044304
-0.061525
-0.037288
-0.030591
-0.020067
-0.0082673
-0.01337
-0.0079484
0.020435
0.031278
0.051688
0.073693
0.07146
0.058066
0.039888
0.038612
0.030959
0.056153
0.032234
0.014375
-0.017197
0.0092728
0.041483
0.029045
0.022986
0.0095917
0.022029
0.0079971
0.025218
0.028407
0.022348
0.017564
0.0028946
0.035742
0.035104
0.045629
0.061893
0.024899
0.012781
0.025537
0.011824
0.004808
-0.0044404
2.4388e-05
0.016927
0.04818
0.023624
-0.019429
-0.068541
-0.037607
-0.020705
-0.021343
-0.01337
-0.026126
-0.0066727
-0.051001
-0.046855
-0.031229
-0.026126
-0.0098618
-0.012094
-0.037288
0.029045
0.01884
-0.036969
-0.025488
-0.0041214
-0.010181
-0.028678
-0.061206
-0.037926
-0.040796
-0.05132
-0.058017
-0.061206
-0.059931
-0.041753
-0.060887
-0.076514
-0.071093
-0.08066
-0.085443
-0.092141
-0.093097
-0.0982
-0.091184
-0.10522
-0.11446
-0.099476
-0.074601
-0.054509
-0.053234
-0.066947
-0.046855
-0.027721
0.008316
-0.0025269
0.011186
0.01023
0.0095917
0.046585
0.069228
0.075606
0.047223
0.082941
0.052007
0.096654
0.069547
0.055515
0.064763
0.064125
0.052007
0.071779
0.059342
0.049137
0.067952
0.049774
0.012781
0.015013
0.0003433
-0.020705
-0.040477
-0.03952
-0.032186
-0.023894
-0.041115
-0.041753
-0.075238
-0.063439
-0.069498
-0.055785
-0.090865
-0.083211
-0.075876
-0.079065
-0.09246
-0.10203
-0.10522
-0.10107
-0.071093
-0.055785
-0.095011
-0.087357
-0.070136
-0.070136
-0.034418
-0.029634
-0.049726
-0.053234
-0.04558
-0.024213
-0.0031647
-0.0012513
-0.014964
0.023305
0.023305
0.0076782
0.0067215
0.015332
0.029364
0.038612
0.051688
0.046585
0.028407
0.022986
0.02171
0.035104
0.056153
0.059023
0.054558
0.048499
0.081346
0.066995
0.074649
0.082303
0.077201
0.072098
0.096335
0.11547
0.087725
0.098249
0.10208
0.08613
0.096654
0.099524
0.10909
0.01597
0.0035324
2.4388e-05
-0.014008
0.0003433
-0.024213
-0.086719
-0.073644
-0.096605
-0.090227
-0.10235
-0.12116
-0.1151
-0.099476
-0.053871
-0.045261
-0.065033
-0.078427
-0.050682
-0.016559
-0.0034836
0.030321
0.052645
0.063487
0.044672
0.034786
0.02171
0.011824
-0.015921
-0.010181
-0.029953
-0.034099
-0.043347
-0.055466
-0.067266
-0.062801
-0.058017
-0.069179
-0.067266
-0.053552
-0.035694
-0.032186
-0.019748
-0.030272
-0.025488
-0.032504
0.017564
0.017883
0.00098112
-0.0050782
-0.0063538
0.0003433
-0.0063538
-0.005716
-0.005716
0.010867
0.0022568
-0.0034836
0.00098112
0.021391
0.017883
0.026494
0.037656
0.030002
0.029683
0.052007
0.055834
0.05105
0.088681
0.09793
0.1126
0.086449
0.085173
0.1008
0.077838
0.095697
0.10144
0.10495
0.089
0.10909
0.1059
0.12376
0.082303
0.0054459
0.020116
0.020435
0.044353
0.06285
0.038612
-0.0018891
0.012143
0.028088
0.046266
-0.016559
-0.013051
-0.030272
-0.043028
-0.03378
-0.02804
-0.019748
-0.00029452
0.014694
-0.0050782
-0.039202
-0.043985
-0.04845
-0.014008
-0.046218
-0.060569
-0.028996
-0.032823
-0.055466
-0.038883
-0.069817
-0.084806
-0.06599
-0.060569
-0.067903
-0.046218
-0.052915
-0.044304
-0.028996
-0.032823
-0.032186
0.0022568
0.012143
0.032553
0.029364
0.024899
0.045947
0.045629
0.035104
0.035423
0.035104
0.038294
0.013738
0.038294
0.043077
0.026175
0.0060837
0.0016189
0.0070404
0.0092728
0.013738
0.0060837
-0.005716
-0.014645
0.013419
0.0060837
0.012462
0.050093
0.036699
0.039888
0.062531
0.03064
0.052963
0.048818
0.03351
0.015013
0.054239
0.066358
0.040845
-0.0095429
-0.045899
-0.0044404
0.017246
0.0013
-0.059612
-0.054828
-0.028359
0.046266
-0.00061343
0.0025757
0.02458
-0.0047593
0.015651
0.056153
0.052645
0.016608
0.026494
0.026813
0.014694
0.011824
-0.029315
-0.032823
0.01884
0.016608
-0.023575
-0.027721
-0.038245
-0.024851
-0.035056
-0.01337
0.0067215
-0.015283
-0.019748
-0.021024
-0.00093234
-0.00061343
0.0079971
-0.0041214
-0.011137
-0.018153
0.008635
0.029683
0.024899
0.01884
0.027451
0.016608
0.020435
0.022029
0.0092728
0.035104
0.040845
0.020116
0.0092728
-0.0089051
-0.020067
-0.0060349
-0.0031647
-0.017197
-0.016878
-0.026445
-0.025488
-0.00061343
0.012462
0.0013
-0.0063538
0.027451
0.037656
0.048818
0.042121
0.036699
0.037975
0.030321
0.052326
0.077201
0.052007
0.025856
0.053282
0.03638
0.021072
0.034148
0.0041702
-0.0015702
-0.0044404
0.0070404
-0.0044404
0.0016189
-0.0018891
-0.069179
-0.026126
0.035104
0.0099106
-0.0095429
0.008635
0.0032135
0.01023
0.022029
0.016608
0.0099106
0.023624
0.034148
0.035423
0.045629
0.03064
0.011186
0.0076782
0.01597
0.00098112
0.0028946
0.0054459
0.0099106
0.00098112
-0.015921
0.013419
-0.01337
-0.03378
-0.031867
-0.036969
-0.032186
-0.033461
-0.035694
-0.043985
-0.052596
-0.046536
-0.052596
-0.054828
-0.044304
-0.052915
-0.050682
-0.047174
-0.034737
-0.049726
-0.056742
-0.015283
-0.0031647
-0.017516
-0.022618
-0.022937
-0.017516
0.013738
0.016608
0.019478
0.015651
0.015332
0.011824
0.008635
0.021391
0.043077
0.028726
0.016289
0.023624
0.025856
0.026494
0.031596
0.022667
0.0079971
0.030321
0.053601
0.047542
0.039888
0.029683
0.054239
0.047861
0.048499
0.048818
0.043077
0.037337
0.041802
0.016608
0.0057648
0.0038513
0.017564
0.0095917
0.017564
0.030959
0.042758
0.046266
0.06285
0.057428
0.048499
0.063806
0.055834
0.051688
0.03638
0.02777
0.020435
0.0067215
0.0032135
-0.031229
-0.051001
-0.048769
-0.074919
-0.13264
-0.13328
-0.11446
-0.13073
-0.14954
-0.16358
-0.16262
-0.11702
-0.093735
-0.082573
-0.088314
-0.078746
-0.074601
-0.067266
-0.0085862
0.011186
0.0051269
-0.00061343
0.00066221
0.00066221
0.042121
0.04531
0.040207
0.029364
0.0060837
-0.0028458
0.0099106
-0.0050782
-0.02517
-0.036969
-0.032504
-0.025807
-0.014008
-0.020386
-0.027721
-0.017197
-0.00029452
-0.0028458
0.0131
-0.0063538
-0.0044404
0.008635
0.014375
0.015013
0.018202
0.011186
-0.014645
-0.00029452
0.0092728
0.022348
0.016927
0.0060837
0.0051269
0.011824
0.016289
0.0073593
0.0079971
0.012462
0.010548
0.016289
0.032234
0.017883
0.0022568
0.0016189
0.016608
0.012143
0.010867
0.014056
0.014694
-0.0034836
-0.0034836
0.0095917
0.016608
0.012462
-0.0034836
-0.010181
-0.0073105
-0.013051
-0.025488
-0.032823
-0.012094
-0.013689
-0.01337
-0.009224
0.0041702
-0.009224
-0.012413
-0.0105
-0.0085862
-0.03378
-0.022299
-0.0050782
0.00066221
-0.0089051
-0.014008
-0.020067
-0.022618
0.0025757
0.004808
-0.0095429
-0.0095429
-0.0018891
0.0013
0.0041702
0.011186
-0.0063538
-0.01337
0.0013
0.0070404
-0.0098618
-0.026126
-0.026126
-0.017835
-0.032823
-0.028678
-0.028678
-0.04271
-0.046855
-0.046536
-0.040477
-0.052596
-0.034418
-0.044623
-0.04271
-0.03665
-0.053234
-0.065033
-0.057698
-0.019429
-0.027721
-0.016559
-0.032823
-0.029634
-0.022937
-0.017197
-0.0073105
-0.005716
-0.0028458
0.0076782
-0.002208
-0.0041214
0.008316
-0.0063538
-0.0095429
-0.019429
-0.021343
-0.027721
-0.012094
-0.01337
-0.020386
-0.012413
0.0035324
-0.0031647
-0.0025269
0.0092728
0.0025757
0.008635
0.016289
0.055515
0.052326
0.040845
0.02777
0.01023
0.02171
0.038931
0.048499
0.025856
0.018521
0.012462
-0.0012513
-0.0066727
0.017883
0.0041702
-0.019429
-0.021661
-0.028996
-0.02804
-0.031548
-0.050682
-0.052277
-0.037926
-0.032504
-0.030272
-0.036331
-0.027721
-0.023256
-0.026445
-0.012094
0.0019378
-0.010181
-0.023894
-0.009224
-0.005716
-0.0063538
-0.010181
-0.023575
-0.01624
0.031278
0.02171
-0.0053971
-0.00029452
-0.0031647
-0.0089051
0.018202
0.023624
0.0089539
0.0092728
0.0060837
0.012462
0.023943
0.014375
0.0067215
-0.0028458
-0.014327
-0.015921
0.0038513
-0.00061343
-0.017197
-0.023575
-0.019429
-0.012413
-0.013689
-0.032823
-0.038564
-0.044304
-0.045261
-0.041434
-0.047493
-0.047174
-0.053234
-0.046218
-0.047812
-0.027402
-0.028678
-0.029315
-0.014964
-0.015602
0.0028946
0.013419
0.0089539
-0.0012513
0.020116
0.024899
0.021391
0.0067215
0.010867
0.0025757
2.4388e-05
0.0022568
0.0076782
0.0054459
0.020435
0.021072
0.010867
0.049455
0.024262
0.021072
0.024262
0.023305
0.040207
0.038612
0.04531
0.0099106
0.0032135
0.039569
0.069547
0.042121
0.022667
0.016608
0.015332
0.018521
0.021391
0.014056
0.0060837
0.01023
0.0019378
-0.0025269
-0.0050782
-0.014645
-0.032186
-0.027721
-0.024213
-0.023256
-0.040158
-0.04271
-0.037607
-0.043347
-0.033461
-0.017516
-0.029953
-0.04845
-0.044942
-0.037607
-0.03091
-0.032823
-0.041115
-0.061206
-0.043347
-0.03091
-0.036969
-0.034418
-0.03378
-0.02804
-0.017197
2.4388e-05
0.0016189
-0.00061343
0.0076782
0.0067215
0.018521
0.015651
0.0035324
0.011824
0.022029
0.018202
0.020435
0.008635
0.0064026
0.0073593
-0.0038025
-0.002208
0.0076782
-0.0085862
-0.014008
-0.014327
-0.01337
-0.0047593
0.0038513
0.0019378
-0.005716
0.01597
0.018521
0.027451
0.028726
0.019797
0.0131
0.01884
0.029364
0.021391
0.020116
0.008635
0.0079971
0.017564
0.020754
0.011505
0.010867
0.017246
0.0070404
-0.00093234
0.019478
0.022667
0.035742
0.043077
0.047223
0.05679
0.043715
0.046585
0.034467
0.014056
0.0092728
0.0131
0.0038513
-0.012094
-0.014645
-0.014327
-0.025807
-0.034099
-0.041115
-0.048131
-0.050044
-0.04845
-0.034418
-0.056423
-0.061525
-0.057698
-0.058336
-0.057698
-0.05132
-0.050682
-0.056104
-0.037607
-0.038245
-0.030591
-0.02517
-0.032186
-0.037288
-0.031229
-0.0050782
-0.0031647
-0.010819
-0.017197
-0.019748
-0.018153
-0.01624
-0.019748
-0.02198
-0.027083
-0.017516
-0.010819
-0.011775
-0.005716
-0.0066727
-0.014964
-0.0053971
0.022986
0.008316
0.01597
0.012143
0.015332
0.01884
0.020116
0.020116
0.0089539
0.016608
0.020116
0.022986
0.026175
0.021072
0.01884
0.019159
0.022348
0.033829
0.020435
0.014375
0.023943
0.019797
0.018202
0.015332
0.008635
-0.00093234
0.0035324
0.01023
0.017564
0.0067215
-0.0018891
-0.00061343
0.00098112
0.012462
0.0051269
0.0089539
0.011505
0.0092728
0.010548
0.0013
-0.0098618
-0.011137
-0.010181
0.0044891
0.022667
0.0089539
-0.0050782
-0.0073105
0.0054459
-0.00029452
0.020754
0.0044891
0.004808
0.010867
0.008316
-0.0047593
-0.0041214
-0.014645
-0.019429
-0.0050782
-0.010819
-0.010819
-0.021343
-0.031867
-0.038564
-0.031548
-0.026445
-0.022299
-0.026445
-0.03952
-0.034418
-0.030272
-0.03091
-0.024851
-0.028678
-0.039839
-0.022299
-0.01337
-0.01624
-0.018472
-0.02198
-0.013689
-0.013051
-0.0063538
-0.010181
-0.015921
-0.018791
-0.016559
-0.013051
-0.01624
-0.017516
-0.026445
-0.015602
-0.0098618
-0.011456
-0.018791
-0.015283
-0.011775
-0.012094
-0.0073105
0.0060837
-0.0031647
-0.0050782
-0.0034836
0.01023
0.0035324
-0.0060349
-0.002208
-0.0031647
0.0070404
0.0028946
0.0131
0.013738
0.014694
0.015013
0.012143
0.023305
0.029683
0.022348
0.013419
0.025856
0.018521
0.022986
0.016608
0.01597
0.0067215
0.015651
0.024899
0.016608
0.012143
0.012781
0.011824
0.015013
0.022986
0.008635
0.0060837
-0.0041214
-0.0015702
0.00098112
-0.0031647
0.0028946
-0.012413
-0.021343
-0.010181
-0.0031647
-0.011775
-0.0063538
-0.0069916
-0.010181
-0.005716
0.0089539
-0.0076295
-0.0095429
2.4388e-05
-0.0018891
-0.002208
-0.0069916
-0.010181
-0.021343
-0.010819
-0.011456
-0.0105
-0.01337
-0.012413
-0.012413
-0.009224
-0.0028458
-0.0060349
-0.013051
-0.017516
-0.01337
-0.0095429
-0.0089051
-0.010181
-0.012413
-0.024213
-0.0079484
-0.0025269
-0.0047593
-0.0034836
-0.0073105
-0.0044404
0.0041702
0.017246
-0.00061343
0.00098112
0.0019378
0.0044891
0.0022568
-0.0038025
-0.0053971
-0.009224
-0.0034836
-0.0050782
-0.0034836
-0.005716
-0.0063538
-0.0060349
-0.0076295
-0.0031647
0.010548
-0.0015702
-0.0085862
-0.0044404
-0.0038025
0.0044891
0.0028946
0.00098112
-0.0105
-0.002208
0.0064026
0.012781
0.011186
0.015651
0.01597
0.0089539
0.029683
0.027451
0.028407
0.025856
0.023943
0.023305
0.022029
0.012781
0.010867
0.0028946
0.015651
0.0131
0.0079971
0.01597
0.024262
0.0044891
0.0022568
0.01597
0.0076782
0.011505
0.01023
0.0099106
0.012143
0.0067215
0.0028946
-0.0034836
0.011505
0.0092728
0.0022568
-0.0044404
0.0028946
0.0073593
0.011186
0.012462
0.022348
0.0079971
-0.0025269
-0.00029452
0.0079971
0.0092728
0.0019378
0.0035324
-0.014008
-0.0063538
-0.0095429
-0.0095429
-0.024851
-0.029634
-0.017516
-0.022299
-0.017516
-0.025807
-0.029953
-0.035056
-0.031229
-0.031548
-0.031229
-0.030591
-0.035375
-0.040477
-0.026764
-0.018472
-0.020067
-0.020067
-0.017516
-0.018153
-0.014008
0.0038513
-0.0082673
-0.010819
-0.0073105
-0.0028458
-0.0028458
-0.0038025
-0.0038025
-0.012094
-0.002208
0.0013
0.0051269
-0.002208
-0.00093234
0.0022568
0.0022568
0.0076782
0.018521
0.01023
0.0019378
0.0035324
0.0060837
0.0079971
0.0060837
0.0022568
-0.011456
0.0054459
0.0095917
0.0073593
0.0032135
0.0028946
0.0032135
0.0044891
0.01597
0.0070404
0.0054459
0.0019378
0.0070404
0.0044891
0.0041702
0.0028946
-0.0012513
-0.0085862
0.00098112
0.011505
0.0060837
0.0038513
0.0054459
0.0044891
0.004808
0.020754
0.0092728
0.0060837
0.0038513
0.0019378
0.0041702
0.0032135
0.0044891
-0.0089051
0.0064026
0.0051269
0.01023
0.0051269
0.0070404
0.0089539
0.0131
0.018521
0.02458
0.017246
0.0131
0.013419
0.013738
0.013419
0.012143
0.0013
-0.01337
0.0022568
0.0041702
-0.0028458
-0.0076295
-0.0098618
-0.0060349
-0.0079484
0.0013
-0.0060349
-0.0095429
-0.011775
-0.0095429
-0.0028458
2.4388e-05
-0.0038025
-0.014645
-0.013689
-0.0050782
-0.0034836
-0.0034836
-0.010181
-0.014964
-0.013689
-0.009224
0.0038513
-0.0085862
-0.016559
-0.015283
-0.0098618
-0.0079484
-0.00029452
-0.0015702
-0.012094
-0.0053971
-0.0012513
0.0019378
0.008635
0.0064026
0.013419
0.014375
0.022667
0.021072
0.010548
0.0013
0.0064026
0.01023
0.0070404
0.008316
0.0022568
-0.0069916
0.0067215
0.0131
0.011505
0.01023
0.011186
0.012143
0.0131
0.019159
0.0067215
2.4388e-05
0.0013
0.012143
0.008635
0.0079971
0.0076782
-0.0038025
0.0003433
0.013738
0.020754
0.019159
0.019159
0.02458
0.023305
0.029683
0.03638
0.021072
0.015013
0.015332
0.0131
0.0131
0.0060837
-0.010181
-0.024213
-0.011775
-0.016878
-0.016559
-0.023575
-0.026126
-0.020067
-0.018791
-0.010181
-0.0082673
-0.014008
-0.017835
-0.014645
-0.011775
-0.0050782
-0.0053971
-0.015602
-0.025807
-0.011456
-0.0034836
-0.0031647
-0.0098618
-0.0073105
-0.0031647
0.0025757
0.022029
0.010867
0.0089539
0.012143
0.014694
0.019478
0.026175
0.021391
0.013738
0.019159
0.023624
0.027132
0.018202
0.0099106
0.018202
0.010548
0.0079971
0.020754
0.0095917
-0.0034836
-0.0031647
-0.0041214
-0.0073105
-0.0060349
-0.011137
-0.023575
-0.0098618
-0.0066727
0.00066221
-0.0012513
-0.0079484
-0.016878
-0.017516
0.0003433
0.0013
0.0022568
0.00098112
0.0016189
-0.00093234
0.0013
0.0079971
0.0019378
-0.009224
0.0032135
0.014056
0.0095917
0.0060837
0.013738
0.0060837
0.013419
0.028726
0.0035324
0.004808
0.0076782
0.008635
0.010867
0.0089539
0.0067215
-0.00061343
0.0092728
0.011186
0.011824
0.010548
0.014694
0.020754
0.015651
0.018202
0.029683
0.019797
0.010867
0.015332
0.011505
0.011186
0.017883
0.017246
-0.0050782
0.0092728
0.015013
0.01597
0.008635
0.0079971
0.013419
0.015013
0.026494
0.0131
0.0073593
0.008316
0.0038513
-0.0038025
-0.0063538
-0.011456
-0.013689
-0.022937
-0.010181
-0.0079484
-0.017197
-0.021343
-0.01624
-0.026764
-0.027083
-0.0095429
-0.018791
-0.023256
-0.023256
-0.026764
-0.028678
-0.023575
-0.025488
-0.042391
-0.028678
-0.023575
-0.019429
-0.025488
-0.023575
-0.014964
-0.011456
-0.0063538
0.004808
-0.0041214
-0.011775
0.0028946
-0.013051
-0.020705
-0.010181
-0.014964
-0.026764
-0.014964
-0.014008
-0.013689
-0.01911
-0.014964
-0.010181
-0.012413
-0.011137
-0.01624
-0.010181
-0.0069916
-0.005716
-0.0031647
-0.002208
0.0016189
-0.010181
-0.020386
-0.0082673
0.0003433
-0.0050782
-0.0069916
-0.0031647
-0.0044404
0.00098112
0.028407
0.012143
0.0099106
0.016927
0.020116
0.013419
0.016927
0.028088
0.015651
0.022986
0.023624
0.026813
0.030002
0.02458
0.023624
0.016608
0.022348
0.021391
0.015332
-0.002208
-0.00061343
0.0013
0.00098112
-0.0069916
-0.015283
-0.036969
-0.021024
-0.016878
-0.019429
-0.020705
-0.022299
-0.01911
-0.021024
-0.011137
-0.014964
-0.010181
-0.0063538
0.0019378
0.00098112
0.0019378
0.0041702
-0.002208
-0.0076295
0.015651
0.028407
0.016289
0.016927
0.020435
0.017246
0.01597
0.031278
0.017246
0.0070404
0.0041702
0.0019378
-0.0025269
2.4388e-05
-0.0047593
-0.021024
-0.013689
-0.019429
-0.021024
-0.020067
-0.023894
-0.023575
-0.021661
-0.014645
-0.014327
-0.018791
-0.026764
-0.021661
-0.021343
-0.021024
-0.016559
-0.023256
-0.038245
-0.017516
-0.014645
-0.019429
-0.019429
-0.017197
-0.019748
-0.017516
0.0003433
-0.0105
-0.0018891
-0.0041214
0.0051269
0.0092728
0.0038513
0.0060837
-0.005716
-0.0015702
0.021072
0.025537
0.026813
0.028726
0.033829
0.029683
0.036699
0.048499
0.033829
0.017564
0.020116
0.028088
0.022986
0.014375
0.0095917
-0.0089051
0.00066221
-0.0098618
-0.009224
-0.010819
-0.020705
-0.02198
-0.018791
-0.012094
-0.014964
-0.021343
-0.027721
-0.021024
-0.017516
-0.018153
-0.016878
-0.01911
-0.032504
-0.012413
0.0003433
0.0013
-0.002208
-0.0015702
0.0028946
0.0032135
0.018521
0.0070404
0.0079971
0.0076782
0.008635
0.004808
-0.0060349
-0.0041214
-0.012094
-0.011775
-0.01337
-0.0098618
-0.019429
-0.02198
-0.02198
-0.022618
-0.018153
-0.0038025
-0.01337
-0.020386
-0.01624
-0.01337
-0.011456
-0.0095429
-0.010181
-0.023894
-0.0089051
-0.0034836
-0.0038025
-0.0038025
-0.002208
0.0003433
-0.0034836
0.0057648
0.00066221
-0.002208
-0.0082673
-0.00029452
0.00066221
-0.00061343
-0.00093234
-0.0098618
-0.021024
-0.0066727
0.0013
-0.0034836
-0.0015702
0.0013
-0.00061343
0.0079971
0.01884
0.011186
0.013738
0.016608
0.020435
0.026175
0.027451
0.030002
0.023305
0.025218
0.037018
0.035104
0.017246
0.020435
0.02458
0.030002
0.028407
0.033829
0.014694
0.0013
0.0025757
-0.00093234
-0.0063538
-0.0060349
-0.0073105
-0.022299
-0.0076295
-0.013689
-0.014645
-0.012094
-0.018791
-0.020386
-0.02198
-0.009224
-0.012413
-0.015921
-0.018472
-0.012094
-0.024213
-0.023575
-0.01624
-0.021661
-0.027721
-0.020386
-0.0095429
-0.012413
-0.015283
-0.012732
-0.0105
-0.0034836
0.0079971
-0.00029452
-0.0028458
-0.0069916
-0.0044404
0.0079971
0.015332
0.0131
-0.00061343
0.012781
0.027132
0.028726
0.019159
0.023624
0.03351
0.025537
0.03351
0.043077
0.025856
0.01597
0.010867
0.011186
0.022029
0.012462
-0.0041214
-0.022299
-0.0079484
-0.0050782
-0.012413
-0.011456
-0.0105
-0.012094
-0.011775
-0.0047593
-0.01337
-0.0012513
-0.0041214
-0.0044404
0.0013
-0.00029452
-0.0015702
-0.0025269
-0.0025269
0.012143
0.021072
0.0028946
-0.0028458
-0.0050782
-0.010819
0.008635
0.031596
0.010548
0.012781
0.011505
0.0092728
0.008316
0.01597
0.0041702
-0.0089051
0.012143
0.01884
0.022029
0.015651
0.0041702
0.013419
0.0067215
0.010867
0.019478
0.0067215
-0.0076295
0.00098112
0.0022568
0.00066221
-0.0012513
-0.0069916
-0.012413
0.0070404
0.010867
0.010867
0.012781
0.016927
0.021391
0.016927
0.032553
0.01597
0.023943
0.01597
0.028088
0.022986
0.019797
0.010548
-0.002208
-0.015921
-0.0085862
0.008635
0.0079971
-0.00061343
-0.005716
-0.009224
-0.013051
-0.00093234
-0.00061343
-0.0089051
-0.017197
-0.014964
-0.017516
-0.021024
-0.022937
-0.035056
-0.02198
-0.022618
-0.01624
-0.036012
-0.02517
-0.013689
-0.005716
0.015651
-0.0066727
-0.017516
-0.0076295
0.0089539
0.01884
0.010867
0.023305
0.028088
0.029045
0.037975
0.053601
0.034467
0.024899
0.016289
0.012143
0.028726
0.069228
0.03925
0.031915
0.042121
0.039888
0.028407
0.032553
0.028726
0.017564
0.012462
0.013419
0.026494
0.027451
0.012462
-0.00093234
-0.0031647
0.016289
0.01597
-0.016559
-0.02804
-0.015283
0.008635
0.013738
0.021391
0.046904
0.030321
0.023624
0.039888
0.025537
0.034786
0.029045
0.038612
0.032234
0.029364
0.017883
0.0035324
0.0016189
-0.011775
-0.010819
-0.025807
-0.048769
-0.063439
-0.068222
-0.047174
-0.042391
-0.043666
-0.016559
0.020116
0.0016189
0.012143
0.031278
0.02777
0.020754
0.015013
0.034786
0.066677
0.060936
0.043396
0.033191
0.035104
0.022348
0.02777
0.023305
-0.0041214
-0.0015702
-0.0063538
-0.010819
-0.033142
-0.056742
-0.064077
-0.062482
-0.077471
-0.087357
-0.10043
-0.085762
-0.11415
-0.12722
-0.12307
-0.070455
-0.13583
-0.14986
-0.13838
-0.11542
-0.11702
-0.1033
-0.08353
-0.085443
-0.052915
-0.042391
-0.024851
0.012143
0.020754
-0.0025269
0.035104
0.048818
0.052007
0.06572
0.062531
0.070503
0.051369
0.081346
0.033191
0.021072
0.0019378
-0.0089051
-0.018472
-0.012732
-0.021024
-0.054509
-0.075557
-0.063439
-0.059612
-0.073644
-0.046536
-0.046855
-0.046855
-0.02804
-0.019429
-0.023894
-0.031229
-0.033142
-0.024213
0.013419
0.030002
0.0067215
-0.029634
-0.00093234
-0.0015702
-0.0047593
-0.013051
-0.022618
-0.012413
-0.028678
-0.033142
-0.0034836
-0.022618
-0.026126
-0.042391
-0.036331
-0.013051
0.022348
0.0022568
-0.014964
0.02777
0.038612
0.020435
0.029683
0.045947
0.052007
0.054558
0.076244
0.038612
0.013738
0.0013
0.0092728
-0.0034836
-0.03091
-0.032186
-0.074282
-0.071411
-0.064395
-0.0044404
-0.040158
-0.097562
-0.12339
-0.13487
-0.11255
-0.10011
-0.073644
-0.10075
-0.073644
-0.094054
-0.057698
-0.038883
-0.034737
-0.049407
-0.040158
-0.037926
-0.014964
-0.017197
0.008635
0.015013
0.017246
0.027451
0.016289
0.015013
0.01884
0.008316
0.028726
0.030321
-0.0085862
-0.0028458
-0.0089051
-0.0025269
-0.005716
0.0054459
0.016289
0.034786
-0.0018891
-0.014645
0.008635
-0.037607
-0.017197
-0.0015702
0.052963
0.049137
0.037018
0.048499
0.061893
0.095378
0.072736
0.062212
0.07146
0.079433
0.067952
0.05105
0.078476
0.073055
-0.0066727
-0.040158
-0.055466
-0.079703
-0.10107
-0.10649
-0.10298
-0.12052
-0.10681
-0.10075
-0.088633
-0.11128
-0.11128
-0.086081
-0.067903
-0.035056
-0.031229
-0.015283
-0.0098618
-0.022937
-0.019429
0.0013
-0.029315
-0.020386
-0.021343
-0.026764
-0.0053971
-0.01911
-0.026445
-0.0098618
0.008635
-0.0034836
-0.0034836
-0.0069916
-0.0025269
0.022667
0.024899
0.017246
0.014694
0.031278
-0.0060349
-0.021024
-0.026764
-0.018472
-0.01337
-0.0069916
-0.023575
-0.031548
-0.017197
-0.03091
-0.029315
-0.064395
-0.075557
-0.096605
-0.067585
-0.057698
-0.015921
-0.028359
-0.012413
-0.0041214
-0.018472
-0.037607
-0.020705
0.026813
0.056471
0.047861
0.0016189
0.017564
0.038612
0.033829
0.030002
0.043077
0.024899
0.008316
-0.009224
0.0067215
0.0073593
-0.00093234
-0.019429
-0.010181
0.0019378
0.034148
0.044034
0.014056
0.016608
-0.0089051
0.0019378
0.026494
0.031278
0.017246
0.0003433
0.033191
0.040207
0.00098112
-0.028996
-0.025488
-0.028996
-0.045261
-0.015921
-0.012413
-0.017197
-0.02804
-0.063758
-0.067585
-0.053871
-0.042072
-0.038564
-0.031867
-0.0044404
0.025537
-0.0073105
-0.02198
-0.0089051
0.02458
0.0070404
0.0095917
0.022986
0.064763
0.026494
0.012781
0.012462
0.0013
-0.023894
-0.06886
-0.051639
-0.052596
-0.025488
-0.023894
-0.043347
-0.054828
-0.060569
-0.052915
-0.034737
-0.072687
-0.087676
-0.043347
-0.0012513
0.020116
0.0095917
-0.0073105
-0.005716
0.0051269
-0.0031647
0.017883
0.045629
0.05679
0.052963
0.034148
0.066039
0.083898
0.044672
0.019159
0.041164
0.033191
0.013738
0.023943
0.030002
0.040845
0.049774
-0.014964
-0.056104
-0.046536
-0.027083
-0.015921
-0.024532
-0.038564
-0.028359
0.0003433
-0.014964
-0.068222
-0.062163
-0.056742
-0.022937
-0.051639
-0.061844
-0.061844
-0.038883
-0.054509
-0.050363
-0.045899
-0.050363
-0.03952
-0.014964
-0.020067
-0.041753
-0.027721
-0.025488
0.031915
-0.0034836
-0.042391
-0.028678
-0.019429
-0.01624
-0.023256
-0.012094
0.01884
0.0051269
-0.0085862
-0.0076295
-0.026764
-0.019748
-0.0028458
-0.020067
0.0038513
0.020754
0.020754
0.014375
0.010867
0.034786
0.034148
0.022667
0.024899
-0.0025269
0.022986
0.014375
0.022348
0.016927
0.0025757
0.0095917
-0.012094
-0.0095429
-0.034099
-0.057698
-0.085762
-0.08353
-0.088952
-0.088633
-0.11446
-0.12595
-0.12722
-0.13902
-0.12754
-0.084487
-0.085125
-0.1202
-0.083211
-0.048131
-0.0095429
-0.04271
-0.045899
0.039888
0.05392
0.054239
0.046585
0.079433
0.098568
0.10176
0.099524
0.053601
0.041802
0.044672
0.030321
0.065082
0.068909
0.043715
0.0070404
-0.027402
-0.050682
-0.038883
-0.0028458
-0.00061343
-0.0105
-0.00029452
-0.02198
-0.058974
-0.0012513
-0.011775
-0.02198
-0.043028
-0.041753
-0.047493
-0.071411
-0.046855
-0.048131
-0.037288
-0.094692
-0.091184
-0.083849
-0.10266
-0.091822
-0.090227
-0.051001
-0.02198
-0.027083
-0.037607
-0.090546
-0.12276
-0.094054
-0.035694
-0.026126
-0.046855
-0.018472
-0.021343
-0.058336
-0.037926
-0.036969
-0.041434
-0.014964
0.0038513
-0.012732
-0.026126
-0.014645
-0.014645
-0.015283
0.0092728
0.038612
-0.002208
-0.030272
-0.019429
-0.010819
-0.017197
-0.046218
-0.03665
-0.048769
-0.074601
-0.031229
-0.065033
-0.086719
-0.084806
-0.078109
-0.064714
-0.06599
-0.090865
-0.10809
-0.091184
-0.10107
-0.070455
-0.062801
-0.070455
-0.055785
-0.064714
-0.066628
-0.045899
-0.044942
-0.055147
-0.031229
-0.027721
-0.00061343
-0.009224
-0.009224
0.0060837
0.026175
0.024262
0.044672
0.052007
0.021072
0.032553
0.037656
0.017564
0.0016189
-0.005716
0.00066221
0.030002
0.010548
-0.032823
-0.077152
-0.094692
-0.082573
-0.048131
-0.020705
-0.018472
-0.02517
-0.002208
-0.0085862
0.0016189
0.0089539
0.02458
0.037656
0.042121
0.052326
0.034148
0.013738
0.012781
0.028407
0.015332
-0.045261
-0.0079484
-0.045261
-0.049726
-0.053552
-0.063439
-0.062482
-0.073963
-0.089589
-0.088952
-0.10649
-0.12977
-0.10968
-0.0982
-0.10394
-0.13296
-0.093735
-0.032504
-0.060569
-0.057061
-0.075876
-0.031548
0.012781
-0.0105
-0.028996
-0.016878
-0.062801
-0.01337
0.049455
0.056153
0.017246
-0.0047593
0.025856
-0.067903
-0.043347
-0.0050782
-0.00029452
-0.054509
-0.012732
-0.054509
-0.028996
-0.021343
-0.065352
-0.069817
-0.050363
-0.059293
-0.03952
-0.068541
-0.086719
-0.052277
-0.071411
-0.080979
-0.073963
-0.062163
-0.080979
-0.095968
-0.087357
-0.093416
-0.08353
-0.087038
-0.097881
-0.12626
-0.13456
-0.12467
-0.13105
-0.12882
-0.10936
-0.10362
-0.095968
-0.073325
-0.066947
-0.04558
-0.034418
-0.0031647
-0.022299
-0.013051
0.0079971
0.010548
0.015013
0.031596
0.023624
0.020754
0.01023
-0.014964
-0.0105
-0.0028458
-0.0028458
0.0028946
-0.0034836
-0.035694
0.014056
-0.028996
-0.046218
-0.063439
-0.020067
0.00098112
-0.017197
-0.02517
-0.042391
-0.048769
-0.069498
-0.050363
-0.038564
-0.043028
-0.035056
-0.076195
-0.040477
-0.014645
-0.015283
0.030321
0.022986
-0.0047593
-0.016559
0.008635
0.040526
0.012462
0.022348
-0.03378
0.004808
-0.022618
-0.0089051
0.0041702
-0.01337
-0.025488
-0.076833
-0.10968
-0.10522
-0.083849
-0.081935
-0.10394
-0.1403
-0.16262
-0.13774
-0.10809
-0.10649
-0.13456
-0.15433
-0.15178
-0.14349
-0.11223
-0.081935
-0.10075
-0.085762
-0.05419
-0.031867
-0.035375
-0.044623
-0.050363
-0.032504
-0.0095429
0.015013
0.035742
0.013419
0.054877
0.069866
0.057109
0.02171
0.0051269
0.0076782
0.017246
-0.0031647
0.028407
0.020435
-0.023894
-0.051001
-0.067903
-0.053871
-0.050682
-0.082254
-0.10681
-0.10968
-0.13487
-0.14061
-0.10809
-0.12244
-0.1151
-0.13296
-0.088633
-0.061525
-0.065352
-0.0018891
0.033829
0.057747
0.034148
0.038612
0.051688
0.012143
0.039569
0.03638
0.044353
0.0035324
0.015013
-0.0060349
-0.047493
-0.085443
-0.089908
-0.11733
-0.14061
-0.169
-0.13424
-0.10522
-0.0085862
0.021072
0.017564
0.030321
0.08613
0.10016
0.071141
0.066358
0.070185
0.11993
0.10558
0.089
0.014056
0.032553
0.0013
-0.016559
-0.034099
-0.069817
-0.065033
-0.10617
-0.10777
-0.10649
-0.091822
-0.10235
-0.070136
-0.059931
-0.0079484
0.023305
0.046266
0.058704
0.05679
0.06859
0.085811
0.17064
0.2105
0.16968
0.14513
0.13971
0.17255
0.16012
0.12057
0.057109
0.081028
0.0032135
0.0051269
0.028088
-0.073325
-0.1808
-0.15401
-0.11861
-0.14604
-0.18016
-0.17187
-0.14954
-0.13456
-0.12977
-0.15369
-0.13679
-0.095649
-0.048131
0.023943
0.03925
0.028407
0.073374
0.072736
0.094422
0.029364
0.017564
0.051688
0.12185
0.031278
0.10495
0.10686
0.047542
-0.016878
0.014694
0.0032135
-0.043347
-0.057379
-0.086719
-0.092778
0.012462
0.13333
0.076563
0.004808
-0.0076295
0.0044891
0.01884
0.040207
0.034467
-0.020067
-0.039202
0.03351
0.03351
0.01023
-0.04558
-0.13487
-0.15082
-0.10107
-0.10203
-0.12722
-0.10872
-0.096286
-0.091184
-0.0085862
-0.020067
0.0057648
0.037656
0.085173
0.062212
0.010548
-0.0038025
0.053601
0.00098112
-0.057698
0.015013
-0.0028458
0.031596
-0.088314
-0.10235
-0.14604
-0.1572
-0.0864
-0.10266
-0.10171
-0.022937
0.01597
0.031278
0.056471
0.070503
0.023624
0.06572
0.052007
0.046266
0.10558
0.091552
0.01597
-0.046218
-0.027083
-0.040158
-0.085125
-0.12818
-0.15082
-0.17123
-0.16198
-0.16294
-0.16071
-0.1572
-0.13105
-0.12563
-0.11733
-0.083849
-0.029634
-0.035375
-0.037288
-0.039839
-0.020386
0.01023
0.021072
0.026175
0.047223
0.069866
0.025537
0.0076782
0.026813
-0.015283
-0.0069916
0.041802
0.029045
0.028407
0.022667
0.049774
0.026813
0.041164
0.10399
0.085811
0.097292
0.12217
0.12472
0.13014
0.11547
0.08039
-0.014008
0.048499
0.15278
0.11611
-0.0041214
-0.049088
-0.047174
-0.068541
-0.085762
-0.11893
-0.10809
-0.099157
-0.11446
-0.12276
-0.11446
-0.13328
-0.10553
-0.084806
-0.084487
-0.088314
-0.073325
-0.06025
0.014375
0.020116
-0.028996
-0.029634
-0.050363
-0.021343
-0.021343
-0.073006
-0.050363
-0.014327
-0.019748
-0.0095429
-0.0095429
-0.029634
-0.056104
-0.069817
-0.062482
-0.051958
-0.039202
-0.034737
-0.014645
-0.036331
-0.054509
-0.03665
-0.087038
-0.062482
-0.067903
-0.081298
-0.057698
-0.054828
-0.060887
-0.062482
-0.021024
-0.014964
0.039569
0.044672
0.0060837
-0.013051
-0.0063538
-0.021343
-0.012094
-0.019748
0.036699
0.041164
0.047542
0.036061
-0.0069916
-0.018791
0.0025757
0.046266
0.043077
0.012781
0.046266
0.0095917
0.10271
0.062531
0.05392
0.034786
0.041483
0.098249
0.12025
0.065401
0.07146
-0.026445
0.056153
0.012462
0.0099106
0.0070404
0.014056
0.0095917
-0.02517
-0.0085862
-0.070774
-0.11893
-0.075876
-0.091822
-0.12307
-0.12307
-0.1285
-0.13392
-0.1521
-0.1792
-0.15975
-0.12307
-0.11446
-0.1285
-0.092778
-0.086719
-0.083211
-0.081935
-0.074601
-0.014327
0.015332
0.00066221
0.041483
0.055834
0.059342
0.014694
0.028407
0.025218
0.057747
0.025218
0.0003433
-0.022937
-0.00061343
-0.085762
-0.076514
-0.070455
0.0022568
-0.029953
-0.058655
-0.058017
-0.053234
-0.070774
-0.06025
-0.081617
-0.034737
-0.040158
0.0076782
-0.030591
-0.058974
-0.06599
-0.088633
-0.081617
-0.032823
-0.028359
-0.058336
-0.0063538
0.034148
0.023943
0.0025757
0.015651
-0.013689
0.017246
0.052963
0.027132
-0.0047593
-0.0034836
0.01597
-0.013051
-0.049407
-0.076514
-0.092141
-0.068222
-0.059293
-0.013689
0.073055
0.12918
0.087406
0.1126
0.14034
0.10495
0.14864
0.13301
0.17574
0.1193
0.10144
0.16458
0.059661
-0.009224
-0.031548
-0.04845
-0.086719
-0.12148
-0.16804
-0.16485
-0.19866
-0.15879
-0.11446
-0.13806
-0.15784
-0.1454
-0.12945
-0.10649
-0.15369
-0.12945
-0.13137
-0.073644
-0.059612
-0.058974
-0.02198
-0.031548
-0.064714
-0.058974
-0.03665
-0.040477
-0.051001
-0.035375
-0.00061343
-0.020705
-0.050363
-0.027721
-0.038883
-0.026126
-0.0031647
-0.020705
-0.0076295
-0.021661
-0.03665
-0.028678
0.00066221
-0.00029452
-0.0050782
-0.021661
-0.027083
0.018202
-0.017516
-0.01624
-0.038883
-0.036331
-0.00093234
0.12217
0.11515
0.06859
0.044353
0.048499
0.040207
-0.021024
-0.031548
0.05392
0.087087
0.13301
0.10877
0.023943
-0.015921
-0.032504
-0.050044
-0.087038
-0.10075
-0.026126
-0.0069916
-0.036331
-0.074601
-0.10043
-0.055785
-0.044304
-0.051639
-0.088633
-0.053552
-0.065033
-0.049088
-0.035375
-0.032823
-0.050363
-0.054509
-0.035375
-0.038245
-0.050682
-0.013689
0.053601
0.0028946
0.0003433
-0.015283
0.0051269
-0.00093234
-0.03665
-0.057061
0.023305
0.05392
0.032872
0.034786
-0.0018891
0.015013
2.4388e-05
-0.022618
0.0016189
-0.028359
0.019159
0.059979
0.059342
-0.032186
0.022986
0.073374
-0.01337
-0.0053971
0.038612
0.036699
0.060617
0.012781
0.038612
0.073374
0.037975
0.0092728
-0.023894
0.045947
0.02777
-0.038564
-0.070455
-0.093416
-0.081617
-0.065352
-0.078427
-0.097562
-0.12148
-0.10171
-0.073006
-0.089908
-0.066947
0.0054459
-0.0060349
-0.034099
-0.002208
-0.0063538
-0.044623
-0.029634
-0.047493
-0.031548
-0.012094
-0.012413
-0.053234
-0.043985
-0.057698
-0.094054
-0.11255
-0.11319
-0.069817
-0.066947
-0.070774
-0.066947
-0.090546
-0.076195
-0.061206
-0.048131
-0.035375
-0.053234
-0.051958
-0.065671
-0.03665
-0.0015702
0.022986
0.042439
0.07433
0.077201
0.12089
0.14959
0.16394
0.1531
0.15151
0.17766
0.19552
0.086768
0.057109
0.14321
0.11356
0.096335
0.057428
0.044353
0.0032135
0.038294
0.0067215
0.0060837
0.025218
0.014694
-0.026126
0.03925
0.025856
0.076244
0.1075
0.041164
0.025537
0.048499
-0.022299
0.015013
0.028088
-0.074601
-0.079703
-0.084487
-0.075557
-0.074601
-0.082892
-0.093735
-0.12467
-0.10649
-0.074601
-0.050363
-0.052596
-0.019429
-0.026445
0.022029
-0.043347
-0.030272
0.022029
-0.023894
-0.044942
0.024899
0.071141
0.027132
-0.009224
-0.061525
-0.070455
-0.031548
-0.039202
-0.061525
-0.068222
-0.027083
0.016608
0.015332
-0.023894
-0.054509
-0.026126
0.0032135
0.020754
-0.021024
0.0038513
0.023305
0.028407
0.0054459
0.014375
0.022348
0.012143
0.032553
-0.0063538
-0.017516
0.031278
0.037337
0.012462
0.020754
0.027451
0.022029
0.0016189
0.063806
0.0131
-0.0095429
0.04531
0.050412
0.043396
0.02458
-0.0015702
0.061893
0.036699
0.010548
0.014056
-0.028996
-0.012732
0.032872
-0.015921
-0.019748
-0.037288
-0.064714
-0.062163
-0.02517
-0.016559
0.010548
0.03064
0.039888
0.030321
0.034148
0.044991
0.050731
0.012781
0.089
0.069547
0.060298
0.067952
-0.0025269
-0.029634
-0.0018891
-0.02198
-0.046536
-0.08066
-0.076195
-0.061206
-0.066309
-0.090227
-0.090546
-0.058336
-0.054828
-0.034418
-0.046218
-0.0047593
-0.0050782
0.03638
0.012462
0.00098112
0.030959
0.041802
0.080071
0.068271
0.041802
0.041164
0.073374
0.095378
0.049137
0.0079971
0.096016
0.12472
0.071779
0.042758
0.06285
0.067633
0.025537
-0.014327
0.064125
0.081346
0.091233
0.076244
0.080709
0.050093
0.036699
0.023305
0.05105
0.053282
0.0067215
0.054877
0.065401
0.0054459
0.017246
0.014694
-0.019748
-0.09533
-0.0864
-0.020386
-0.0047593
-0.039202
-0.070136
-0.045261
-0.021343
-0.034737
-0.046536
-0.046218
-0.058974
-0.035375
-0.016559
-0.055147
-0.041115
-0.010819
-0.036012
-0.024213
-0.015921
-0.026126
-0.047174
-0.044942
-0.034099
-0.024213
0.0016189
-0.016878
-0.022299
-0.014645
0.01884
0.026813
-0.013051
0.0073593
-0.011456
0.0044891
-0.0034836
0.030002
0.023624
0.0003433
0.0076782
0.012143
0.010867
-0.012413
-0.005716
-0.0041214
0.0032135
-0.0034836
-0.0069916
-0.012094
-0.014327
-0.027083
-0.0066727
-0.0018891
-0.0031647
-0.00029452
0.0025757
0.00066221
0.0070404
0.027451
0.012462
0.0131
0.015013
0.023624
0.037018
0.02458
0.037656
0.059342
0.046266
0.064763
0.080071
0.081346
0.079752
0.050412
0.065401
0.11643
0.11802
0.084536
0.070822
0.074649
0.073693
0.10335
0.08326
0.064125
0.028726
0.03351
0.023943
0.038931
0.016289
-0.0085862
0.0025757
0.028088
0.022667
0.00098112
0.052326
0.041164
0.0016189
0.0095917
0.011186
0.0064026
0.032872
0.0054459
0.031915
0.038294
0.037337
0.032234
0.0054459
-0.034418
-0.012094
0.00066221
-0.029953
-0.017516
-0.013689
-0.037607
-0.045261
-0.042391
-0.044942
-0.056104
-0.052915
-0.035694
-0.020386
-0.014645
-0.034737
-0.036012
-0.024213
-0.017516
0.00066221
-0.016878
-0.018472
-0.005716
-0.0089051
-0.0066727
-0.00061343
-0.005716
-0.019429
-0.010181
0.0054459
0.017246
0.0095917
-0.0031647
0.0019378
0.015013
0.026494
0.0089539
-0.0034836
0.0099106
0.01597
0.016289
0.0073593
0.004808
0.0032135
-0.0060349
0.0095917
0.017246
0.011505
0.0067215
0.013419
0.024899
0.031278
0.043715
0.02777
0.012781
0.0054459
0.037337
0.046904
0.042121
0.049137
0.056153
0.044353
0.038612
0.050731
0.05105
0.050731
0.06572
0.050731
0.065401
0.11228
0.13684
0.093146
0.11579
0.14545
0.15342
0.12121
0.12312
0.089
0.086768
0.11292
0.10845
0.082303
0.099205
0.081984
0.040526
0.021391
-0.00029452
-0.013051
-0.055147
-0.061844
-0.053871
-0.047174
-0.080341
-0.097243
-0.090546
-0.068541
-0.065033
-0.071093
-0.046855
-0.039202
-0.050682
-0.038883
-0.027721
-0.048131
-0.030591
-0.0063538
0.0003433
0.030002
0.020754
0.0057648
-0.0082673
-0.0085862
-0.0018891
0.010548
-0.0018891
0.0025757
0.020435
0.0038513
0.0092728
0.0054459
0.0019378
-0.0076295
-0.00093234
-0.0082673
-0.0047593
0.004808
0.0051269
0.0064026
0.024899
0.024899
0.021391
0.008635
0.02458
0.048499
0.02777
0.038931
0.042439
0.056471
0.031278
0.023943
0.035423
0.019478
0.027132
0.016927
0.016289
0.011505
0.0016189
0.0131
0.0060837
0.014694
0.0131
0.012462
0.031915
0.03638
0.070503
0.11196
0.13747
0.14258
0.18117
0.18404
0.21433
0.21784
0.19328
0.18276
0.093784
0.1665
0.15183
0.17
0.12599
0.047542
0.014375
-0.0085862
-0.052277
-0.086719
-0.10936
-0.13583
-0.14636
-0.16294
-0.14093
-0.12499
-0.1218
-0.10809
-0.097881
-0.068222
-0.063439
-0.047812
-0.026764
0.010867
0.032872
0.055515
0.046585
0.031915
0.06285
0.067633
0.061893
0.08613
0.061574
0.0003433
0.0054459
0.034148
0.013738
-0.005716
-0.010819
-0.051639
-0.062482
-0.073325
-0.069498
-0.070774
-0.062163
-0.061844
-0.085443
-0.072687
-0.042391
-0.030591
-0.036969
-0.019748
-0.021661
-0.036012
0.019478
0.05105
0.057109
0.041483
0.029045
0.05679
0.067952
0.074649
0.08039
0.081028
0.076882
0.11547
0.094422
0.15119
0.10622
0.084536
0.082622
0.11164
0.076882
0.066995
0.10144
0.10208
0.14609
0.14864
0.13301
0.1059
0.10144
0.10016
0.09187
0.057428
0.087406
0.09187
0.07146
0.045629
0.032553
0.014694
-0.009224
-0.02517
-0.068541
-0.048769
-0.06599
-0.10841
-0.13519
-0.081617
-0.036012
-0.06312
-0.025488
-0.031548
-0.051001
-0.051639
-0.020705
-0.0105
-0.011456
-0.024532
-0.034099
-0.016559
-0.0073105
-0.023256
-0.063758
-0.063758
-0.042391
-0.02198
-0.039839
-0.063439
-0.077152
-0.053871
-0.047174
-0.021343
-0.03091
-0.014008
0.0022568
-0.032504
-0.014645
-0.0095429
0.023943
0.020116
0.01884
0.033191
0.065401
0.056471
0.054239
0.046904
0.044353
0.036699
0.047223
0.085811
0.060617
0.019797
0.019478
0.022348
0.011186
-0.020705
-0.041434
0.0079971
0.015013
-0.0066727
0.0073593
0.066358
0.11675
0.11356
0.098568
0.11706
0.12791
0.16937
0.15501
0.13716
0.14417
0.15246
0.11738
0.069866
0.10622
0.084854
0.010867
0.01884
-0.0031647
-0.037288
-0.055466
-0.069498
-0.093735
-0.10043
-0.099794
-0.087995
-0.087676
-0.10107
-0.089908
-0.076514
-0.049407
-0.055147
-0.051639
-0.063439
-0.061844
-0.070136
-0.053552
-0.050363
-0.030272
0.00098112
-0.048769
-0.074919
-0.069498
-0.059293
-0.069817
-0.073006
-0.09533
-0.074919
-0.056423
-0.064077
-0.069817
-0.050044
-0.042072
-0.037926
-0.012094
-0.016559
-0.023256
-0.035375
0.045629
0.037975
0.027451
0.052645
0.044991
0.017883
0.030959
0.039888
0.066358
0.090914
0.1346
0.15757
0.14545
0.16841
0.11356
0.099205
0.10016
0.11388
0.14417
0.11802
0.093784
0.034467
0.011186
0.0013
-0.002208
-0.03665
-0.05132
-0.066309
-0.046536
-0.068222
-0.06886
-0.085443
-0.084168
-0.064714
-0.03952
-0.023575
-0.018472
-0.032823
-0.046536
-0.017516
-0.011456
-0.0044404
-0.024851
-0.051958
-0.040796
-0.054509
-0.036012
-0.059612
-0.078746
-0.073963
-0.0864
-0.096605
-0.099476
-0.0864
-0.072687
-0.085762
-0.084487
-0.048769
-0.045261
-0.061844
-0.034418
-0.036969
-0.041753
-0.017197
-0.0038025
-0.0066727
-0.0038025
-0.005716
-0.034099
-0.021024
-0.019429
-0.029953
-0.01624
-0.012094
-0.023575
-0.038883
-0.033461
-0.016559
0.0057648
0.020435
0.019478
0.011824
0.03064
0.047542
0.044991
0.068909
0.092508
0.11164
0.096335
0.15533
0.16363
0.14704
0.1346
0.1311
0.11164
0.070503
0.096654
0.11451
0.10303
0.090595
0.032234
0.010548
0.011186
-0.021024
-0.01337
-0.021661
-0.02517
-0.041753
-0.06312
-0.051001
-0.050044
-0.062482
-0.089908
-0.066309
-0.065671
-0.086081
-0.092141
-0.091184
-0.094054
-0.10522
-0.12403
-0.11957
-0.086081
-0.082573
-0.094054
-0.080979
-0.078427
-0.085762
-0.075238
-0.060569
-0.056423
-0.062801
-0.059293
-0.050363
-0.054509
-0.058974
-0.085125
-0.085762
-0.091184
-0.067266
-0.06312
-0.066628
-0.084806
-0.078427
-0.071093
-0.069179
-0.053552
-0.063439
-0.055785
-0.050363
-0.036969
-0.016559
-0.015921
-0.021661
-0.014327
-0.0085862
0.0044891
0.015332
0.008316
0.017246
0.013419
0.02171
0.017246
0.029045
0.028407
0.0076782
0.035742
0.07146
0.047223
0.035104
0.028726
0.017564
0.036699
0.044353
0.093146
0.13046
0.090595
0.073693
0.07433
0.07146
0.075287
0.070822
0.06572
0.079433
0.066358
0.032553
0.0089539
-0.012094
-0.011137
-0.014327
-0.026764
-0.032504
-0.041753
-0.058655
-0.062163
-0.064395
-0.056742
-0.088314
-0.084806
-0.077471
-0.06312
-0.063758
-0.043985
-0.045261
-0.065352
-0.058017
-0.056104
-0.058336
-0.045261
-0.036969
-0.051958
-0.049407
-0.035375
-0.024851
-0.034099
-0.058336
-0.057379
-0.052596
-0.047493
-0.056104
-0.060887
-0.056423
-0.050044
-0.055147
-0.04558
-0.053552
-0.050682
-0.042391
-0.018153
-0.0095429
-0.01337
-0.012094
-0.0063538
-0.014327
-0.0063538
0.0025757
0.0025757
0.0022568
-0.005716
0.0028946
0.013419
0.014694
0.027132
0.015013
0.032553
0.043396
0.055515
0.031915
0.034148
0.041164
0.037975
0.039569
0.053601
0.052007
0.023624
0.069547
0.062212
0.074968
0.077838
0.032553
0.049455
0.059023
0.072736
0.094422
0.073055
0.066995
0.023305
0.031596
0.070185
0.073055
0.055834
0.026494
0.028407
0.016289
0.0060837
-0.010181
-0.01911
-0.018791
-0.027083
-0.020067
-0.011456
-0.040477
-0.058974
-0.038245
-0.032504
-0.058974
-0.063439
-0.076833
-0.085762
-0.053552
-0.036012
-0.021343
-0.021343
-0.042391
-0.051639
-0.017835
-0.011137
-0.017516
-0.0050782
0.01597
0.017246
0.0067215
0.0089539
0.0054459
-0.0095429
0.0089539
0.01597
0.028726
0.0038513
0.0016189
0.0041702
-0.0095429
-0.01337
0.013738
-0.0015702
-0.0085862
-0.0044404
-0.013051
-0.025488
-0.025488
0.0131
0.01597
0.026813
0.029683
0.025218
0.035104
0.064444
0.090276
0.096335
0.11196
0.092189
0.082622
0.10112
0.12408
0.078476
0.044672
0.042758
-0.0079484
-0.016559
0.010867
-0.014008
-0.036969
-0.063439
-0.055785
-0.075876
-0.086081
-0.04558
-0.041753
-0.06025
-0.033142
-0.023256
-0.0085862
0.01597
0.046585
0.017564
0.0131
0.035423
0.048818
0.032872
0.034786
0.039569
0.028726
0.033191
0.033829
0.021072
-0.0085862
0.0003433
0.00098112
-0.0041214
-0.022299
-0.061525
-0.063439
-0.035694
-0.038883
-0.047812
-0.067266
-0.068541
-0.05419
-0.071093
-0.039202
-0.051001
-0.048131
-0.046855
-0.057061
-0.040477
-0.026126
-0.019429
-0.030591
-0.022299
-0.0073105
-0.0085862
-0.00061343
0.0019378
-0.0041214
-0.0015702
0.014375
0.02171
0.0035324
0.026175
0.032234
0.029364
0.044672
0.06859
0.066039
0.023943
0.057109
0.032872
-0.0018891
0.010867
0.01884
0.029364
0.011824
0.0057648
-0.019748
-0.026445
-0.037288
-0.030272
-0.021343
-0.043028
-0.052596
-0.047493
-0.058655
-0.041753
-0.034099
-0.022618
-0.011775
-0.015921
-0.020705
-0.011137
0.0131
0.012781
0.023624
0.036699
0.017564
0.012143
0.024262
0.032872
0.023943
0.034786
0.052963
0.062531
-0.0053971
0.0019378
0.020435
0.01597
-0.00093234
0.03638
0.022348
0.018521
0.023943
-0.020386
-0.038564
0.022986
0.02171
-0.0012513
0.012143
0.00098112
-0.00061343
0.015651
0.046585
0.020116
0.024899
0.015013
0.0054459
-0.0025269
-0.036331
0.017564
0.034148
0.026175
0.017564
-0.0098618
-0.01337
0.0044891
0.0025757
0.0057648
0.017564
0.028726
0.013419
0.010548
0.017883
0.0076782
0.0095917
0.014375
-0.011456
0.0095917
-0.026764
-0.036331
-0.055147
-0.055466
-0.047812
-0.040477
-0.057379
-0.0982
-0.054828
-0.03952
-0.053871
-0.051958
-0.048769
-0.045261
-0.037607
-0.023575
0.0019378
0.0057648
-0.0105
-0.0089051
0.012781
0.020116
0.031278
0.017564
-0.0018891
0.0044891
0.012462
0.0092728
0.008635
-0.0050782
-0.021661
-0.011137
-0.0012513
-0.0053971
-0.044942
-0.050682
-0.075238
-0.044623
-0.029634
-0.022299
0.0131
-0.0095429
-0.029315
-0.028359
-0.01337
-0.015921
0.0060837
0.0019378
0.013419
0.039569
0.031278
0.029045
0.037018
0.015013
0.028726
-0.0069916
-0.0063538
0.013738
0.013738
0.015651
0.013419
0.039888
0.045947
0.034786
0.017883
0.0092728
0.014375
-0.00029452
-0.03378
-0.012413
0.046266
0.01023
-0.0082673
-0.013689
-0.020705
-0.012413
-0.038245
-0.035375
-0.025488
-0.035694
-0.016878
-0.0034836
-0.021343
-0.017197
0.0051269
0.01023
-0.0038025
0.0064026
0.022029
0.0131
0.01023
0.010867
0.0051269
0.011505
-0.020067
-0.040477
-0.036969
-0.01911
-0.03091
-0.054509
-0.032823
-0.057698
-0.074282
-0.04845
-0.049726
-0.053552
-0.062482
-0.056423
-0.056742
-0.049088
-0.045899
-0.0098618
-0.017516
-0.039839
-0.016559
-0.013051
-0.025488
-0.0095429
-0.01337
-0.03665
-0.02804
-0.015283
-0.0028458
-0.0031647
0.02171
0.039888
0.017883
0.02777
0.030959
0.030321
0.040526
0.066358
0.097611
0.10239
0.14417
0.096973
0.068271
0.060936
0.11451
0.13588
0.076563
0.080071
0.053601
0.059342
0.10718
0.048818
0.0051269
0.0131
-0.015921
-0.015921
-0.023256
-0.037607
-0.04845
-0.023894
-0.092778
-0.094054
-0.094373
-0.11861
-0.12913
-0.10936
-0.097243
-0.097881
-0.10362
-0.11032
-0.094373
-0.12212
-0.097243
-0.080341
-0.065033
-0.066309
-0.021343
-0.029315
-0.019429
-0.0034836
0.008635
0.0022568
0.010867
0.021391
0.014375
-0.0018891
0.01023
0.014694
0.015651
0.015332
0.012781
0.018202
0.012781
0.015332
0.0076782
-0.00029452
0.017246
0.029045
0.020754
0.027132
0.031915
0.013419
0.025856
0.035104
0.026175
0.020116
0.017246
0.027451
-0.0041214
0.031278
0.020435
0.012781
0.0095917
-0.0047593
0.0028946
0.01597
0.023305
0.03064
0.03351
0.045629
0.037656
0.024262
0.030959
0.036699
0.029364
0.0064026
0.014375
0.0092728
0.067314
0.06859
0.037975
0.034786
0.02777
0.039888
0.033829
0.035742
0.014694
-0.00061343
0.0064026
0.014694
0.021391
-0.026764
-0.050682
-0.041115
-0.042391
-0.041115
-0.06025
-0.084487
-0.10617
-0.11223
-0.062482
-0.082892
-0.095011
-0.076833
-0.077471
-0.058336
-0.057698
-0.040158
-0.038883
-0.03665
0.0038513
0.011186
-0.0063538
-0.002208
-0.00061343
0.020754
0.05679
0.045947
-0.00029452
-0.012732
0.02458
0.020754
0.0095917
0.0057648
-0.0095429
-0.023894
-0.0034836
-0.015283
-0.0047593
-0.0095429
-0.020067
-0.020386
-0.024532
-0.011137
-0.012094
-0.015602
-0.022299
-0.014327
-0.0073105
-0.0060349
-0.0069916
-0.014008
-0.0015702
0.008316
0.021391
-0.0018891
0.0019378
0.0013
-0.0038025
0.026813
0.032553
0.02171
0.02777
0.026813
0.033829
0.043077
0.047861
0.039569
0.027132
0.078157
0.080071
0.064763
0.061574
0.066995
0.089957
0.09187
0.084536
0.074649
0.057428
0.043715
0.042439
0.035423
0.013419
0.011824
0.013738
-0.022299
-0.021024
-0.023894
-0.049088
-0.047174
-0.043028
-0.060887
-0.034737
0.0070404
-0.035694
-0.04271
-0.047174
-0.02804
-0.022618
-0.028996
-0.014008
-0.029315
-0.0073105
0.014694
0.014694
0.022986
-0.028678
-0.049088
-0.031867
-0.0076295
0.0089539
-0.009224
-0.023575
-0.032823
-0.031548
-0.039202
-0.029634
-0.019429
-0.065352
-0.050044
-0.050044
-0.045899
-0.040796
-0.023575
-0.01624
-0.018472
-0.014327
-0.009224
-0.0041214
0.015332
-0.0034836
0.0032135
-0.0041214
0.0041702
0.0035324
-0.0069916
0.01023
0.025537
0.0025757
-0.00061343
0.0089539
-0.009224
-0.00029452
0.014375
0.0041702
0.0079971
0.029045
0.029045
0.015332
0.023624
0.0095917
0.0060837
0.035104
0.04531
0.04531
0.023624
0.026175
0.050093
0.060617
0.037975
0.031915
0.019478
0.031278
0.039569
0.03064
0.052645
0.053282
0.035423
0.015332
0.032872
0.019159
0.012781
0.016927
0.02458
0.020435
0.026175
0.0019378
0.0064026
-0.0038025
0.027132
0.032234
0.010867
0.0044891
-0.012413
-0.021661
-0.0079484
0.0070404
0.019159
-0.028996
-0.023256
-0.00061343
-0.030591
-0.035694
-0.02517
-0.0047593
0.0041702
-0.035056
-0.045899
-0.012094
-0.02517
-0.0050782
-0.015602
-0.0031647
0.015651
0.019797
0.0028946
0.0016189
0.019478
0.013419
0.014056
0.030002
0.016289
0.0013
0.0057648
0.0064026
0.012462
0.030002
0.0079971
-0.012413
0.020116
0.017883
0.018202
0.017564
0.015332
0.017883
0.018202
0.0073593
-0.0082673
-0.0034836
2.4388e-05
-0.0034836
-0.00093234
-0.0073105
-0.022618
-0.023256
-0.02198
-0.024213
-0.018472
-0.023575
-0.015602
-0.014964
-0.011775
-0.018791
-0.0031647
-0.015921
-0.028678
-0.031867
-0.02804
-0.033461
-0.036969
-0.033461
-0.043666
-0.036012
-0.040158
-0.028996
-0.036969
-0.031867
-0.027721
-0.0053971
-0.0028458
0.014375
0.023943
0.019797
0.024262
0.025537
0.043715
0.04531
0.041802
0.04531
0.071779
0.069547
0.059979
0.039888
0.041164
0.051369
0.028407
0.022348
0.0095917
-0.0034836
-0.015921
-0.023575
-0.044942
-0.046855
-0.061206
-0.085125
-0.069498
-0.048131
-0.042391
-0.036331
-0.040158
-0.029315
-0.00061343
0.02171
0.013419
0.019159
0.032553
0.036061
0.050412
0.053601
0.048818
0.059661
0.035104
0.03351
0.024899
0.022029
-0.0031647
-0.005716
-0.005716
-0.0028458
-0.0079484
0.00098112
-0.013051
-0.015921
-0.017835
-0.017835
-0.011137
-0.0066727
-0.018791
-0.021343
0.0016189
0.015651
0.0016189
-0.0076295
0.0035324
0.0019378
0.0051269
0.0038513
-0.0069916
-0.0044404
-0.010181
-0.01337
-0.022618
-0.023256
-0.024532
-0.037288
-0.037926
-0.03091
-0.025488
-0.033142
-0.029315
-0.029634
-0.035056
-0.03091
-0.0066727
-0.013689
-0.02517
-0.021661
-0.013689
-0.013689
-0.012732
-0.01337
-0.017516
0.0028946
0.0032135
0.0099106
0.0022568
0.0051269
0.010867
0.01023
0.019478
0.021391
0.017883
0.0057648
0.0057648
0.0060837
0.010548
0.01023
0.0028946
-0.01337
0.0013
0.019159
0.014694
0.0092728
0.03064
0.034786
0.030002
0.042439
0.015651
0.019797
0.038612
0.019159
0.012781
0.015013
0.0070404
0.00066221
0.0057648
0.024899
0.034786
0.012781
0.021072
0.031278
0.035104
0.038931
0.05105
0.042758
0.057747
0.046266
0.029045
0.026813
0.035423
0.019478
-0.020705
0.00098112
-0.01911
-0.017516
-0.031548
-0.047812
-0.057698
-0.06312
-0.047493
-0.045899
-0.045899
-0.047174
-0.046855
-0.044942
-0.038883
-0.043985
-0.032186
-0.048769
-0.042391
-0.025488
-0.019748
-0.020067
-0.01624
-0.01624
-0.013051
0.008635
0.00066221
-0.002208
-0.0063538
0.0035324
-0.00061343
0.0041702
-0.00093234
-0.0012513
0.0131
0.0076782
0.008635
0.01597
0.020116
0.020116
0.016289
0.016927
0.030002
0.019797
0.0079971
0.0079971
0.008316
0.0076782
0.008635
0.0016189
-0.014008
-0.005716
-0.0038025
-0.0098618
-0.017516
-0.017835
-0.020067
-0.015921
-0.0076295
-0.014645
-0.015283
-0.018153
-0.011456
-0.012094
-0.014327
-0.0098618
-0.01337
-0.017516
0.0028946
0.017246
0.016608
0.02171
0.012781
0.0089539
0.010867
0.029683
0.020435
0.024899
0.034786
0.030002
0.035104
0.041483
0.035742
-0.0041214
-0.021343
-0.0060349
0.018202
0.014375
0.0051269
-0.00061343
-0.0053971
-0.002208
0.0079971
-0.0018891
-0.002208
0.011505
0.0070404
0.0041702
0.014694
0.01023
-0.0015702
0.022986
0.025218
0.041164
0.030959
0.023305
0.014694
0.014056
0.025218
0.01597
-0.011456
-0.0076295
-0.0063538
-0.0073105
-0.024851
-0.013051
-0.012094
-0.029953
-0.010819
-0.0050782
-0.012094
-0.01337
-0.0025269
0.00066221
0.01884
0.034786
0.008316
0.012143
0.0073593
0.0079971
0.0095917
0.011505
0.011824
-0.019429
-0.0031647
-0.0038025
-0.0069916
-0.018791
-0.02517
-0.022618
-0.023894
-0.014645
-0.0066727
-0.014964
-0.020705
-0.018472
-0.01624
-0.015602
-0.01337
-0.018791
-0.033142
-0.012732
-0.0095429
-0.012094
-0.011456
-0.014645
-0.019748
-0.014327
-0.0089051
-0.019748
-0.023575
-0.022299
-0.014645
-0.01337
-0.01911
-0.020705
-0.020386
-0.014327
-0.0041214
0.0016189
-0.0028458
-0.0018891
0.008635
0.0070404
0.017883
0.032872
0.01023
0.0064026
0.008316
0.019478
0.014694
0.013738
0.0041702
-0.0098618
0.0044891
0.01597
0.027132
0.015651
-0.012094
-0.0012513
0.014375
0.029045
0.033829
0.022986
0.0057648
0.0089539
0.008635
0.023624
0.04531
0.030321
0.023305
0.03351
0.034786
0.042121
0.048818
0.053601
0.044353
0.047542
0.054239
0.040845
0.046266
0.035742
0.03351
0.013738
0.014694
0.008635
-0.012094
-0.014645
-0.015283
-0.022618
-0.026126
-0.034418
-0.03952
-0.032504
-0.028359
-0.0050782
-0.023575
-0.028678
-0.03091
-0.036012
-0.036012
-0.033142
-0.02804
-0.043666
-0.02198
-0.029634
-0.020705
-0.022299
-0.024532
-0.017197
-0.020067
-0.02198
-0.01624
-0.010819
-0.010819
-0.014008
-0.0082673
-0.0031647
0.004808
-0.0012513
-0.017516
-0.0038025
0.0070404
0.013419
0.013419
0.0089539
0.01023
0.011186
0.022029
0.0095917
0.0070404
0.015013
0.011505
-0.0012513
-0.0066727
-0.005716
-0.020067
-0.023256
-0.020386
-0.0085862
-0.014008
-0.018153
-0.023575
-0.021024
-0.012094
0.0076782
0.0038513
-0.0018891
0.013419
0.017883
0.025218
0.023624
0.037656
0.03064
0.050731
0.039569
0.039888
0.037337
0.047223
0.046585
0.031915
0.035423
0.042121
0.029045
0.0099106
-0.0034836
-0.00093234
-0.00061343
-0.015283
-0.02198
-0.033142
-0.02804
-0.021024
-0.026445
-0.029953
-0.028996
-0.026445
-0.017516
0.00066221
-0.010181
-0.0066727
0.0025757
0.0089539
0.011824
0.008635
0.0073593
-0.0060349
0.019478
0.018202
0.028726
0.018202
0.026494
0.02171
0.028407
0.00098112
0.0016189
0.0032135
0.0038513
-0.002208
-0.0053971
-0.012094
-0.011456
-0.011456
-0.031229
-0.023894
-0.027402
-0.028359
-0.03091
-0.027402
-0.026445
-0.023894
-0.013689
-0.014645
-0.02198
-0.022937
-0.014964
-0.016559
-0.018791
-0.017516
-0.019748
-0.028996
-0.01624
-0.0066727
-0.0095429
-0.010181
-0.0050782
-0.0076295
-0.0063538
0.012781
0.0019378
-0.00061343
0.0022568
0.011186
0.0079971
0.0070404
0.0099106
0.0022568
0.019478
0.020754
0.023943
0.011505
0.01884
0.02171
0.027451
0.015332
0.022348
0.023624
0.0044891
0.0032135
0.0073593
-0.00029452
-0.0060349
0.0038513
-0.009224
0.0022568
0.0016189
-0.0069916
-0.0031647
0.0025757
0.0028946
0.01023
0.03064
0.028407
0.022667
0.019159
0.032234
0.031915
0.01597
0.027132
0.014056
0.0076782
0.01597
0.025856
0.014056
0.0095917
0.0070404
0.0041702
0.0067215
0.016608
-0.0082673
-0.012413
-0.0095429
-0.0047593
-0.018153
-0.022299
-0.016878
-0.027721
-0.018791
-0.021343
-0.024851
-0.027721
-0.030591
-0.025488
-0.020386
-0.014327
-0.005716
-0.015921
-0.02198
-0.015921
-0.014327
-0.012413
-0.0089051
-0.012413
-0.026764
-0.012094
-0.0089051
-0.0034836
-0.0060349
-0.0073105
-0.0089051
-0.0073105
0.004808
-0.0031647
-0.0060349
-0.0063538
-0.002208
-0.0012513
-0.0015702
-0.0018891
-0.0095429
-0.014008
-0.0034836
0.0057648
0.0016189
0.0019378
0.0013
0.0013
0.0041702
0.020754
0.008635
0.0038513
0.0060837
0.0067215
0.0070404
0.0044891
0.0064026
-0.0066727
0.008635
0.0099106
0.010867
0.0028946
0.00098112
0.0092728
0.0089539
0.016927
0.029683
0.020754
0.012781
0.019797
0.02171
0.023624
0.022029
0.011824
-0.0012513
0.02458
0.031915
0.022348
0.016927
0.013419
0.011186
0.012143
0.01884
0.0054459
0.0035324
-0.0018891
-0.0012513
-0.00061343
-0.0060349
-0.0076295
-0.01624
-0.017835
-0.01337
-0.0060349
-0.011775
-0.013689
-0.012094
-0.012413
-0.009224
0.0099106
-0.0047593
-0.013689
-0.01624
-0.0063538
0.0016189
0.0035324
-0.0031647
-0.011775
0.0057648
0.0054459
0.011186
0.0092728
0.01597
0.018521
0.017564
0.029045
0.029683
0.022986
0.011824
0.013419
0.019478
0.032234
0.022348
0.0054459
-0.005716
0.008316
0.013738
0.010548
0.0038513
0.0064026
0.00098112
0.0028946
0.012143
-0.0018891
-0.0031647
-0.0018891
-0.0012513
-0.0063538
-0.010181
-0.014327
-0.021024
-0.019748
-0.014645
-0.009224
-0.013689
-0.015921
-0.011456
-0.0076295
-0.0089051
0.0032135
-0.0076295
-0.009224
-0.0053971
-0.0038025
-0.0053971
-0.0050782
-0.0018891
-0.013051
0.0032135
0.012462
0.016289
0.0089539
0.0073593
0.014375
0.020116
0.031278
0.029683
0.03638
0.031596
0.028726
0.030002
0.023624
0.022348
0.01597
0.013738
0.032553
0.042121
0.045947
0.029683
0.022667
0.019159
0.028407
0.048818
0.046585
0.041483
0.042439
0.045947
0.043077
0.029683
0.015651
0.0019378
0.0095917
0.0095917
0.013738
0.0032135
-0.021024
-0.02198
-0.018153
-0.029315
-0.024851
-0.034099
-0.043985
-0.039839
-0.040477
-0.04558
-0.042072
-0.038883
-0.053552
-0.038883
-0.03665
-0.037607
-0.037607
-0.03952
-0.036012
-0.028359
-0.018791
-0.022299
-0.020705
-0.02517
-0.020386
-0.017197
-0.014645
-0.012413
-0.018791
-0.023575
-0.0066727
0.0022568
-0.0044404
-0.0034836
-0.0076295
2.4388e-05
0.0051269
0.018521
0.0044891
0.0032135
0.0028946
0.0041702
0.0044891
0.0038513
-0.002208
-0.0089051
-0.0018891
0.0038513
0.0079971
-0.00061343
0.0003433
0.0057648
0.0013
0.0035324
0.020116
0.011186
0.0013
0.0067215
0.0070404
0.008316
0.0095917
0.0064026
-0.0041214
0.0095917
0.010548
0.013419
0.0060837
0.004808
0.0099106
0.017883
0.030959
0.02458
0.024899
0.015013
0.0099106
0.031915
0.038612
0.030321
0.021072
0.01884
0.028726
0.035104
0.030002
0.031596
0.028088
0.034467
0.036699
0.046266
0.035742
0.030002
0.019478
0.014375
0.025537
0.020435
0.0092728
-0.0028458
0.0092728
0.0070404
0.0064026
-0.0031647
-0.0082673
-0.010181
-0.012094
-0.012094
-0.0041214
-0.021024
-0.019748
-0.0079484
-0.027083
-0.03091
-0.027402
-0.027721
-0.046536
-0.029953
-0.025807
-0.028996
-0.031548
-0.031229
-0.013689
-0.012413
-0.010819
-0.015921
-0.013689
-0.013051
-0.0038025
-0.0012513
2.4388e-05
0.0025757
-0.002208
-0.0053971
0.0079971
0.012143
2.4388e-05
0.0028946
0.0076782
0.0079971
0.0079971
0.022667
0.0079971
2.4388e-05
-0.00029452
0.0092728
0.014694
0.013419
0.010867
-0.005716
0.0003433
0.0054459
0.012143
0.01023
0.0057648
0.01023
0.008316
0.014375
0.025537
0.011505
-0.0028458
-0.0044404
0.0003433
0.0073593
0.004808
-0.0018891
0.0057648
0.012143
0.0092728
0.01023
0.0089539
0.01884
0.023624
0.028088
0.042439
0.038612
0.029045
0.043715
0.031596
0.019478
0.029364
0.025856
0.016608
0.0070404
0.0095917
0.020116
0.008316
-0.00029452
-0.0044404
-0.010819
-0.011775
-0.0025269
-0.017197
-0.021024
-0.018791
-0.022937
-0.027402
-0.027721
-0.034418
-0.043028
-0.029634
-0.031229
-0.026126
-0.030272
-0.032823
-0.025488
-0.024532
-0.017516
-0.0098618
-0.014327
-0.018472
-0.012094
-0.011775
-0.0105
-0.012094
-0.014327
-0.028678
-0.012094
-0.0060349
-0.0066727
-0.012732
-0.013689
2.4388e-05
2.4388e-05
0.010548
2.4388e-05
-0.00093234
-0.0015702
0.0054459
0.0028946
-0.00093234
0.0003433
-0.0041214
-0.0025269
0.011505
0.013419
0.0067215
0.0032135
0.0057648
0.012781
0.018521
0.032553
0.012143
0.0022568
0.014375
0.019478
0.019159
0.017246
0.012143
0.0016189
0.014694
0.010867
0.0099106
0.0044891
0.0095917
0.013419
0.0057648
0.010548
0.017564
0.004808
-0.0012513
0.022986
0.042121
0.027132
0.023624
0.026175
0.022986
0.039569
0.050412
0.052645
0.043396
0.035423
0.03925
0.032234
0.039569
0.034786
0.018521
0.008635
0.0038513
-0.0073105
-0.0069916
-0.017835
-0.034418
-0.037607
-0.03378
-0.031548
-0.033461
-0.038245
-0.033142
-0.036331
-0.034418
-0.0073105
-0.024851
-0.031229
-0.02804
-0.029315
-0.023575
-0.021343
-0.020386
-0.033142
-0.014964
-0.014645
-0.012413
-0.016559
-0.017197
-0.0073105
-0.0073105
0.0076782
0.0038513
-0.0038025
-0.009224
0.0003433
0.0013
0.00066221
-0.0050782
-0.011456
-0.01911
-0.0034836
-0.0012513
-0.0044404
-0.009224
-0.009224
-0.012094
-0.010181
0.0019378
-0.011456
-0.0105
-0.0073105
-0.0050782
-0.005716
-0.0076295
-0.011775
-0.031867
-0.026764
-0.01624
-0.0031647
-0.0053971
-0.0066727
-0.0041214
-0.0047593
0.0079971
0.01884
0.0044891
-0.002208
0.0092728
0.014375
0.015332
0.01884
0.016608
0.01597
0.031278
0.028726
0.02777
0.024899
0.018202
0.025856
0.030002
0.029045
0.027132
0.027451
0.015332
0.020116
0.016608
0.011505
0.012143
2.4388e-05
-0.016878
-0.0105
-0.0031647
-0.00029452
-0.0041214
-0.0063538
-0.0105
-0.011456
0.008635
2.4388e-05
-0.0012513
0.0016189
0.0013
0.0022568
0.0019378
0.0057648
-0.0095429
-0.0044404
0.0016189
0.0079971
-0.00061343
0.00066221
0.0032135
-0.0066727
0.00066221
0.01023
-0.002208
-0.0044404
0.00098112
-0.0041214
-0.0012513
-0.0082673
-0.0089051
-0.020705
-0.00061343
0.0038513
-0.0012513
-0.0105
-0.0050782
-0.0034836
-0.0095429
0.00098112
-0.0028458
-0.013051
-0.023256
-0.018153
-0.013689
-0.020386
-0.022299
-0.028996
-0.038245
-0.027402
-0.017197
-0.023256
-0.023894
-0.023256
-0.021343
-0.015602
0.0035324
-0.012413
-0.015921
-0.012413
-0.0050782
-0.002208
-0.0050782
-0.0047593
-0.010819
-0.0034836
0.0054459
0.016289
0.0092728
0.0057648
0.0079971
0.01023
0.028088
0.031278
0.014694
0.004808
0.018202
0.017246
0.015651
0.010867
0.0073593
-0.010181
-0.0015702
0.0095917
0.0067215
-0.00061343
-0.0089051
-0.0050782
-0.0063538
0.0016189
-0.005716
-0.0025269
-0.0018891
-0.0031647
-0.0082673
-0.016559
0.0022568
-0.0063538
-0.009224
-0.0041214
0.0067215
0.017564
0.012462
0.017564
0.019159
0.019478
0.03638
0.03064
0.034786
0.028407
0.03351
0.03638
0.040526
0.04531
0.024899
0.025537
0.023624
0.026175
0.026175
0.01597
0.011824
0.011824
0.019159
0.014056
0.0057648
-0.015283
-0.01337
-0.0095429
-0.022937
-0.01624
-0.011456
-0.032823
-0.022299
-0.014008
-0.023256
-0.020705
-0.023256
-0.02804
-0.02198
-0.012732
-0.02198
-0.02517
-0.022937
-0.02804
-0.027402
-0.033142
-0.034099
-0.03378
-0.04271
-0.027721
-0.0089051
-0.023575
-0.027083
-0.015283
-0.014008
-0.0076295
0.0038513
-0.0041214
-0.0031647
-0.0105
-0.0060349
-0.00029452
-0.0012513
-0.018153
-0.024851
0.0003433
-0.010181
-0.0031647
0.0022568
-0.0063538
-0.0105
-0.00029452
0.014694
0.01884
0.013419
0.0054459
0.017883
0.018202
0.028407
0.022348
0.010548
0.0003433
0.026494
0.041164
0.024262
0.021072
0.023624
0.029683
0.018202
0.026494
0.020435
0.02171
0.034467
0.025537
0.014056
0.014375
0.021072
0.013419
0.023943
0.021072
0.030002
0.021391
0.011824
0.0073593
0.00098112
0.017883
0.026175
0.021391
0.014694
-0.012094
-0.015921
-0.015283
-0.0105
-0.015283
-0.039839
-0.025807
-0.02517
-0.01624
0.0073593
-0.0012513
-0.013689
-0.0044404
0.018202
0.03064
0.030321
0.021391
0.040207
0.038294
0.052326
0.03925
0.042758
0.025856
0.026813
0.041802
0.043715
0.038612
0.0079971
0.02458
2.4388e-05
0.016289
0.010548
-0.013051
-0.020386
-0.00061343
-0.0050782
-0.0095429
-0.017197
-0.029634
-0.025488
-0.020705
-0.029634
-0.029953
-0.021024
-0.010181
-0.023575
-0.012094
0.013419
0.01597
0.034148
0.061574
0.042758
0.012143
0.017883
0.039569
0.063806
0.084217
0.09187
0.068271
0.050093
0.023624
0.034467
0.039888
0.019159
-0.0015702
-0.023256
-0.056742
-0.053552
-0.022618
-0.0044404
-0.02804
-0.055785
-0.058017
-0.040158
-0.029953
-0.020705
-0.018153
-0.0044404
-0.022937
-0.01624
0.021391
0.020754
-0.016878
-0.036331
-0.050682
-0.049407
-0.03091
-0.047812
-0.061844
-0.065033
-0.062163
-0.0050782
0.0022568
-0.080341
-0.070455
-0.045261
-0.03378
-0.025807
-0.023894
-0.045899
-0.053552
-0.01624
-0.017835
-0.039202
-0.0098618
-0.036331
-0.058336
-0.054509
-0.049726
-0.031548
-0.023575
-0.02804
-0.014327
-0.0031647
-0.0082673
-0.0031647
-0.018791
-0.0050782
-0.0038025
-0.010819
0.014694
0.0054459
-0.0095429
0.0022568
-0.0105
-0.027402
-0.00061343
0.0041702
0.0095917
0.011824
0.0089539
0.00098112
-0.0018891
-0.002208
0.0041702
0.023305
0.032872
-0.00029452
0.044353
0.052007
0.028407
0.03638
0.045947
0.059023
0.069866
0.044034
-0.0028458
-0.0105
-0.018791
-0.030272
0.0019378
-0.016878
-0.052915
-0.056423
-0.058336
-0.049407
-0.04271
-0.032504
-0.034418
-0.023894
-0.019429
-0.021024
0.015651
0.010867
-0.015921
0.0038513
0.0038513
0.059979
0.018202
0.0095917
-0.0069916
-0.019429
-0.0063538
0.016927
0.0025757
0.008635
-0.0085862
-0.052915
-0.049088
-0.02198
-0.022618
-0.012094
-0.052915
-0.094692
-0.10107
-0.072049
-0.068541
-0.085443
-0.097881
-0.081617
-0.061844
-0.030591
-0.038245
-0.010181
-0.030272
-0.044304
-0.022937
-0.014008
-0.019748
-0.032504
-0.017197
-0.048131
-0.053234
-0.058017
-0.074601
-0.10235
-0.055466
-0.072049
-0.075557
-0.074919
-0.071411
-0.05419
-0.048769
0.0044891
0.013738
0.026175
0.085173
0.13301
0.10495
0.096016
0.12536
0.13652
0.14353
0.13875
0.15119
0.14098
0.13301
0.16235
0.18595
0.13014
0.11993
0.064125
0.070185
0.077201
0.067633
0.061255
0.037018
-0.025488
-0.031548
-0.0066727
-0.0031647
-0.017197
-0.037607
-0.02804
-0.034737
-0.043347
-0.054509
-0.059612
-0.075557
-0.099157
-0.093416
-0.084168
-0.097881
-0.12212
-0.12116
-0.16581
-0.15592
-0.14699
-0.13487
-0.13679
-0.15082
-0.15114
-0.1285
-0.093097
-0.070455
-0.068222
-0.089908
-0.065352
-0.050044
-0.047493
-0.03952
-0.0018891
0.012462
0.016927
0.0032135
-0.01337
0.0073593
0.0022568
-0.00029452
0.03064
0.042439
0.034148
0.059661
0.077838
0.066995
0.055515
0.042758
0.060298
0.056471
0.078795
0.065082
0.072417
0.072417
0.03351
0.037337
0.041483
0.03925
0.0079971
0.011505
-0.0015702
-0.014964
-0.0095429
-0.020386
-0.037926
-0.054828
-0.053552
-0.045261
-0.047174
-0.038564
-0.075876
-0.088633
-0.074282
-0.046536
-0.035056
-0.043028
-0.04558
-0.040477
-0.040477
-0.04845
-0.039839
-0.039202
-0.026445
0.015332
0.00098112
0.0044891
-0.011456
-0.027402
0.008316
0.03064
0.014375
0.029683
0.014375
-0.0034836
0.019159
0.0131
2.4388e-05
-0.00061343
0.0067215
0.015013
0.014375
0.0095917
0.0044891
0.014694
-0.0031647
0.0044891
0.0089539
-0.023894
-0.065352
-0.058336
-0.049726
0.0089539
0.0095917
-0.012413
-0.020386
-0.017835
-0.029634
-0.026126
-0.0105
0.01884
0.010867
0.012462
0.0035324
0.019159
0.046585
0.056471
0.019797
-0.0025269
0.0064026
-0.0050782
-0.0041214
0.012143
-0.0076295
-0.034737
-0.043666
-0.02517
-0.031229
-0.034418
-0.038883
-0.053234
-0.059612
-0.050363
-0.050363
-0.053552
-0.056742
-0.065033
-0.072049
-0.095011
-0.069817
-0.093416
-0.090546
-0.069498
-0.052596
-0.047493
-0.014964
-0.04271
-0.058017
-0.020705
-0.018791
-0.018472
-0.0105
0.017246
-0.015283
0.0089539
0.022348
-0.0079484
-0.032823
-0.022937
-0.014327
-0.0063538
-0.014008
-0.0060349
-0.014327
-0.0038025
0.0038513
0.0003433
0.012143
-0.026445
-0.025488
-0.033142
-0.00029452
0.01884
0.0064026
0.022348
0.038294
0.07146
0.029364
0.013738
-0.0079484
-0.0031647
0.021391
0.03064
0.037975
0.020435
0.008316
2.4388e-05
-0.0105
-0.038883
-0.02804
-0.051001
-0.029634
-0.05132
-0.066628
-0.090865
-0.087676
-0.074919
-0.055466
-0.056104
-0.05132
-0.05132
-0.050363
-0.044942
-0.034737
-0.049088
-0.037288
-0.041753
-0.03952
-0.047812
-0.015283
-0.0034836
-0.04558
-0.030272
-0.034737
-0.036969
-0.038883
-0.056423
-0.04271
-0.088952
-0.085762
-0.061206
-0.023575
-0.013051
-0.035694
-0.034099
-0.029634
0.0032135
-0.016878
-0.0066727
-0.011775
0.0003433
0.02171
0.014694
0.032234
0.0025757
0.0076782
0.020116
0.0019378
-0.033142
-0.075876
-0.10298
-0.085443
-0.073963
-0.070136
-0.067585
-0.068541
-0.046218
-0.049088
-0.063439
-0.079703
-0.064077
-0.055466
-0.011456
-0.010181
0.020435
0.031915
0.0076782
-0.014327
0.0054459
0.017246
-0.0047593
-0.010181
0.0054459
0.02458
-0.01624
0.0089539
-0.035694
-0.042391
-0.014645
-0.0018891
-0.018153
-0.073006
-0.036969
-0.052596
-0.041753
-0.032186
-0.030272
-0.011137
-0.020705
-0.032504
-0.050044
-0.058336
-0.029315
-0.042391
-0.028678
-0.021661
-0.018791
-0.018472
-0.074282
-0.06886
-0.063758
-0.088633
-0.058017
-0.06025
-0.047812
-0.093097
-0.098519
-0.091822
-0.10171
-0.093416
-0.093097
-0.096605
-0.088314
-0.077471
-0.086719
-0.067266
-0.055466
-0.075876
-0.080022
-0.058655
-0.043347
-0.052915
-0.058655
-0.018791
-0.00029452
0.0073593
-0.009224
-0.032823
-0.050363
-0.028359
0.0092728
0.032234
0.030002
0.018202
0.016289
0.0032135
0.027132
0.00098112
-0.0085862
0.0003433
-0.0050782
0.020116
0.015332
-0.016559
-0.017516
0.0070404
0.078795
0.082941
0.010548
0.012143
0.0044891
0.03064
0.044353
0.061574
0.072417
0.024262
0.018521
-0.0015702
-0.02517
-0.068222
-0.085125
-0.064077
-0.070136
-0.052277
-0.047812
-0.080341
-0.092141
-0.10872
-0.096605
-0.073963
-0.055785
-0.031867
-0.013051
0.0095917
-0.002208
-0.025488
-0.069179
-0.034418
-0.047812
-0.02198
-0.02804
-0.049088
-0.069817
-0.10777
-0.053552
-0.071093
-0.085762
-0.089908
-0.027083
-0.01911
-0.063758
-0.088633
-0.042072
-0.020067
-0.04558
-0.01337
-0.011456
0.0016189
-0.02804
-0.053234
-0.087995
-0.053552
-0.053552
-0.055466
-0.060569
-0.080022
-0.061206
-0.056423
-0.066628
-0.084487
-0.1033
-0.078746
-0.065033
-0.061525
-0.031867
-0.031229
-0.027721
-0.026764
-0.02804
-0.031548
-0.014964
0.054239
0.073055
0.016289
-0.0028458
0.036061
0.03351
0.031278
0.025856
0.023305
0.031915
0.030002
-0.015921
-0.028678
-0.037607
-0.0047593
-0.027721
-0.082254
-0.077471
-0.084168
-0.086719
-0.092141
-0.078427
-0.10745
-0.12307
-0.0864
-0.079703
-0.058017
-0.059612
-0.084487
-0.10362
-0.065671
-0.067903
-0.070774
-0.066309
-0.052915
-0.024213
-0.041753
-0.045899
-0.041753
-0.058974
-0.057379
-0.058974
-0.045261
-0.044304
-0.024532
-0.041115
-0.032823
-0.014964
-0.011456
-0.031229
-0.022618
-0.015921
-0.027083
0.0095917
0.015013
0.0060837
-0.010819
-0.031229
-0.034737
-0.070455
-0.069817
-0.069817
-0.10298
-0.098519
-0.073006
-0.07779
-0.12307
-0.10585
-0.10904
-0.13264
-0.10681
-0.079384
-0.072687
-0.051958
-0.028996
0.0044891
-0.010181
-0.0041214
0.0054459
0.019159
0.050093
0.063169
0.11579
0.082941
0.028407
0.021072
0.037337
0.041483
-0.012413
0.0041702
0.027451
-0.009224
-0.035694
-0.073963
-0.0982
-0.10872
-0.078746
-0.021343
-0.035694
-0.01911
-0.017835
-0.012413
-0.027721
0.0057648
0.043396
0.034148
0.02171
0.016608
0.014694
0.015013
0.00066221
-0.012732
-0.037288
-0.022618
-0.036969
-0.06312
-0.064395
-0.067903
-0.084487
-0.10745
-0.08066
-0.078746
-0.10075
-0.10553
-0.075876
-0.086081
-0.091822
-0.087676
-0.084168
-0.10458
-0.11797
-0.11032
-0.089908
-0.097881
-0.10362
-0.037288
-0.047493
-0.036012
-0.037607
-0.047493
-0.05419
-0.049407
-0.031229
-0.0025269
-0.023894
-0.02517
-0.023894
-0.044304
-0.018472
-0.023575
-0.017835
-0.057698
-0.056423
-0.010181
0.015332
-0.00093234
-0.0034836
0.0067215
0.016608
0.027451
0.042121
0.036061
0.012143
0.018202
0.056153
0.099843
0.12121
0.075606
0.07433
0.053601
0.070503
0.13907
0.10622
0.098249
0.092189
0.13078
0.078157
0.097292
0.081665
0.056153
0.023943
0.033829
0.061893
0.089319
0.0016189
0.0038513
0.039888
0.0016189
-0.074919
-0.084806
-0.062163
-0.078427
-0.096605
-0.14508
-0.14125
-0.12945
-0.16995
-0.17474
-0.17155
-0.19355
-0.19579
-0.18112
-0.17761
-0.16198
-0.10968
-0.073325
-0.039202
-0.014008
-0.00029452
0.0060837
0.028407
0.030959
0.014375
0.013738
0.039569
0.064763
0.047542
0.065401
0.073374
0.017883
-0.014645
-0.049407
-0.042391
-0.030591
0.0032135
0.012462
0.094103
0.10271
0.066995
0.043396
0.060936
0.079752
0.078476
0.052326
0.063806
0.12918
0.1193
0.036061
0.046904
0.072417
0.017564
-0.043985
-0.086719
-0.049088
-0.022618
-0.040158
-0.061206
-0.080979
-0.080979
-0.086081
-0.10968
-0.093416
-0.082892
-0.068222
-0.046855
-0.064714
-0.11989
-0.085762
-0.071411
-0.066309
-0.056742
-0.005716
-0.0041214
0.0028946
0.018202
0.0032135
0.014694
0.022029
0.0073593
0.033829
0.075606
0.069547
0.095697
0.12886
0.10845
0.077838
0.11101
0.10718
0.085811
0.042121
0.044034
0.040845
0.045629
0.020435
0.04531
-0.0050782
-0.017835
-0.029634
-0.069498
-0.098838
-0.10936
-0.12212
-0.12435
-0.10235
-0.093416
-0.10298
-0.081935
-0.032823
0.0057648
0.030002
0.025856
0.018521
0.017883
0.052326
0.057109
0.03638
0.034786
0.047542
0.044034
0.053282
0.046585
0.0095917
-0.032823
-0.038564
-0.088314
-0.074601
-0.057379
-0.062163
-0.064714
-0.013689
0.024899
0.030002
0.023624
0.020754
0.014694
-0.0012513
-0.0095429
0.0041702
0.089638
0.15661
0.15693
0.14417
0.10239
0.077838
0.074649
0.079433
0.09187
0.071779
-0.0034836
-0.01337
0.042439
0.025218
0.0131
0.012143
-0.05419
-0.075876
-0.059931
-0.06025
-0.088314
-0.056423
-0.04845
-0.058017
-0.015921
-0.020705
-0.0073105
-0.010819
-0.036331
-0.061525
-0.077152
-0.042391
-0.0041214
-0.036012
-0.088314
-0.073963
-0.052596
-0.054828
-0.075876
-0.049088
-0.02198
-0.024532
0.012781
0.0025757
0.0095917
-0.0098618
-0.022937
-0.027083
0.010548
0.012462
0.01023
0.012781
0.046904
0.046904
0.0067215
0.014056
-0.014645
-0.02517
0.011505
0.016608
0.0022568
0.025537
0.0079971
-0.017516
-0.002208
-0.013689
-0.025807
-0.038883
-0.009224
-0.027083
-0.033142
-0.047812
-0.05132
-0.033142
-0.057061
-0.029315
-0.018472
-0.048769
-0.028996
-0.028359
-0.034737
-0.041434
-0.062482
-0.046218
0.019159
0.057747
0.043715
0.04531
0.066039
0.12025
0.10048
0.045629
0.1008
0.08326
0.10208
0.11037
0.077838
0.11101
0.037656
-0.014327
0.0038513
0.0003433
-0.0095429
0.011824
-0.0028458
0.010867
-0.0066727
-0.046218
-0.037607
-0.02804
-0.075876
-0.067585
-0.071093
-0.045899
-0.063439
-0.055785
-0.084487
-0.11128
-0.097881
-0.074282
-0.083211
-0.10011
-0.073006
-0.054509
-0.065033
-0.040477
-0.027402
-0.087995
-0.061525
-0.040158
-0.00093234
-0.026126
-0.053234
-0.073644
-0.089908
-0.066309
-0.014964
0.0060837
-0.012413
-0.009224
0.01884
0.015651
0.032872
-0.00061343
0.031596
0.024899
0.046904
0.094103
0.1075
0.042439
0.043396
0.05392
0.02458
0.004808
-0.058336
-0.041115
-0.025807
-0.044304
0.00066221
0.0016189
-0.048131
-0.073325
-0.090865
-0.073963
-0.082892
-0.11446
-0.066628
-0.046218
-0.034418
-0.041434
-0.051958
-0.061206
-0.069179
-0.051639
-0.054509
-0.028359
-0.036331
-0.037607
-0.067266
-0.06025
-0.043985
-0.077471
-0.073006
-0.0050782
-0.002208
0.0016189
0.013738
-0.0069916
0.035742
0.059979
0.039888
0.030321
0.044672
0.0003433
0.075606
0.050412
0.015013
0.0067215
0.0019378
0.0003433
-0.01624
-0.048131
-0.031229
-0.038245
-0.06025
-0.059612
-0.096924
-0.043347
-0.03665
-0.047174
-0.0098618
0.00066221
-0.044623
-0.035375
-0.036969
0.008635
0.012781
-0.054828
-0.02517
-0.013689
0.025537
0.01597
-0.027721
-0.042391
-0.061206
-0.036331
-0.021661
-0.066309
-0.078746
-0.01337
-0.028359
-0.043028
0.0079971
0.0089539
-0.0076295
0.0016189
0.027132
0.0032135
-0.0018891
-0.015283
0.018202
0.062212
0.088362
0.045947
0.0044891
-0.036331
-0.051958
-0.046855
-0.072687
-0.035694
-0.019429
0.0038513
-0.069179
-0.044942
-0.055785
-0.018791
0.021072
0.056471
0.079114
0.08039
0.062531
0.038612
0.049137
0.11292
0.0079971
-0.045899
0.068271
0.07433
0.021072
0.012462
-0.013689
-0.056742
-0.061844
-0.063758
-0.094692
-0.11606
-0.060569
-0.0012513
-0.00029452
2.4388e-05
0.0099106
-0.01911
-0.018153
-0.046218
-0.072049
-0.051001
0.01023
-0.0038025
-0.017835
-0.030591
-0.060887
-0.06025
-0.059931
-0.093735
-0.092141
-0.085443
-0.062482
-0.050363
-0.061844
-0.048769
-0.050044
0.037337
0.0038513
0.0060837
0.036061
0.026175
0.0035324
-0.028678
-0.032186
-0.036969
0.081028
0.073055
0.011505
0.020435
-0.002208
-0.02198
-0.041115
-0.064714
-0.049407
0.0095917
0.0099106
-0.016878
0.016927
0.016608
-0.028678
-0.024213
-0.027083
-0.027402
-0.048131
-0.04845
-0.022618
-0.03665
-0.055466
0.028407
0.071141
0.041164
0.01884
0.024899
0.026494
0.017564
-0.019429
-0.022618
0.055196
0.072417
0.055515
0.018202
-0.0089051
-0.060887
-0.10426
-0.078427
-0.10075
-0.089589
-0.080341
-0.078427
-0.055147
-0.053871
-0.073963
-0.07779
-0.054509
-0.051639
-0.063758
-0.072049
-0.044304
2.4388e-05
-0.019429
0.0019378
0.010548
-0.018791
-0.032504
-0.0073105
-0.024532
-0.029315
-0.022299
-0.020705
-0.020386
-0.016559
-0.018791
0.0013
-0.011456
-0.016559
-0.0044404
0.017883
0.0079971
-0.0053971
0.0089539
0.012462
0.071779
0.14194
0.14896
0.12918
0.14864
0.17287
0.12791
0.087406
0.036061
0.08326
0.1244
0.024899
0.043077
0.046266
-0.023256
-0.051639
-0.079703
-0.10266
-0.16453
-0.13902
-0.11032
-0.10777
-0.10617
-0.085125
-0.028678
-0.018791
0.0079971
0.037975
0.094741
0.090914
0.066995
0.0131
-0.029953
0.064444
0.10813
0.080071
0.048818
0.037975
-0.0044404
-0.04558
-0.086719
-0.13169
-0.13328
-0.12212
-0.12531
-0.13711
-0.13424
-0.14412
-0.14061
-0.12977
-0.10617
-0.087357
-0.086081
-0.084806
-0.061206
-0.024532
0.022029
0.01597
-0.0047593
0.011505
0.031596
0.035423
0.025856
0.038612
0.032553
0.070822
0.11356
0.12759
0.081346
0.037975
0.037656
0.038931
0.03638
0.1413
0.10877
0.089
0.07146
0.078795
0.055515
0.012143
-0.024213
-0.035694
-0.02804
0.0041702
0.024262
0.03638
-0.009224
-0.049088
-0.062163
-0.05132
-0.04558
-0.051639
-0.074282
-0.029953
-0.0085862
-0.032823
-0.02198
-0.079703
-0.061525
-0.051001
-0.061206
-0.073325
-0.057698
-0.043028
-0.041115
-0.06025
-0.040477
-0.040158
-0.030591
-0.027083
-0.017516
-0.0089051
-0.028996
0.01023
0.021072
0.036061
0.028088
0.017246
0.0064026
0.013738
0.004808
-0.024532
0.043077
0.02458
0.039569
-0.0076295
0.0054459
0.01023
-0.0025269
-0.015283
-0.027083
-0.037607
-0.015283
-0.010819
-0.017516
2.4388e-05
0.031278
0.0019378
-0.013689
0.012143
0.0073593
2.4388e-05
-0.030272
-0.035694
-0.010819
0.020754
0.015013
-0.032823
0.025218
0.04818
0.045947
0.033829
0.027451
0.03638
0.054877
0.030959
0.05679
0.054877
0.079752
0.085811
0.062531
0.032553
0.0060837
0.014694
-0.0079484
0.0019378
-0.0012513
-0.022937
-0.03665
-0.049088
-0.06312
-0.081935
-0.039202
-0.040158
-0.059293
-0.064077
-0.052277
-0.06886
-0.075876
-0.060887
-0.062163
-0.071411
-0.054828
-0.036012
-0.041115
-0.043666
-0.045261
-0.038883
-0.024532
-0.005716
-0.018791
-0.018153
0.0028946
0.022986
0.036699
0.046585
0.040845
0.026175
0.052963
0.052007
0.041483
0.040526
0.042758
0.078157
0.069547
0.048499
0.02458
0.022029
0.016927
0.004808
-0.011775
-0.021024
0.0057648
0.0095917
-0.044304
-0.024213
-0.021024
-0.0066727
-0.0063538
-0.011137
-0.012732
-0.00029452
0.013419
0.042758
0.066677
0.050731
0.04818
0.024899
0.022029
0.013419
0.034467
0.058704
0.059342
0.034148
0.026494
0.020435
0.032234
0.03064
0.033829
0.041483
0.0092728
0.010867
0.021072
0.02458
0.036061
0.035104
0.022986
0.019159
0.037656
0.050093
0.047861
0.0022568
0.0038513
0.008635
0.024899
0.024262
0.035742
0.014056
-0.014008
-0.0050782
-0.0076295
-0.018153
-0.013689
0.0099106
-0.034418
-0.021661
-0.011775
-0.052915
-0.030591
-0.0034836
-0.0098618
-0.018791
-0.010819
-0.02198
-0.020067
-0.01624
-0.011137
-0.025488
-0.0089051
-0.0105
-0.022937
-0.023256
-0.005716
0.0013
-0.013689
-0.029315
-0.014645
-0.0047593
-0.0060349
0.017246
-0.0073105
-0.026126
-0.022618
-0.02198
0.0003433
0.008635
0.0067215
-0.011775
0.011505
0.021072
0.011186
0.0016189
-0.00029452
0.013738
0.0070404
0.038931
0.042121
0.026813
0.016289
-0.0069916
-0.0105
0.0028946
0.0060837
0.0019378
-0.011456
0.0016189
0.0035324
-0.00029452
0.0044891
0.0089539
0.014375
0.014694
0.014056
0.019478
0.030959
0.032234
0.067952
0.071779
0.069547
0.058704
0.05392
0.083898
0.069866
0.082622
0.06572
0.037656
0.057747
0.091233
0.061893
0.037975
0.012462
0.02458
-0.00029452
-0.0015702
0.012143
0.041164
0.10016
0.08326
0.056153
0.064444
0.064763
0.054877
0.076244
0.040207
0.026813
0.095378
0.094422
0.048818
0.030959
0.015013
-0.023256
-0.046855
-0.059293
-0.078427
-0.078746
-0.058974
-0.076833
-0.065671
-0.056742
-0.052596
-0.04845
-0.052596
-0.04271
-0.042391
-0.039839
-0.030272
-0.01624
-0.017835
-0.020705
-0.015921
-0.0028458
-0.0063538
-0.00029452
0.014694
0.0057648
-0.00093234
0.011824
0.014375
0.018202
0.038294
0.021072
0.008635
0.010548
0.01023
-0.015283
-0.0076295
-0.0060349
-0.037607
-0.01337
-0.0076295
0.0013
-0.0047593
0.012462
0.018521
-0.0047593
-0.009224
0.027132
0.038931
0.036061
0.079752
0.071141
0.076882
0.086768
0.093465
0.072098
0.09506
0.096654
0.066358
0.070822
0.097292
0.097611
0.092189
0.072098
0.083898
0.089638
0.13301
0.1295
0.14353
0.13205
0.1075
0.085492
0.074968
0.10622
0.090595
0.069228
0.076244
0.089
0.011824
0.014375
0.0022568
-0.015921
-0.054509
-0.087357
-0.093735
-0.088314
-0.087357
-0.086719
-0.10107
-0.083849
-0.073963
-0.073325
-0.078109
-0.064077
-0.057379
-0.059931
-0.029953
-0.028996
-0.025807
-0.036331
-0.028359
-0.011137
-0.0044404
-0.01337
-0.021343
-0.010181
0.0099106
0.0003433
0.02777
0.0064026
2.4388e-05
0.00098112
0.010867
0.024899
0.022986
0.016289
0.0057648
0.014375
0.017883
0.022029
0.004808
-0.0073105
0.01597
0.025218
0.030959
0.038294
0.051369
0.048818
0.03925
0.058066
0.11898
0.11292
0.10973
0.11005
0.11164
0.10941
0.10877
0.1008
0.099205
0.1311
0.10271
0.087725
0.081984
0.069547
0.053282
0.059661
0.049774
0.027451
0.019159
0.023943
0.015013
-0.011456
0.0032135
0.017246
0.015332
0.0038513
0.029364
0.043077
0.021072
0.020754
0.027451
0.033829
0.029364
0.049455
0.044034
0.039569
0.053601
0.060298
0.052007
0.047542
0.052645
0.02777
0.029045
0.027451
0.015332
-0.013689
0.008635
0.026175
0.024899
0.010867
0.033191
0.0073593
-0.021024
-0.016559
-0.011456
2.4388e-05
0.0028946
0.0025757
-0.016878
-0.018472
-0.022937
-0.0076295
0.022986
0.011505
0.0057648
-0.021343
-0.012732
-0.011137
0.0041702
0.011505
0.0057648
0.0070404
0.019159
0.025856
0.020754
0.011505
0.046904
0.064125
0.074012
0.057109
0.067952
0.087087
0.061574
0.076244
0.057747
0.040207
0.045947
0.063487
0.064763
0.046904
0.0079971
-0.0076295
-0.0015702
-0.01337
-0.0053971
-0.012413
-0.014645
-0.017197
-0.017516
-0.0044404
-0.0041214
-0.024851
-0.0038025
0.017246
0.032234
0.044991
0.02777
0.029683
0.016608
0.037656
0.041164
0.061893
0.060298
0.057428
0.071779
0.063806
0.055196
0.056471
0.068909
0.067952
0.058385
0.05679
0.06572
0.06285
0.04531
0.060298
0.094103
0.097611
0.059023
0.05105
0.014056
0.019478
0.085492
0.082622
0.03064
0.0079971
0.034148
0.020435
0.01023
-0.0063538
-0.026764
-0.051001
-0.012094
-0.021343
-0.0015702
-0.0066727
0.0070404
0.01597
0.01597
0.029045
0.027132
0.0022568
0.023624
0.031596
0.013738
0.015651
0.035423
0.031596
0.0079971
0.015651
-0.0069916
-0.005716
-0.0089051
-0.02198
0.032234
0.042439
0.015013
0.029045
0.024262
0.029364
0.051369
0.062212
0.049455
0.094741
0.10909
0.11866
0.12631
0.11388
0.087725
0.080709
0.097611
0.057428
0.092508
0.078795
0.041483
0.032234
0.023943
-0.019429
-0.014327
-0.031867
-0.073963
-0.096924
-0.080022
-0.1049
-0.11128
-0.10553
-0.11096
-0.12084
-0.11128
-0.12276
-0.09533
-0.089908
-0.0982
-0.073325
-0.050363
-0.035694
-0.028996
-0.028678
-0.044304
-0.06025
-0.034737
0.026175
0.013419
-0.015283
0.0073593
-0.0015702
0.012781
0.010867
0.032872
0.032553
0.026175
0.026175
0.037018
0.031278
0.029364
0.046904
0.066995
0.11069
0.073693
0.064125
0.10782
0.11228
0.10973
0.12663
0.11324
0.096973
0.08039
0.063806
0.06859
0.060617
0.098249
0.067314
0.059661
0.061255
0.071141
0.064125
0.026813
0.014375
0.017246
0.048818
0.057428
0.027451
0.031915
0.018521
-0.0105
-0.0079484
-0.026764
-0.021343
0.017564
-0.005716
-0.057379
-0.043347
-0.048769
-0.049088
-0.070455
-0.068541
-0.059931
-0.055147
-0.092778
-0.0982
-0.088314
-0.083849
-0.099476
-0.11478
-0.12658
-0.12722
-0.12371
-0.11478
-0.11638
-0.11925
-0.14253
-0.11989
-0.087676
-0.069817
-0.098519
-0.10936
-0.071411
-0.067585
-0.056742
-0.04271
-0.035056
-0.050363
-0.019429
-0.015921
0.016927
0.061893
0.047223
0.038931
0.063487
0.093146
0.078476
0.069547
0.10239
0.12663
0.083898
0.092189
0.062531
0.069228
0.057109
0.043077
0.032234
0.058385
0.068271
0.034148
0.023943
0.029045
0.025856
0.020435
0.03351
0.023305
0.0016189
0.0025757
0.033829
0.081984
0.047542
0.070503
0.089957
0.10016
0.093465
0.066039
0.058066
0.064125
0.060617
0.11228
0.092189
0.072417
0.071141
-0.0095429
-0.022937
-0.021661
0.0016189
-0.053552
-0.040477
-0.071093
-0.088952
-0.10617
-0.096924
-0.080979
-0.081617
-0.088952
-0.086081
-0.10075
-0.12722
-0.12563
-0.091822
-0.097243
-0.11383
-0.12339
-0.13998
-0.11191
-0.085762
-0.096924
-0.080341
-0.029953
-0.043985
-0.051001
-0.029953
-0.023894
-0.019429
-0.0079484
-0.005716
-0.016878
-0.031867
-0.047493
-0.06025
-0.033142
-0.037926
-0.062163
-0.07173
-0.090227
-0.093097
-0.10362
-0.082254
-0.023256
-0.031867
-0.035375
-0.022618
-0.015921
0.0067215
0.0092728
0.0019378
-0.010819
0.044991
0.097292
0.085811
0.075287
0.058704
0.03638
0.058385
0.085811
0.064125
0.075925
0.052007
0.072736
0.077838
0.061893
0.066995
0.048499
0.015651
0.022986
0.025856
0.032553
0.011505
0.026175
0.0070404
0.0051269
0.01884
-0.037607
-0.046536
-0.03378
-0.051958
-0.031867
-0.044304
-0.059612
-0.073644
-0.075238
-0.096605
-0.099476
-0.089908
-0.092778
-0.10841
-0.10936
-0.10649
-0.095968
-0.10809
-0.12084
-0.11861
-0.11765
-0.11287
-0.11351
-0.11733
-0.12531
-0.097562
-0.093735
-0.11287
-0.10235
-0.092141
-0.089589
-0.087995
-0.069817
-0.080022
-0.074601
-0.060887
-0.059293
-0.064077
-0.05132
-0.017835
-0.010181
0.028088
0.067952
0.075925
0.063806
0.061893
0.064763
0.075925
0.07146
0.10048
0.10495
0.098886
0.086449
0.047542
0.045947
0.042758
0.042439
-0.0098618
-0.013051
0.0095917
0.0092728
0.028407
0.041483
0.012143
0.026813
0.03064
0.048818
0.052007
0.075925
0.070503
0.050093
0.058066
0.054877
0.039888
0.03925
0.043396
0.037656
0.026813
0.0013
-0.0098618
-0.014964
-0.048131
-0.040158
-0.042391
-0.061844
-0.06886
-0.043985
-0.071093
-0.083211
-0.07173
-0.070774
-0.057061
-0.047812
-0.033142
-0.033142
-0.016878
-0.028996
-0.038883
0.012143
0.031915
-0.0015702
-0.024532
-0.020705
-0.013689
-0.02198
-0.016878
-0.03091
-0.04271
-0.059293
-0.029315
-0.034099
-0.04558
-0.059612
-0.047493
-0.030591
-0.026445
-0.0073105
-0.016878
-0.015283
-0.013689
-0.013689
-0.009224
-0.021024
-0.014964
-0.021343
-0.0038025
-0.0025269
-0.014645
-0.017197
-0.024532
-0.015283
-0.021661
-0.013689
-0.017197
-0.012413
0.014694
0.031915
0.026813
0.030959
0.035104
0.066995
0.050731
0.079114
0.081346
0.080071
0.085492
0.084536
0.074968
0.08613
0.10112
0.052963
0.016289
0.035423
-0.0015702
-0.041434
-0.036331
-0.042391
-0.028996
-0.047493
-0.047493
-0.018791
-0.032504
-0.01624
0.0092728
0.03351
0.044991
0.058704
0.056153
0.055515
0.071779
0.075925
0.063806
0.047861
-0.0034836
0.004808
-0.017516
-0.015921
-0.036331
-0.083211
-0.093416
-0.10107
-0.11797
-0.10841
-0.099794
-0.089908
-0.077471
-0.021024
-0.034099
-0.041434
-0.045899
-0.057698
-0.032186
0.00066221
0.013738
0.027132
0.0095917
-0.014964
0.0013
-0.020705
-0.024851
-0.022937
-0.032823
-0.038564
-0.052596
-0.056742
-0.056742
-0.054828
-0.073644
-0.064395
-0.059612
-0.06025
-0.078746
-0.066309
-0.047174
-0.042072
-0.03952
-0.043028
-0.023575
-0.01911
-0.0079484
-0.014964
0.0003433
0.010548
-0.0082673
-0.0095429
0.010548
0.032553
0.057109
0.019797
0.0060837
0.014056
0.04531
0.042758
0.037018
0.057747
0.078157
0.059342
0.057747
0.072417
0.05679
0.016608
0.059661
0.062212
0.06859
0.077838
0.043715
0.052963
0.033829
0.02777
0.040845
0.064125
0.016289
0.017564
0.029364
0.021072
0.012462
0.033191
0.056471
0.074012
0.078476
0.10303
0.064763
0.047223
0.029364
0.014375
0.012781
0.046904
0.021072
-0.014964
-0.0050782
-0.010181
-0.056423
-0.019748
-0.063439
-0.11574
-0.087676
-0.073644
-0.084487
-0.077152
-0.083849
-0.051639
-0.06025
-0.052596
-0.077471
-0.068222
-0.04271
-0.051639
-0.054828
-0.073644
-0.077471
-0.073644
-0.058974
-0.055147
-0.046536
-0.04558
-0.012413
-0.021024
-0.026126
-0.021661
0.014694
0.0092728
-0.0038025
-0.0085862
0.01023
0.019159
0.023943
0.011505
-0.014008
-0.020386
-0.014645
-0.023894
-0.026764
-0.028678
0.0016189
0.029364
0.031915
0.015651
0.017564
0.029045
0.055196
0.068271
0.074012
0.046904
0.092508
0.076244
0.038612
0.059342
0.079433
0.044034
0.070822
0.067952
0.049137
0.048818
0.0099106
-0.024213
-0.032823
-0.014964
-0.0018891
0.010548
-0.0082673
-0.02198
-0.030272
-0.023256
-0.031867
-0.082573
-0.077471
-0.056742
-0.057698
-0.034099
-0.023575
-0.055785
-0.084168
-0.073006
-0.048769
-0.047812
-0.046218
-0.049407
-0.049088
-0.038245
-0.012413
-0.035056
-0.031548
-0.055147
-0.044304
-0.018472
0.0095917
0.010867
0.0054459
0.020754
0.010548
0.018202
0.0131
0.0131
-0.018791
-0.018472
0.0028946
-0.011775
0.0003433
-0.018791
-0.016878
-0.0041214
-0.032186
-0.03091
-0.022299
-0.017835
-0.043028
-0.024213
-0.021024
-0.012413
-0.0073105
0.016608
0.023943
0.027132
0.039888
0.030002
0.011824
0.017246
0.027451
0.036061
0.046904
0.045947
0.043715
0.04818
-0.0025269
0.02171
-0.0015702
0.0095917
0.0079971
0.048499
0.07433
0.024262
0.03064
0.026175
0.022348
0.044353
0.072736
0.042758
0.050412
0.056471
0.052645
0.070185
0.061255
0.024899
-0.022618
0.0028946
0.027451
0.017564
-0.010819
-0.019748
-0.033142
-0.053552
-0.080341
-0.052915
-0.052596
-0.067266
-0.079384
-0.065671
-0.058336
-0.043666
-0.035375
-0.052277
-0.040158
-0.044623
-0.012413
-0.0076295
-0.0028458
-0.005716
0.016289
-0.014645
-0.0015702
-0.022618
-0.052277
-0.041753
-0.044623
-0.0089051
-0.020386
-0.029634
-0.060569
-0.055785
-0.038245
-0.009224
-0.0050782
0.022029
0.039888
0.042758
0.031278
0.03351
0.051369
0.059979
0.061893
0.085173
0.12536
0.090276
0.064444
0.11005
0.10048
0.10016
0.079433
0.07752
0.042758
0.035423
0.046904
0.052963
0.013419
-0.012094
0.019159
0.0070404
-0.044942
-0.056104
-0.041753
-0.074282
-0.067903
-0.023256
-0.049407
-0.071411
-0.066947
-0.07779
-0.067585
-0.053871
-0.024851
-0.014964
-0.029315
-0.020067
-0.0044404
0.021072
-0.015921
-0.018472
-0.020705
0.025856
0.051369
0.055515
0.066677
0.05679
0.032553
0.022986
0.038612
0.043396
0.040207
0.03925
0.050412
-0.005716
-0.00061343
0.025537
-0.033142
-0.019748
-0.02517
-0.019748
-0.031229
-0.024213
-0.036969
-0.045899
-0.050363
-0.024851
-0.034737
-0.058974
-0.053234
-0.037607
-0.024532
-0.013689
0.011824
0.019478
0.035104
0.030321
0.020435
0.037975
0.07146
0.082941
0.05392
0.075606
0.075925
0.058066
0.042121
0.072417
0.058704
0.040207
0.0064026
-0.011456
0.03638
0.034786
-0.011456
-0.018791
-0.020386
-0.0066727
0.0070404
0.024899
0.023624
-0.017516
-0.051958
-0.031548
-0.041434
-0.011456
-0.0012513
-0.0063538
-0.015921
-0.034418
-0.024532
-0.022937
-0.0053971
-0.0063538
-0.024532
-0.032823
-0.03378
-0.014964
-0.020067
-0.016559
-0.018153
-0.03091
-0.032186
-0.066947
-0.049088
-0.043985
-0.031548
-0.051001
-0.043028
-0.032823
-0.018153
-0.0079484
-0.03378
-0.018791
-0.019429
-0.0089051
-0.027721
-0.0105
-0.010819
-0.005716
0.0070404
-0.0060349
-0.017197
-0.0060349
-0.010819
-0.026445
-0.021661
-0.012094
-0.002208
0.0054459
0.030002
0.011824
0.013738
0.011186
0.020435
0.024899
0.022348
0.027132
0.00098112
0.023305
0.044353
0.03064
0.025218
0.040526
0.061255
0.048818
0.043077
0.037018
0.029045
0.0070404
0.010548
0.014694
-0.0066727
-0.013689
-0.023575
-0.043347
-0.026764
-0.01624
-0.029953
-0.027402
-0.02804
-0.016559
0.01023
0.04818
0.040845
0.052645
0.045947
0.02777
0.043715
0.067633
0.081028
0.056471
0.047223
0.067952
0.045947
0.03064
0.037018
0.023624
-0.0069916
-0.03665
-0.020067
-0.045261
-0.039839
-0.053871
-0.074282
-0.054828
-0.069817
-0.08066
-0.11574
-0.13264
-0.1218
-0.10713
-0.093097
-0.066628
-0.061525
-0.08353
-0.062163
-0.024213
-0.0073105
-0.014964
-0.017516
-0.015921
-0.0028458
0.025218
0.025218
0.024262
0.035423
0.029683
0.026813
0.017883
0.029364
0.020435
0.0054459
0.017246
0.026175
0.014056
0.0028946
-0.002208
0.0032135
0.011505
0.027132
0.0044891
-0.010819
-0.0050782
-0.018791
-0.020067
-0.0063538
-0.0073105
-0.0038025
0.0019378
0.0025757
-0.022937
-0.00029452
0.0057648
0.0099106
-0.040158
-0.011137
0.0070404
-0.017835
-0.012094
-0.0105
-0.0089051
0.0076782
-0.022937
-0.029634
-0.019748
-0.013051
0.0013
0.010548
-0.0069916
-0.0089051
0.022029
0.023305
0.024899
0.011824
0.015332
0.022986
0.010867
0.024262
0.027132
0.017246
0.026494
0.0032135
0.012143
-0.002208
-0.012094
-0.017835
-0.01337
-0.019748
-0.027721
-0.031548
-0.03665
-0.050363
-0.043347
-0.020067
-0.027083
-0.031229
-0.022937
-0.005716
-0.02198
-0.011137
-0.021024
-0.015283
-0.013689
-0.00093234
-0.0038025
0.00066221
-0.013689
-0.018153
0.0032135
-0.0047593
0.0028946
0.016927
0.016289
0.035742
0.030002
0.049774
0.02777
2.4388e-05
0.01884
0.036699
0.049455
0.049455
0.052963
0.047223
0.03351
0.019478
0.01884
0.042758
0.038612
0.016289
0.018202
0.0079971
0.004808
-0.0073105
-0.021024
-0.024213
-0.02517
-0.03952
-0.036969
-0.031548
-0.04271
-0.055466
-0.057698
-0.04558
-0.050044
-0.043347
-0.04558
-0.041753
-0.026445
-0.012094
-0.034418
-0.022618
-0.009224
-0.024532
-0.030591
-0.02198
-0.013689
-0.019748
-0.012413
-0.013689
0.004808
0.0028946
-0.0047593
0.0003433
0.0079971
0.029045
0.04531
0.053282
0.031596
0.025537
0.013419
0.025218
0.028088
0.026494
0.02171
0.032553
0.033829
0.0057648
0.0079971
0.0095917
0.00098112
-0.01624
-0.0089051
0.0019378
-0.0082673
-0.014645
-0.0066727
-0.010181
-0.023894
-0.012413
-0.014964
-0.025488
-0.013051
0.0003433
0.0064026
0.0057648
0.015651
0.0079971
0.0070404
0.020754
0.015332
0.038931
0.029364
0.019159
0.011186
0.018202
0.037018
0.013419
0.018521
0.022029
0.0041702
-0.00029452
0.017883
0.013738
-0.0098618
-0.0073105
0.0003433
-0.012413
-0.038564
-0.052277
-0.035375
-0.031548
-0.034099
-0.041434
-0.056742
-0.037288
-0.022299
-0.020705
-0.023575
-0.023575
-0.017516
-0.01624
0.004808
-0.0015702
-0.005716
-0.0063538
-0.002208
0.0003433
-0.0038025
-0.012094
-0.017197
-0.026764
-0.024213
-0.016878
-0.019748
-0.019748
-0.022299
-0.015921
-0.014645
0.0022568
-0.011775
-0.016878
-0.01337
-0.0089051
-0.0047593
-0.0034836
-0.0053971
-0.016559
-0.0050782
-0.002208
0.0019378
-0.0015702
0.010867
0.028407
0.019797
0.022667
0.030002
0.030959
0.021391
0.028088
0.034148
0.040526
0.040207
0.03064
0.022986
0.050731
0.042121
0.02777
0.021072
0.025856
0.030002
0.023305
0.036699
0.017564
0.011824
0.0057648
-0.012094
-0.0082673
-0.0015702
-0.027083
-0.027083
-0.019748
-0.017197
-0.011775
-0.018153
-0.026764
-0.011775
-0.014964
-0.03091
-0.005716
-0.002208
-0.0066727
-0.01337
-0.0098618
-0.0089051
-0.023256
-0.02198
-0.023575
-0.024213
-0.022299
-0.016878
-0.025807
-0.030272
-0.024851
-0.026764
-0.020386
-0.015602
-0.016559
-0.023256
-0.018791
-0.015283
-0.012413
-0.013051
-0.016878
-0.028996
-0.0089051
-0.005716
-0.0079484
-0.0073105
-0.0012513
-0.0069916
-0.0038025
0.010867
-0.0015702
-0.011137
-0.0053971
0.0060837
-0.0018891
-0.005716
0.0016189
-0.011456
-0.014008
0.0060837
0.01884
0.0041702
-0.0031647
0.0025757
0.012143
0.018521
0.031596
0.017246
0.018521
0.03064
0.036061
0.034148
0.032234
0.032553
0.025218
0.043715
0.045947
0.052963
0.052963
0.052645
0.046904
0.042758
0.05679
0.052963
0.03351
0.031915
0.029683
0.019159
0.020435
0.0067215
-0.0085862
-0.014964
0.00066221
0.0095917
0.028726
0.042758
0.011186
0.0028946
0.014694
0.042439
0.029045
0.032872
0.034467
0.034467
0.046585
0.03925
0.008635
0.0003433
0.0016189
-0.011775
-0.012413
-0.016878
-0.029953
-0.040796
-0.046536
-0.043347
-0.031548
-0.046855
-0.06025
-0.061844
-0.058655
-0.059293
-0.057379
-0.060887
-0.066628
-0.045899
-0.044942
-0.040477
-0.041753
-0.042072
-0.03091
-0.024851
-0.01337
-0.011456
-0.014008
-0.016559
-0.0105
-0.0047593
-0.005716
-0.0095429
-0.010819
-0.023575
-0.0073105
0.0041702
-0.0038025
-0.0079484
-0.0095429
-0.0095429
-0.017516
-0.0060349
-0.01624
-0.013689
-0.014645
-0.0105
-0.010819
-0.014008
-0.011456
-0.0095429
0.0054459
0.0038513
0.0057648
0.0038513
0.0095917
0.015651
0.013738
0.023305
0.039569
0.029364
0.022029
0.023943
0.018202
0.011824
0.014375
0.014694
-0.002208
0.0076782
0.01023
0.0095917
0.0079971
0.0076782
0.012462
0.016289
0.026813
0.019159
0.022029
0.021391
0.020116
0.015332
0.01597
0.022986
0.022029
0.0092728
0.014694
0.014694
0.011824
0.012462
0.0089539
0.0044891
0.008316
0.028726
0.012143
0.020754
0.018202
0.0051269
0.0070404
0.013419
0.0095917
-0.010819
0.010867
0.01023
0.0076782
0.0016189
-0.0018891
0.0054459
-0.0025269
-0.00061343
0.0057648
-0.00061343
-0.018153
-0.021024
-0.01624
-0.011456
-0.0098618
-0.017197
-0.034737
-0.020067
-0.015921
-0.01624
-0.02198
-0.021024
-0.018153
-0.017516
-0.0050782
-0.010181
-0.011775
-0.014008
-0.0098618
-0.0076295
-0.0079484
-0.0069916
-0.013051
-0.020386
-0.0079484
0.0022568
-0.0015702
-0.002208
-0.0018891
-0.002208
0.0013
0.017246
0.0057648
0.0025757
0.0054459
0.0089539
0.0076782
0.0067215
0.0060837
-0.0034836
0.0051269
0.008316
0.013419
0.0079971
0.0060837
0.0089539
0.0092728
0.015332
0.026175
0.01597
0.0035324
0.008635
0.010867
0.0131
0.014375
0.011186
-0.0031647
0.022348
0.021072
0.01884
0.015013
0.017564
0.023624
0.03064
0.040845
0.029683
0.031278
0.03638
0.045947
0.059661
0.047223
0.042439
0.053282
0.052645
0.057109
0.066677
0.063806
0.053601
0.061574
0.066039
0.075606
0.084536
0.070185
0.048499
0.044353
0.044672
0.032872
0.018521
0.0022568
-0.0060349
0.0041702
-0.0073105
-0.012094
-0.027721
-0.038883
-0.044942
-0.051639
-0.044304
-0.039202
-0.051958
-0.059612
-0.053552
-0.052915
-0.053234
-0.053552
-0.051001
-0.060569
-0.043666
-0.039202
-0.038564
-0.038564
-0.035694
-0.031867
-0.029953
-0.014964
-0.01911
-0.018153
-0.018791
-0.01337
-0.0105
-0.0105
-0.009224
-0.014964
-0.017197
-0.0060349
0.0022568
-0.00061343
-0.0012513
0.0013
0.0013
0.0041702
0.019159
0.0070404
0.0038513
0.0064026
0.008316
0.0092728
0.008635
0.0079971
-0.0028458
0.0099106
0.0092728
0.014375
0.0095917
0.0089539
0.011824
0.011824
0.015332
0.026494
0.019159
0.011186
0.016608
0.017883
0.018521
0.016289
0.016608
0.0044891
0.017564
0.020754
0.025856
0.022986
0.020435
0.024262
0.025218
0.032234
0.028726
0.028088
0.028088
0.02458
0.019478
0.019478
0.025856
0.022667
0.020754
0.028407
0.037337
0.028088
0.026813
0.024262
0.026494
0.029045
0.03925
0.013419
0.008635
0.0079971
0.0131
0.011505
-0.00093234
-0.0098618
-0.031867
-0.01624
-0.012094
-0.011137
-0.018791
-0.022299
-0.018791
-0.017516
-0.0098618
-0.0028458
-0.0076295
-0.014964
-0.0073105
-0.0069916
-0.0079484
-0.0079484
-0.012094
-0.025488
-0.0079484
-0.0015702
-0.0034836
-0.0063538
-0.0063538
-0.0044404
-0.0015702
0.011824
0.0022568
0.0013
0.00066221
0.0044891
0.0054459
0.0032135
0.0041702
-0.0050782
0.0003433
0.0060837
0.015013
0.010867
0.0067215
0.0099106
0.008635
0.014694
0.03064
0.017246
0.011505
0.010548
0.012781
0.018521
0.017883
0.012143
0.0025757
0.016289
0.012462
0.015651
0.014375
0.020116
0.032553
0.038612
0.036699
0.037337
0.041164
0.036699
0.038612
0.042121
0.040207
0.037656
0.032234
0.015651
0.046904
0.071141
0.042758
0.027132
0.0131
0.021072
0.029683
0.036699
0.023943
0.019478
0.013419
0.02458
0.013738
0.0003433
-0.0044404
-0.013689
-0.009224
-0.0079484
-0.010819
-0.01337
-0.016878
-0.026126
-0.025488
-0.02517
-0.012413
-0.031548
-0.037607
-0.028678
-0.033142
-0.037288
-0.037607
-0.035694
-0.049088
-0.03378
-0.03091
-0.026445
-0.03378
-0.034099
-0.027083
-0.024532
-0.015921
-0.01337
-0.014964
-0.019748
-0.01337
-0.011775
-0.009224
-0.0079484
-0.010181
-0.021024
-0.0050782
0.0032135
-0.00061343
0.0013
0.0016189
2.4388e-05
0.0076782
0.020435
0.0067215
0.0054459
0.0051269
0.0079971
0.0076782
0.0060837
0.0051269
-0.0034836
-0.00093234
0.0028946
0.012143
0.0064026
0.0054459
0.0070404
0.0076782
0.010867
0.026494
0.013419
0.004808
0.0073593
0.010548
0.0092728
0.008316
0.0076782
-0.0066727
0.0067215
0.0076782
0.01023
0.004808
0.0019378
0.0067215
0.0099106
0.0095917
0.0131
0.030002
0.028407
0.027132
0.029364
0.02777
0.031278
0.039888
0.025218
0.054239
0.067314
0.050731
0.042758
0.043077
0.043077
0.038931
0.052963
0.036699
0.026813
0.020116
0.014694
0.00098112
-0.005716
-0.0060349
-0.018153
-0.02517
-0.028996
-0.014327
-0.019748
-0.024532
-0.023256
-0.023256
-0.021661
-0.0082673
-0.017516
-0.02198
-0.024532
-0.022937
-0.025488
-0.023575
-0.025488
-0.034099
-0.020705
-0.024532
-0.027721
-0.027083
-0.034418
-0.031229
-0.02804
-0.014645
-0.016878
-0.020067
-0.024851
-0.020386
-0.018472
-0.015283
-0.014327
-0.017835
-0.023575
-0.0082673
0.00098112
0.0013
-0.0041214
0.0013
0.0054459
0.0067215
0.021391
0.012781
0.011186
0.012462
0.013738
0.016289
0.015332
0.013738
0.0041702
0.0092728
0.0095917
0.015013
0.008316
0.0032135
0.0038513
0.0070404
0.010867
0.022348
0.0073593
-0.00061343
0.0022568
-0.00061343
0.0019378
0.0032135
0.0025757
-0.011775
0.0064026
0.014694
0.026813
0.025856
0.026175
0.02458
0.029045
0.047861
0.04818
0.058066
0.052963
0.052326
0.059342
0.056153
0.035742
0.022029
0.01884
0.032234
0.035423
0.014056
0.0051269
0.0060837
-0.011137
-0.015921
-0.0079484
-0.023256
-0.028359
-0.027402
-0.024213
-0.03091
-0.02804
-0.029634
-0.040477
-0.029634
-0.027083
-0.01911
-0.028678
-0.02804
-0.018472
-0.01337
-0.010819
0.0019378
-0.0031647
-0.011456
-0.012732
-0.0082673
-0.0069916
-0.0041214
-0.0085862
-0.021343
-0.0060349
-0.0034836
-0.0025269
-0.0089051
-0.0073105
-0.0073105
-0.014645
-0.0031647
-0.0044404
-0.0012513
-0.012413
-0.0082673
-0.012094
-0.013689
-0.012094
-0.019429
-0.023575
-0.01337
-0.0069916
-0.0069916
-0.012413
-0.011137
-0.012732
-0.0089051
0.0099106
-0.0044404
-0.0073105
-0.0041214
-0.0018891
-0.0012513
-0.0018891
-0.0025269
-0.011137
0.00066221
0.0028946
0.0076782
0.0013
0.00098112
0.0057648
0.0073593
0.010867
0.022986
0.012781
0.0035324
0.008635
0.012143
0.010548
0.0057648
0.008316
-0.0031647
0.011186
0.01023
0.0079971
0.0051269
0.0051269
0.0054459
0.0038513
0.017883
0.013419
0.0131
0.0089539
0.010867
0.008635
0.0089539
0.024262
0.03351
0.020116
0.02171
0.032553
0.032872
0.021391
0.021072
0.023624
0.02777
0.044034
0.03351
0.028407
0.02171
0.022029
0.018521
0.015013
0.010548
-0.0028458
0.012462
0.012143
0.013738
0.0041702
-0.005716
-0.00061343
0.0070404
0.014375
0.011186
-0.0069916
-0.014645
-0.015602
-0.016878
-0.012094
-0.0018891
-0.0095429
-0.026764
-0.0105
-0.0085862
-0.0105
-0.012413
-0.011137
-0.011775
-0.0082673
0.0003433
-0.0105
-0.012094
-0.014964
-0.014964
-0.015921
-0.024213
-0.022937
-0.026764
-0.028996
-0.019748
-0.0105
-0.014964
-0.01624
-0.013689
-0.011775
-0.0079484
0.012143
-0.00061343
-0.0076295
-0.0025269
0.0032135
-0.0012513
-0.0044404
-0.0073105
-0.014327
-0.0018891
-0.0044404
-0.0012513
-0.0095429
-0.009224
-0.0079484
-0.0069916
-0.00093234
0.0051269
-0.002208
-0.010181
-0.0069916
-0.0041214
-0.00061343
-0.0034836
-0.0034836
-0.016878
-0.002208
0.0057648
0.0025757
0.0019378
0.0016189
-0.00061343
0.0079971
0.020754
0.012143
0.0070404
0.010548
0.014694
0.0131
0.022029
0.021391
0.0079971
0.0079971
0.019478
0.025537
0.022348
0.020754
0.0076782
0.0057648
0.012143
0.028726
0.011186
-0.0031647
-0.002208
-0.0060349
-0.0060349
-0.0050782
-0.0066727
-0.022299
-0.016878
-0.014964
-0.010181
-0.012413
-0.0082673
-0.0044404
-0.0050782
0.0041702
0.0057648
-0.0028458
-0.0085862
-0.0038025
-0.0018891
-0.00093234
-0.0050782
-0.013051
-0.026445
-0.002208
0.00066221
-0.0060349
-0.0105
-0.013051
-0.0089051
-0.0089051
0.0057648
-0.0085862
-0.0089051
-0.0085862
-0.0050782
-0.0031647
-0.005716
-0.0031647
-0.012094
-0.0095429
-0.0050782
0.0070404
0.00066221
-0.0018891
0.0003433
-0.00093234
0.0051269
0.020754
0.0070404
-0.00029452
0.0064026
0.0044891
0.0051269
0.0041702
0.0032135
-0.0095429
0.004808
0.0067215
0.008635
0.0044891
0.0028946
0.0070404
0.0092728
0.015013
0.017883
0.010867
0.0054459
0.010548
0.011505
0.01023
0.011824
0.0032135
-0.011137
0.004808
0.012143
0.0099106
0.0064026
0.0060837
0.0057648
0.0079971
0.019797
0.0092728
0.0079971
0.0044891
0.008635
0.0095917
0.0079971
0.0038513
-0.0053971
0.0032135
0.008316
0.011824
0.0041702
0.0067215
0.008316
0.0057648
0.011505
0.023624
0.0095917
0.0057648
0.012143
0.0092728
0.0076782
0.0089539
0.0073593
-0.0047593
0.0076782
0.0070404
0.0095917
0.011505
0.0035324
0.0054459
0.008635
0.01884
0.029364
0.033191
0.019159
0.022348
0.02171
0.018202
0.017564
0.015013
0.0032135
0.015013
0.01884
0.013738
-0.010181
-0.012094
-0.0076295
-0.010181
-0.00093234
-0.015921
-0.020705
-0.024213
-0.021024
-0.017516
-0.022618
-0.019748
-0.022937
-0.017516
-0.020705
-0.017835
-0.021343
-0.016878
-0.013051
-0.015921
-0.012413
-0.00061343
-0.015283
-0.026126
-0.024851
-0.0095429
-0.0105
-0.017197
-0.011775
-0.014645
-0.0069916
-0.011775
0.0025757
0.0028946
0.0054459
0.008316
0.010867
0.023305
0.017246
0.014375
0.012781
0.018202
0.016289
0.014694
0.014694
0.008635
-0.0047593
0.0089539
0.01884
0.016608
0.012143
0.0070404
0.0051269
0.0092728
0.028726
0.010867
0.0054459
0.0079971
0.012143
0.011824
0.0131
0.010867
-0.0012513
0.0057648
0.01023
0.015013
0.0060837
0.018521
0.019159
0.015013
0.022348
0.031596
0.017564
0.0076782
0.0131
0.020435
0.017564
0.013419
0.008635
-0.0015702
0.013738
0.0070404
0.0089539
0.0051269
-0.0038025
0.008635
0.0089539
0.0054459
0.0099106
0.01023
0.0070404
0.0089539
0.0032135
-0.00061343
0.0070404
0.0016189
-0.0085862
0.0019378
0.0092728
-0.00029452
-0.0073105
-0.0028458
-0.0066727
-0.0031647
0.010867
-0.014008
-0.0050782
-0.0025269
0.0070404
-0.0025269
-0.016559
-0.0034836
-0.0038025
0.0038513
0.0038513
0.008316
0.0022568
-0.0095429
-0.0038025
0.008316
0.016289
0.038931
0.026175
0.032553
0.037337
0.023943
0.023943
0.03064
0.044353
0.024262
0.032872
0.04531
0.050093
0.032872
0.032234
0.030002
0.017883
0.018202
0.0089539
-0.00029452
-0.010181
-0.014327
-0.015602
-0.017516
-0.021024
-0.027721
-0.032823
-0.027402
-0.016878
-0.021024
-0.01624
-0.019429
-0.019748
-0.012094
0.0044891
-0.0012513
-0.0053971
-0.0069916
-0.0063538
-0.010181
0.013419
-0.0031647
-0.014008
0.00098112
0.0089539
0.026494
0.015651
0.0057648
0.010867
0.01597
0.019478
0.034148
0.019797
0.0013
0.0057648
0.004808
0.0079971
0.028407
0.0057648
-0.032186
-0.017835
-0.027083
-0.035056
-0.014008
0.037337
0.017246
-0.011456
0.0025757
-0.0063538
-0.017516
-0.0025269
0.0038513
0.010867
0.01023
0.0035324
-0.010181
-0.030591
-0.010819
0.01597
-0.005716
-0.0069916
-0.012094
-0.018472
-0.0076295
0.0079971
-0.005716
-0.0044404
0.008316
0.0032135
0.0095917
0.0095917
-0.0034836
-0.005716
0.02777
0.019159
0.0067215
-0.0095429
-0.0082673
0.01023
0.0035324
0.0016189
0.0057648
-0.00029452
-0.028996
-0.035056
-0.023894
-0.02517
-0.029634
-0.036012
-0.050363
-0.048769
-0.050044
-0.043666
-0.03665
-0.038564
-0.040158
-0.041434
-0.030272
-0.032823
-0.035375
-0.024532
-0.031229
-0.040796
-0.037607
-0.039202
-0.055147
-0.044942
-0.039202
-0.043985
-0.03952
-0.027721
-0.0060349
-0.014008
-0.0069916
0.018202
0.0028946
0.0003433
0.017246
0.031915
0.037018
0.031278
0.03925
0.017246
0.032234
0.014694
0.024899
-0.0018891
0.0003433
0.0041702
-0.009224
-0.015921
-0.021661
-0.040477
-0.051639
-0.057698
-0.060887
-0.064077
-0.063439
-0.075876
-0.092778
-0.074601
-0.049407
-0.04845
-0.074282
-0.069498
-0.053552
-0.028996
-0.0085862
-0.01624
-0.022299
-0.014964
-0.005716
0.011824
0.012462
0.010867
0.0060837
-0.0095429
-0.0089051
0.0092728
-0.0034836
-0.018472
-0.0031647
-0.022299
-0.022299
0.0044891
-0.013689
-0.00061343
0.0060837
-0.00029452
0.0022568
0.016289
0.014694
0.015332
0.027132
0.024262
0.027132
0.054558
0.055196
0.039888
0.028407
0.044353
0.059661
0.048499
0.035742
0.028726
0.027132
0.018202
0.0035324
-0.0034836
-0.0076295
0.0003433
0.0089539
0.0038513
0.0054459
0.015651
-0.015283
-0.018791
0.00098112
-0.021024
-0.0066727
0.011505
0.014375
-0.01337
-0.02517
-0.037926
-0.045899
-0.034099
-0.045261
-0.047174
-0.052277
-0.056742
-0.073325
-0.071093
-0.072368
-0.06025
-0.072368
-0.056104
-0.057061
-0.046218
-0.048131
-0.056742
-0.045899
-0.051958
-0.016878
-0.0105
-0.017835
-0.014327
-0.0034836
-0.0076295
-0.012094
0.0025757
0.0054459
0.0028946
-0.005716
-0.0105
0.013419
0.010548
0.0073593
-0.0044404
-0.032186
-0.013689
-0.011775
-0.027402
-0.034737
-0.015602
-0.02198
-0.0034836
-0.0018891
-0.02517
-0.01337
-0.0089051
-0.01337
-0.00093234
0.012462
0.020116
0.021391
0.043396
0.041483
0.05679
0.048499
0.047223
0.028407
0.043396
0.052645
0.061893
0.054877
0.040526
0.030321
0.02777
0.024899
0.022667
0.0060837
-0.012413
-0.0060349
0.0089539
0.015332
0.023624
0.018521
0.01023
0.011505
0.018521
0.0073593
-0.0073105
-0.0082673
-0.0098618
-0.014964
-0.009224
0.0016189
-0.028996
-0.054828
-0.044942
-0.038245
-0.044623
-0.04845
-0.042072
-0.036012
-0.054828
-0.04845
-0.056423
-0.053871
-0.037288
-0.036331
-0.049407
-0.059293
-0.054509
-0.076195
-0.066309
-0.066947
-0.06025
-0.052915
-0.058336
-0.052277
-0.039839
-0.030591
-0.0015702
-0.022937
-0.0095429
0.035104
0.011824
0.025218
0.050093
0.061255
0.05679
0.070185
0.081028
0.093465
0.075925
0.064763
0.06285
0.055515
0.049774
0.028726
0.020435
0.024262
0.014694
-0.011137
-0.02517
-0.029634
-0.03665
-0.04271
-0.027083
-0.033142
-0.021661
-0.026764
-0.03665
-0.025807
-0.012094
0.011505
0.011824
0.00098112
0.0022568
0.03638
0.035742
-0.0082673
-0.012413
-0.013051
-0.0015702
-0.0050782
0.0073593
0.0044891
0.015651
0.010867
-0.017835
-0.017197
0.0060837
-0.014008
-0.029953
-0.0038025
0.013419
0.046266
0.058066
0.054239
0.026494
0.037656
0.04818
0.077201
0.053601
0.068271
0.079114
0.075606
0.075925
0.085492
0.062531
0.036699
0.012462
-0.0076295
-0.0066727
-0.038883
-0.043985
-0.085125
-0.069817
-0.055466
-0.082892
-0.098838
-0.10362
-0.10362
-0.10809
-0.086081
-0.098519
-0.10107
-0.10872
-0.10458
-0.092778
-0.086719
-0.080979
-0.047174
-0.044304
-0.054509
-0.03665
-0.030272
-0.014645
-0.005716
-0.0028458
0.026813
0.062212
0.069547
0.040845
0.07146
0.094741
0.071779
0.070822
0.014375
0.0028946
0.02171
0.023305
0.027132
0.019478
0.0051269
-0.014645
-0.026445
-0.0015702
0.0041702
0.023943
-0.0031647
-0.0050782
-0.0041214
0.039569
0.01597
0.010867
0.012781
0.0067215
0.020116
0.012143
0.030959
0.059661
0.032872
0.025856
0.070822
0.029683
-0.023256
-0.0050782
0.020116
0.011824
0.013738
0.028407
-0.0073105
-0.038883
-0.047174
-0.067585
-0.097243
-0.091503
-0.11255
-0.10617
-0.080979
-0.074919
-0.096286
-0.068541
-0.089908
-0.088952
-0.080022
-0.055466
-0.011456
-0.038245
-0.0069916
0.015332
0.017246
0.043715
0.065401
0.059023
0.060617
0.066677
0.050412
0.047542
0.054558
0.059661
0.06859
0.05392
0.048499
0.030002
0.032234
0.018521
-0.0018891
0.0032135
-0.0098618
-0.0082673
0.0057648
0.019159
0.004808
-0.013689
-0.0025269
-0.012094
-0.019429
-0.00093234
0.029364
0.023943
-0.013051
0.022348
0.035104
0.067633
0.051369
0.016289
0.057747
0.040845
0.048499
0.067952
0.058385
0.069547
0.064125
0.084854
0.080709
0.038931
-0.0034836
-0.0025269
-0.0095429
-0.018153
-0.03665
-0.031548
-0.01911
-0.03665
-0.058017
-0.044942
-0.056742
-0.046855
-0.033142
-0.065033
-0.068541
-0.069179
-0.041115
-0.0025269
0.008635
-0.011775
0.040845
0.04531
0.0028946
-0.0044404
0.027132
0.044353
0.091552
0.061893
0.045947
0.0016189
-0.014964
0.027451
0.017564
0.040845
0.02458
0.012462
-0.00093234
2.4388e-05
-0.014964
-0.01337
-0.00061343
-0.039839
-0.045899
-0.070455
-0.070136
-0.06312
-0.064714
-0.077471
-0.073006
-0.1151
-0.11765
-0.11638
-0.11446
-0.13647
-0.13073
-0.11415
-0.10203
-0.091184
-0.077471
-0.043666
-0.050044
-0.056742
-0.044623
-0.015283
-0.027721
-0.023256
-0.022937
-0.00093234
0.016608
0.052326
0.058066
0.074012
0.059342
0.059661
0.084854
0.1413
0.17415
0.14003
0.14258
0.13971
0.11228
0.11451
0.13684
0.14832
0.080709
0.092189
0.058066
0.049455
0.056471
0.020754
0.0079971
-0.036331
-0.045899
-0.024851
-0.017516
-0.064714
-0.057379
-0.050363
-0.043028
-0.033142
-0.053552
-0.088314
-0.0864
-0.066947
-0.050363
-0.068222
-0.068222
-0.055785
-0.04271
-0.056104
-0.092141
-0.079703
-0.073963
-0.058017
-0.056104
-0.079065
-0.068222
-0.057698
-0.070136
-0.071411
-0.075238
-0.057379
-0.062163
-0.073006
-0.037288
-0.032186
-0.014964
-0.025807
-0.01337
-0.010819
-0.038245
-0.032823
-0.0034836
0.00098112
-0.029634
-0.002208
0.0131
-0.027721
-0.032823
-0.029953
-0.011775
-0.011775
-0.014964
-0.020386
-0.033461
-0.071093
-0.079065
-0.044942
-0.043985
-0.040158
-0.04558
-0.033461
-0.014327
-0.015283
-0.034737
-0.032823
-0.021343
-0.0079484
0.0041702
0.023943
0.03064
0.043077
0.046585
0.03925
0.023943
0.024899
0.020435
0.017883
0.01023
-0.012413
-0.017516
-0.018472
-0.022299
-0.011456
-0.056104
-0.062163
-0.072687
-0.040796
-0.0066727
-0.036969
-0.038883
-0.048131
-0.021343
0.0060837
-0.011137
0.022348
0.052326
0.046904
0.05392
0.04818
0.029364
0.016927
0.051369
0.045947
0.029045
-0.012413
-0.00061343
-0.016559
-0.031548
-0.041753
-0.038883
-0.08353
-0.065671
-0.061525
-0.058974
-0.070774
-0.073006
-0.068222
-0.064714
-0.056104
-0.053234
-0.056423
-0.055785
-0.065033
-0.080979
-0.067266
-0.082892
-0.08927
-0.069817
-0.076195
-0.057698
-0.042391
-0.036012
-0.040158
-0.042072
-0.031229
-0.017835
-0.010181
-0.002208
0.019797
0.035104
0.020754
0.0060837
0.0019378
-0.012094
-0.01337
0.010867
0.037656
0.026175
0.014694
0.0070404
-0.014327
0.015651
0.023624
0.012143
0.017246
0.046266
0.031596
0.016608
-0.0047593
-0.017197
-0.022937
-0.00061343
-0.0069916
-0.036012
-0.036969
-0.048131
-0.072049
-0.047174
-0.050044
-0.075557
-0.078109
-0.074601
-0.058336
-0.058017
-0.053552
-0.073963
-0.10171
-0.099476
-0.054828
-0.031548
-0.025807
-0.04558
-0.039839
-0.031548
-0.01337
0.0041702
0.013419
-0.0044404
0.030002
0.026175
0.015651
-0.039839
0.0028946
0.004808
0.0095917
0.01597
-0.0050782
-0.033142
-0.049088
-0.03378
-0.032186
-0.042072
-0.063758
-0.084168
-0.076514
-0.094692
-0.08066
-0.081935
-0.086081
-0.11415
-0.11733
-0.080979
-0.078109
-0.07779
-0.088952
-0.083849
-0.063439
-0.06025
-0.02198
-0.02517
0.0025757
0.024262
0.017564
0.0073593
0.030002
0.037018
0.038931
0.044672
0.022348
0.0092728
0.023305
0.033829
-0.0028458
-0.0073105
0.023305
0.026813
-0.016878
-0.017835
-0.020705
-0.026445
-0.015921
-0.023575
-0.023894
-0.0015702
0.017883
0.02458
0.069547
0.034148
0.028726
0.016289
0.044353
0.077201
0.047542
0.03351
-0.013689
0.0060837
0.016608
-0.012094
-0.06025
-0.010819
-0.055785
-0.046218
-0.050682
-0.0982
-0.10043
-0.10298
-0.12945
-0.13998
-0.091503
-0.087038
-0.1218
-0.11255
-0.091822
-0.058336
-0.077471
-0.053234
-0.06886
-0.093735
-0.04558
-0.014964
-0.010181
-0.015283
-0.0063538
-0.058017
0.008316
0.013419
0.014375
-0.0038025
-0.071093
-0.062163
-0.04271
-0.040477
-0.062163
-0.079065
-0.080022
-0.08927
-0.086719
-0.063758
-0.018791
-0.028359
-0.027083
-0.0034836
0.0022568
-0.0041214
-0.0034836
0.0019378
-0.014327
-0.020067
0.022986
0.03351
0.030959
0.02777
0.011824
-0.025488
-0.046218
-0.041753
-0.039839
-0.049726
-0.053234
-0.066628
-0.059612
-0.028678
-0.046218
-0.051001
-0.073963
-0.063439
-0.076833
-0.073006
-0.054828
-0.025807
-0.037288
-0.054509
-0.067585
-0.04558
-0.04558
-0.051639
-0.080022
-0.083849
-0.049088
-0.057698
-0.039202
-0.073644
-0.081617
-0.079703
-0.041115
-0.012094
0.0019378
-0.0098618
-0.012413
0.022348
0.038612
0.03925
0.033191
0.042439
-0.00029452
0.031596
0.034467
0.037975
-0.005716
0.046585
0.037018
-0.02804
-0.060569
-0.032823
-0.010819
-0.042072
-0.049088
-0.03091
-0.032504
-0.063439
-0.073963
-0.072368
-0.077152
-0.083849
-0.075238
-0.066947
-0.11925
-0.11574
-0.06312
-0.050044
-0.065033
-0.084806
-0.083211
-0.060569
-0.03091
-0.032504
-0.01337
-0.028996
0.0057648
0.024262
0.019478
0.048818
0.072417
0.038612
0.020754
0.059023
0.076882
0.071141
0.064125
0.067952
0.073374
0.069228
-0.016878
-0.026445
-0.024851
0.049137
0.09793
0.06572
0.026813
-0.0105
-0.048131
-0.049088
-0.031548
-0.05132
-0.0089051
-0.0041214
-0.073325
-0.082254
-0.050682
-0.10203
-0.11638
-0.12052
-0.13998
-0.132
-0.13998
-0.15401
-0.13934
-0.088952
-0.056742
-0.045261
-0.053234
-0.044304
-0.047812
-0.031867
0.058385
0.022667
0.0131
-0.0038025
0.0016189
0.023943
0.029045
-0.0076295
-0.012732
-0.043347
0.0016189
-0.010181
-0.030272
-0.03952
-0.049407
-0.042072
-0.04845
-0.024851
-0.04558
-0.041115
-0.055785
-0.06312
-0.069179
-0.064077
-0.065671
-0.068222
-0.053234
-0.04558
-0.023575
-0.027721
0.026494
0.032234
-0.0044404
-0.0085862
0.0064026
0.030959
0.017883
0.0073593
0.024899
0.021072
0.015332
0.0022568
-0.00061343
-0.00061343
-0.009224
0.0041702
0.022029
0.051688
0.082303
0.063806
0.059023
0.020116
0.099524
0.13556
0.13556
0.093784
0.10112
0.065082
0.042121
0.039569
0.020116
0.03638
-0.024213
-0.040158
-0.082892
-0.053552
-0.069817
-0.10522
-0.070455
-0.028678
-0.046855
-0.06025
-0.036012
-0.064077
-0.059293
-0.056104
-0.041753
-0.043347
-0.019429
0.010867
0.015332
-0.033461
-0.029634
-0.022299
-0.013689
-0.0076295
-0.037607
-0.032823
-0.03378
-0.049088
-0.028359
0.023624
2.4388e-05
0.022986
0.021072
-0.031548
0.0028946
0.021391
0.01884
0.0032135
0.0038513
-0.018153
-0.014008
0.0089539
-0.0053971
-0.032186
-0.04558
-0.043347
-0.050363
-0.066947
-0.024213
-0.02804
0.00066221
0.06572
0.14513
0.16171
0.11643
0.12504
0.10782
0.10271
0.10845
0.094103
0.10813
0.065401
0.1311
0.077201
0.028088
-0.018791
-0.060887
-0.097562
-0.11446
-0.12244
-0.12339
-0.11478
-0.075876
-0.06886
-0.054828
-0.056742
-0.044623
-0.053234
-0.052596
-0.040477
-0.012413
0.03064
0.064444
0.015013
0.016927
0.012781
0.052326
0.034786
0.0095917
0.029683
0.032553
0.0022568
0.011824
0.0067215
-0.0025269
-0.016559
-0.038564
-0.057698
-0.027721
-0.0089051
-0.02804
-0.012094
0.041164
0.098249
0.05392
0.090914
0.084536
0.12376
0.15852
0.13205
0.10622
0.15693
0.25866
0.21019
0.14736
0.14098
0.15629
0.032872
0.016608
0.046904
0.023305
0.033191
0.0022568
-0.044942
-0.023894
-0.060569
-0.095649
-0.088633
-0.10904
-0.16421
-0.13743
-0.092141
-0.11478
-0.13328
-0.12818
-0.10968
-0.11446
-0.1218
-0.10872
-0.095011
-0.11064
-0.066309
-0.058017
-0.044942
-0.054828
-0.039839
-0.019429
-0.030272
0.043396
0.07146
0.068271
0.037018
0.026813
0.013738
-0.00093234
0.016289
-0.009224
-0.013689
-0.012413
-0.0069916
-0.029634
-0.053234
-0.0864
-0.11255
-0.086719
-0.085125
-0.061844
0.0019378
0.0057648
0.071779
0.12249
0.1547
0.17224
0.14417
0.14959
0.15438
0.13524
0.16331
0.18531
0.13716
0.11993
0.097611
0.04531
-0.028996
-0.010819
-0.056742
-0.089908
-0.13615
-0.14731
-0.14221
-0.16326
-0.14827
-0.10235
-0.052596
-0.072049
-0.098838
-0.10043
-0.081935
-0.062163
-0.041434
-0.085125
-0.022618
0.004808
0.0057648
-0.0047593
-0.017835
-0.032504
-0.031229
-0.036331
-0.037607
-0.020067
0.012143
0.074968
0.069547
0.032872
0.06572
0.13205
0.12312
0.11962
0.058704
0.059023
0.098568
0.13269
0.1193
0.028407
-0.088952
0.030002
0.018202
-0.034418
-0.070136
-0.11478
-0.11032
-0.1033
-0.10968
-0.11446
-0.099157
-0.032186
-0.04845
-0.039839
-0.024851
0.013738
0.0003433
0.0019378
0.015651
0.050412
0.027132
-0.022299
-0.052596
-0.025488
-0.0050782
-0.025807
-0.035375
-0.044623
-0.07779
-0.080341
-0.06312
-0.072687
-0.073325
-0.067585
-0.067903
-0.088314
-0.066947
-0.032823
-0.002208
-0.018472
-0.0025269
-0.021661
-0.02198
0.035742
0.059342
0.053601
0.015013
0.082622
0.088681
0.061574
0.035742
0.0092728
-0.018153
0.056153
0.034467
0.035104
0.04818
0.048818
0.04531
0.040845
0.026175
0.05105
0.10399
0.077838
0.052963
0.028726
0.022986
0.12982
0.11611
0.00098112
-0.017197
0.035423
-0.037926
-0.020067
-0.037607
-0.027083
-0.051958
-0.075557
-0.093097
-0.14061
-0.062482
-0.022299
-0.026445
-0.036969
-0.059293
-0.064077
-0.060887
-0.082254
-0.12116
-0.14444
-0.075876
-0.062801
-0.096924
-0.098838
-0.12945
-0.15146
-0.14763
-0.13424
-0.1403
-0.14157
-0.13073
-0.11702
-0.0982
-0.0864
-0.086081
-0.093097
-0.070455
-0.054828
-0.037607
-0.043347
-0.058336
-0.029953
-0.022618
0.0022568
-0.005716
-0.013051
-0.035375
-0.023256
-0.022618
-0.009224
-0.0041214
-0.023575
-0.040477
-0.016878
-0.00093234
0.019797
0.018202
0.065401
0.069228
0.071141
0.08039
0.093146
0.072736
0.075925
0.11834
0.092189
0.054558
0.11101
0.081665
0.060617
0.033191
0.029683
0.022348
-0.0015702
0.01884
0.0060837
-0.050363
-0.057698
-0.026126
-0.06025
-0.055466
-0.071093
-0.042072
0.085173
0.07752
0.031915
0.0022568
-0.0041214
0.010548
-0.012413
-0.01624
-0.042072
0.0028946
0.012143
0.045947
0.030002
-0.050682
-0.086081
-0.058974
-0.081935
-0.075557
-0.052596
-0.064077
-0.080979
-0.069179
-0.030272
-0.078109
-0.10362
-0.023894
-0.029315
-0.05419
-0.072049
-0.079703
-0.095011
-0.10681
-0.088952
-0.050682
0.0051269
-0.0018891
-0.014964
-0.021343
-0.011775
-0.013689
-0.038883
-0.067585
-0.014964
0.025856
0.066677
0.059023
-0.010181
-0.041753
-0.04845
-0.047812
-0.014645
-0.045899
-0.078109
-0.012732
-0.016878
0.015332
0.033191
0.055834
-0.014964
0.017564
0.055515
0.025218
0.0070404
-0.0060349
-0.0060349
0.044353
0.0131
-0.046218
-0.075557
-0.05132
-0.035694
-0.052596
-0.071411
-0.099157
-0.089908
-0.088314
-0.098838
-0.057379
-0.055785
-0.078746
-0.062163
-0.054509
-0.056742
-0.052596
-0.055466
-0.051001
0.023943
0.035423
0.030959
0.019797
0.014056
0.015651
0.011505
-0.0012513
-0.01624
0.016289
0.062212
0.0067215
0.0064026
-0.0063538
-0.026126
-0.041115
-0.01337
0.047861
0.043715
0.011505
0.026494
0.044353
0.059023
0.023624
0.059342
0.085492
0.15757
0.17032
0.20381
0.14609
0.1126
0.10526
0.084217
0.11228
0.11292
0.072098
0.089
0.06859
0.012462
-0.019429
-0.024213
-0.021024
-0.067903
-0.040796
-0.07779
-0.094054
-0.11319
-0.14125
-0.14667
-0.12499
-0.11542
-0.12626
-0.084487
-0.10745
-0.1202
-0.11446
-0.097562
-0.097562
-0.08927
-0.11223
-0.12339
-0.10075
-0.0864
-0.075876
-0.078746
-0.057379
-0.061206
-0.037926
-0.03378
-0.012413
-0.0012513
-0.009224
-0.0105
-0.014645
-0.0038025
-0.005716
0.011824
0.020116
0.020754
-0.02517
-0.018472
-0.029634
-0.046218
-0.045261
-0.04271
-0.019748
-0.0047593
-0.01911
0.0025757
0.0016189
-0.017516
0.0025757
0.0067215
0.0035324
0.0028946
0.035423
0.07433
0.10208
0.087725
0.050412
0.05105
0.063487
0.05392
0.019478
0.042439
0.067314
0.068909
0.089319
0.034148
0.0099106
0.019478
0.02171
0.052963
0.11419
0.081346
0.059023
0.030959
0.045629
0.042758
0.0019378
0.012781
0.0092728
0.068909
0.13301
0.13588
0.068271
0.023624
-0.055466
-0.038245
-0.0012513
-0.066947
-0.079384
-0.065033
-0.0098618
0.017246
0.0028946
-0.06599
-0.058974
-0.043347
-0.038564
-0.043347
-0.046536
-0.075238
-0.035694
-0.032504
-0.090227
-0.071093
-0.0076295
-0.056742
-0.078427
-0.073006
-0.086081
-0.099794
-0.10936
-0.11383
-0.095011
-0.090546
-0.074919
-0.071093
-0.072368
-0.069498
-0.053552
-0.035694
-0.027083
-0.031229
-0.037288
-0.036331
-0.017516
0.019159
0.035104
0.064125
0.07752
0.066995
0.056153
0.055515
0.062212
0.072736
0.01597
0.03925
0.076244
0.036699
0.036699
0.026813
0.022986
-0.016878
-0.0066727
-0.0015702
-0.002208
0.052007
0.029045
0.10048
0.1075
0.069547
0.056153
0.025537
-0.024213
0.018521
0.11451
0.057428
-0.0038025
-0.0025269
-0.0018891
-0.020386
-0.036012
-0.032823
-0.0038025
-0.005716
-0.00029452
-0.017197
0.0044891
0.0054459
-0.036012
-0.021024
0.023624
-0.037607
0.0079971
0.011824
0.004808
-0.032504
-0.05419
-0.046218
-0.030591
-0.049407
-0.06025
-0.011456
-0.024213
-0.030591
-0.0082673
-0.022937
-0.0095429
-0.023575
0.011824
-0.027721
-0.025488
0.008635
0.016608
0.0060837
-0.014327
-0.028359
-0.019748
-0.014327
-0.014964
-0.0076295
-0.0073105
0.01023
-0.0028458
-0.022618
-0.013689
-0.01911
-0.038564
-0.01624
-0.021024
2.4388e-05
-0.009224
-0.0069916
0.0041702
-0.0025269
-0.0085862
0.0003433
-0.019429
-0.015283
-0.015921
-0.021343
-0.0069916
0.0076782
-0.019429
-0.026126
-0.0028458
0.0064026
0.0038513
0.023624
0.023305
0.030002
0.049774
0.067314
0.059661
0.05392
0.037975
0.043396
0.041164
0.053601
0.050731
0.041164
0.029364
0.017246
-0.002208
0.016289
0.032234
0.027451
0.011505
0.043077
0.033191
0.010867
-0.0025269
-0.0038025
0.032553
0.041164
0.032234
0.026494
0.032553
0.050412
0.056153
0.040845
0.025856
-0.0079484
-0.00029452
0.0041702
0.034786
0.03925
0.050412
0.010867
0.012462
0.011505
-0.012413
-0.035056
-0.074601
-0.054828
-0.026126
-0.011775
-0.036969
-0.042072
-0.04558
-0.054828
-0.053234
-0.027402
-0.02517
-0.021343
-0.011137
-0.009224
-0.0069916
0.022348
0.020116
-0.038564
0.0076782
-0.0060349
0.0041702
0.0070404
0.00098112
-0.012732
-0.014008
-0.0105
0.0035324
-0.016878
-0.032186
-0.024213
-0.0025269
0.0067215
0.017246
0.019159
0.00066221
0.029364
0.035104
0.045629
0.023943
0.0025757
0.026494
0.046585
0.054877
0.028726
0.020754
-0.0047593
-0.0038025
0.0032135
-0.0025269
0.0054459
0.004808
-0.0073105
-0.02198
-0.01337
2.4388e-05
0.0131
-0.0098618
0.0003433
0.0032135
0.028088
0.010548
0.0041702
0.0044891
0.022667
0.015013
0.015651
0.016927
0.004808
0.017246
0.050412
0.05679
0.060936
0.065401
0.076563
0.06859
0.06572
0.067633
0.03925
0.047223
0.052645
0.062212
0.060617
0.032872
0.021391
-0.026126
-0.033461
-0.0085862
-0.013051
-0.023575
-0.037288
-0.041753
-0.04558
-0.023575
-0.023894
-0.026126
-0.02804
-0.022299
-0.031229
-0.018153
-0.012413
0.013419
0.012462
0.014375
0.027451
0.038294
0.066995
0.052007
0.02777
0.047542
0.097611
0.07146
0.048499
0.027451
0.040845
0.092508
0.10622
0.07433
0.044991
0.044034
0.032553
0.022029
0.015651
0.0099106
0.047223
0.040207
0.01884
0.031278
0.011824
-0.009224
-0.014327
-0.020067
-0.031867
-0.034099
-0.034418
-0.04271
0.004808
0.015332
0.019159
0.057109
0.065401
0.087087
0.069866
0.067314
0.06859
0.092508
0.023305
0.0044891
0.027132
0.072417
0.061893
0.043077
-0.0041214
-0.057379
-0.075238
-0.064077
-0.063758
-0.063758
-0.062482
-0.074282
-0.050363
-0.03665
-0.039839
-0.038245
-0.039202
-0.03091
-0.022618
-0.02198
-0.024213
-0.0082673
-0.0073105
-0.0063538
-0.0044404
-0.00061343
0.0054459
0.0079971
0.022029
0.031596
0.019797
0.012143
0.02171
0.025218
0.027451
0.030959
0.018202
0.0025757
0.018202
0.021391
0.025856
0.023305
0.029045
0.02777
0.020754
0.041483
0.032234
0.031596
0.023943
0.032234
0.046266
0.046585
0.034148
0.02777
0.034148
0.038612
0.040526
0.050412
0.076882
0.057109
0.061255
0.072417
0.091233
0.070503
0.080709
0.11898
0.07146
0.074968
0.090276
0.10495
0.10718
0.082622
0.069547
0.067314
0.061255
0.057747
0.041802
0.030321
0.067314
0.081028
0.060298
0.0038513
-0.012094
0.0013
0.020435
0.016927
-0.014327
-0.026445
-0.01337
-0.01624
-0.023894
-0.035375
-0.044304
-0.03091
-0.029634
-0.011137
-0.031548
-0.032186
-0.028678
-0.034737
-0.01337
-0.022299
-0.023575
-0.042072
-0.02517
-0.0082673
0.0092728
-0.0034836
-0.020386
-0.012732
-0.00061343
-0.0085862
-0.00029452
-0.0095429
-0.0050782
-0.002208
0.0073593
0.0013
0.008635
0.014375
-0.0095429
0.0067215
-0.015921
-0.010819
0.013738
0.022667
0.012781
0.023943
0.018202
0.018202
0.025856
0.028726
0.021072
0.015332
0.031278
0.035104
0.030002
0.017564
0.041802
0.044034
0.04818
0.044672
0.046266
0.042121
0.032234
0.058385
0.055515
0.053282
0.057109
0.075606
0.089638
0.059342
0.10622
0.11419
0.10654
0.12344
0.09793
0.08613
0.12153
0.13875
0.12536
0.093465
0.13875
0.11005
0.075925
0.048499
0.048818
0.011186
0.016927
-0.0028458
-0.0025269
-0.0031647
-0.033461
-0.04845
-0.039839
-0.027083
-0.028678
-0.0047593
2.4388e-05
-0.022618
-0.020705
-0.012413
-0.0028458
0.011824
0.023305
0.042121
0.03638
0.0073593
0.0051269
0.01884
0.019159
0.0073593
-0.0031647
0.0025757
0.03351
0.030002
-0.031548
-0.027083
-0.002208
-0.0041214
-0.011775
-0.022618
-0.020386
-0.04271
-0.036969
-0.010181
-0.009224
-0.02517
-0.0028458
0.0028946
0.0028946
0.013419
0.032553
0.0089539
0.017883
0.014375
0.034786
0.025856
0.037656
0.041802
0.016608
0.046585
0.08039
0.073374
0.058066
0.088681
0.11419
0.12823
0.15023
0.12217
0.12567
0.1228
0.12823
0.11643
0.13078
0.081984
0.053282
0.065082
0.081665
0.051369
0.020754
0.0019378
-0.015283
-0.028678
-0.026764
-0.018791
-0.052915
-0.041434
-0.03091
-0.037288
-0.038245
-0.03665
-0.013051
-0.0066727
0.0051269
0.0032135
-0.0018891
0.029364
0.052326
0.076882
0.11643
0.09793
0.098568
0.11388
0.10271
0.10845
0.11324
0.10335
0.11292
0.095378
0.059979
0.050731
0.022029
0.0099106
0.00066221
-0.020386
-0.017516
-0.019429
-0.020386
-0.043347
-0.062801
-0.070455
-0.060887
-0.057698
-0.049407
-0.056423
-0.086081
-0.09246
-0.043347
-0.024213
-0.023575
-0.019748
-0.028678
-0.036012
-0.014645
0.02171
0.02777
0.015013
0.025218
0.039888
0.053282
0.056471
0.037018
0.037337
0.051688
0.048499
0.050731
0.041802
0.034148
0.028088
0.046266
0.05392
0.059979
0.03925
0.026813
0.02171
0.022348
0.052007
0.043396
0.014694
0.008635
0.059023
0.048499
0.026175
0.01884
0.032234
0.026813
0.055196
0.071779
0.059661
0.050093
0.048499
0.064125
0.065401
0.05105
0.063487
0.05105
0.02777
0.069547
0.06285
0.074968
0.050731
0.048818
0.051688
0.055515
0.056153
0.042121
0.028407
0.049455
0.029045
0.047542
0.038612
0.017564
0.0079971
0.013419
0.014056
0.020754
0.010548
0.013419
0.012781
0.0099106
0.010548
0.034786
0.028088
0.0028946
-0.011775
0.034467
0.049455
0.040845
0.02777
0.017883
0.042439
0.033829
0.031278
0.038612
0.01884
0.0073593
0.021072
0.052326
0.045629
0.0089539
-0.0066727
-0.017197
0.0035324
0.0054459
-0.009224
-0.023575
-0.033461
-0.021661
-0.0085862
-0.013051
-0.024213
-0.018472
-0.0034836
-0.0085862
0.012462
0.0060837
0.0070404
0.016289
0.01884
0.031278
0.029364
0.025537
0.031915
0.059342
0.03925
0.05392
0.034786
0.0067215
0.026175
0.044672
0.031596
0.038294
0.020435
-0.0053971
-0.0031647
-0.0050782
0.014375
0.0054459
-0.0060349
-0.012413
0.012462
0.011186
0.010867
0.004808
0.0092728
0.021072
0.013419
0.017246
0.010548
0.026175
0.031278
0.031915
0.049774
0.026813
0.0131
0.021391
0.02777
0.050412
0.052326
0.057109
0.07433
0.070503
0.069547
0.067952
0.088044
0.062531
0.067952
0.055834
0.03925
0.051369
0.044991
0.046904
0.020116
0.026175
0.0076782
0.008635
-0.012732
-0.014645
-0.0066727
-0.017835
-0.019748
-0.022618
-0.031867
-0.01911
-0.014645
-0.029634
-0.02517
-0.04271
-0.053552
-0.061844
-0.0069916
0.0089539
0.02777
0.0076782
0.03064
0.028726
0.032234
0.047542
0.06859
0.10558
0.11643
0.12089
0.17925
0.15725
0.13333
0.11164
0.10048
0.10909
0.098568
0.14609
0.10112
0.052007
0.0003433
0.016289
0.045629
-0.018791
-0.044304
-0.043028
-0.031867
-0.062482
-0.072049
-0.076833
-0.081298
-0.068222
-0.074919
-0.057061
-0.037288
-0.050682
-0.053871
-0.052915
-0.043028
-0.037607
-0.027083
-0.032504
-0.049088
-0.028678
-0.038883
-0.02517
-0.026126
-0.024213
-0.01911
-0.0073105
-0.0053971
-0.0041214
0.0038513
0.0070404
0.030002
0.05679
0.047223
0.037656
0.03351
0.041164
0.040526
0.057747
0.041802
0.03064
0.020116
0.026813
0.037975
0.0051269
0.0032135
0.015013
0.018202
0.0035324
0.015332
-0.024851
-0.046855
-0.035694
-0.016878
-0.0031647
-0.036012
-0.0050782
0.01884
0.046266
0.064125
0.054877
0.042758
0.035742
0.072098
0.10144
0.11738
0.11834
0.081346
0.092827
0.046585
0.047861
0.050093
0.037975
0.026494
0.0089539
-0.0066727
-0.0066727
-0.040477
-0.040796
-0.022299
-0.057698
-0.040158
-0.029953
-0.025807
-0.012094
-0.010181
-0.041115
-0.053234
-0.021661
-0.054828
-0.063758
-0.066947
-0.067585
-0.06599
-0.078746
-0.061525
-0.068541
-0.10968
-0.1167
-0.093416
-0.091822
-0.1151
-0.11574
-0.10872
-0.1218
-0.10841
-0.085762
-0.093735
-0.096924
-0.10553
-0.11446
-0.11191
-0.10745
-0.099476
-0.10203
-0.088314
-0.062801
-0.056423
-0.081298
-0.093735
-0.067266
-0.057379
-0.053234
-0.045261
-0.039202
0.011505
0.060617
0.054877
0.077201
0.09793
0.099205
0.094741
0.15246
0.15916
0.1362
0.13939
0.14321
0.11356
0.099843
0.12344
0.13173
0.092827
0.060617
0.08039
0.024899
-0.0063538
-0.009224
-0.021024
-0.019748
-0.0085862
-0.015283
-0.067903
-0.10841
-0.086081
-0.076833
-0.10841
-0.10777
-0.12084
-0.094692
-0.10585
-0.13392
-0.1285
-0.09246
-0.10139
-0.10745
-0.072049
-0.019748
-0.040477
-0.084168
-0.10458
-0.074601
-0.05132
-0.065033
-0.053234
-0.053552
-0.047812
-0.026445
-0.06599
-0.066947
-0.059612
-0.058336
-0.065671
-0.052277
-0.034099
-0.047493
-0.053552
-0.043347
-0.05132
-0.04271
-0.036331
-0.024851
0.0073593
-0.014645
-0.002208
0.0025757
-0.00029452
0.0079971
-0.00061343
0.0089539
0.021072
0.0076782
0.025856
0.023624
0.040207
0.01023
-0.016559
-0.023575
-0.030591
-0.012413
-0.011775
0.02458
0.038294
0.020116
-0.0012513
-0.011775
-0.025488
-0.014327
-0.0044404
-0.020705
0.0070404
-0.00093234
-0.017197
-0.016878
-0.019748
-0.08066
-0.070455
-0.05419
-0.036331
-0.02517
-0.044304
-0.034737
-0.026764
-0.024213
-0.026126
-0.043028
-0.037607
-0.018791
-0.038245
-0.035375
-0.034737
-0.03665
-0.011456
-0.036012
-0.012413
0.00098112
0.0073593
-0.012413
-0.020705
-0.00093234
0.011505
-0.0038025
0.0070404
-0.015283
-0.0047593
-0.00061343
-0.01911
-0.011137
-0.035694
-0.02804
-0.045261
-0.03952
-0.040796
-0.04558
-0.047493
-0.048131
-0.021343
-0.015283
-0.023894
-0.025488
-0.013689
0.0076782
0.010548
0.00098112
-0.0060349
-0.0073105
0.0060837
-0.012413
0.023624
0.038294
0.032234
0.03638
0.019159
0.034786
0.00066221
-0.0053971
0.0099106
0.0095917
0.0003433
-0.011137
-0.029953
-0.04845
-0.026764
-0.014645
-0.020386
-0.029315
-0.04845
-0.036969
-0.042072
-0.032504
-0.027721
-0.010819
-0.0025269
0.0099106
-0.0031647
0.0019378
0.03638
0.02458
-0.00093234
0.021391
0.051369
0.029364
0.021072
0.029364
0.035423
0.023305
0.041164
0.026494
0.019159
0.036061
0.031278
-0.0095429
-0.015921
0.018202
0.016927
-0.0038025
0.018521
0.0032135
-0.005716
-0.0015702
-0.0015702
-0.011456
0.013419
0.027132
0.020754
0.010548
-0.0018891
-0.01624
-0.011456
-0.016559
-0.009224
-0.024532
-0.0095429
-0.0015702
-0.028359
-0.024213
-0.01337
-0.02517
-0.029634
-0.021024
0.008635
-0.020067
-0.035694
-0.0082673
-0.0095429
-0.019748
-0.019748
-0.014645
-0.020705
0.018521
0.027132
0.021391
0.012781
0.008316
-0.0041214
-0.0095429
0.03638
0.016289
-0.0060349
-0.010181
0.0032135
0.008316
-0.00061343
-0.0028458
-0.0066727
-0.023575
-0.03091
-0.0050782
-0.034737
-0.014008
0.0022568
-0.0041214
0.017246
0.044034
-0.0031647
-0.017835
-0.026764
-0.018472
-0.021343
-0.022937
-0.020067
-0.0098618
-0.028359
-0.011775
-0.017197
-0.021024
-0.019429
-0.035375
-0.030272
-0.027402
-0.023575
-0.01911
-0.017835
-0.021343
-0.00093234
-0.017197
0.0016189
0.008316
-0.01624
0.0025757
0.0070404
0.0099106
0.029364
0.05105
0.046266
0.05679
0.054239
0.083898
0.066995
0.059979
0.085811
0.09187
0.070503
0.026494
0.011186
0.022348
0.029683
0.02777
0.0051269
0.017246
0.0051269
0.0089539
0.033829
0.025856
0.008316
0.00066221
-0.012094
-0.032823
-0.0073105
0.0073593
0.050731
2.4388e-05
0.01023
0.023943
0.016289
-0.015283
0.0051269
-0.014964
-0.02804
-0.023894
0.0057648
-0.01337
-0.034099
-0.043347
-0.038564
-0.036012
-0.03091
-0.034099
-0.041115
-0.04845
-0.052277
-0.073325
-0.070455
-0.047493
-0.061206
-0.058974
-0.01337
-0.029953
-0.031229
-0.044942
-0.048769
-0.037288
-0.021343
0.010548
0.00098112
-0.023575
-0.041753
-0.035694
-0.0073105
-0.016559
-0.021024
-0.0060349
-0.0053971
-0.0076295
-0.019748
-0.047493
-0.041753
-0.028678
-0.028359
-0.025807
-0.0095429
-0.0018891
-0.0028458
-0.0028458
0.0099106
0.018202
0.0054459
0.03064
0.029683
-0.0085862
-0.017835
0.014694
0.026494
0.017246
-0.010181
0.019159
0.013738
0.03638
0.022348
-0.0095429
-0.0105
-0.014327
0.013419
0.025537
0.043077
0.043396
0.043715
0.058066
0.023305
0.014375
0.050731
0.026494
0.08613
0.089638
0.077201
0.11802
0.078795
0.083579
0.079433
0.081665
0.077201
0.066995
0.070822
0.061255
0.041802
0.04818
0.0067215
-0.030272
-0.052915
-0.062482
-0.078746
-0.093097
-0.078109
-0.074282
-0.065352
-0.074919
-0.084487
-0.057698
-0.059931
-0.061525
-0.063758
-0.067585
-0.050682
-0.02517
-0.009224
0.015651
-0.016559
-0.020386
-0.038245
-0.044304
-0.035056
-0.061206
-0.055785
-0.031548
-0.031548
-0.050363
-0.055466
-0.063439
-0.041115
-0.060887
-0.06025
-0.029953
-0.00093234
-0.033142
-0.040796
-0.012732
-0.0038025
0.031915
0.038612
0.0044891
0.011824
0.021391
0.042758
0.044353
0.0089539
0.023305
-0.0044404
-0.010819
-0.0025269
-0.01337
-0.012094
-0.024851
-0.037607
-0.041753
-0.046855
-0.072049
-0.070455
-0.040477
-0.049088
-0.050044
-0.043028
-0.052277
-0.065033
-0.041434
-0.052915
-0.083211
-0.049407
-0.052915
-0.033461
-0.01337
2.4388e-05
-0.0076295
-0.014008
-0.0044404
0.0038513
-0.00061343
0.01023
0.008316
0.02458
0.039888
0.044353
0.057428
0.034148
0.04818
0.029045
0.030002
0.044353
0.037656
0.051369
0.074649
0.035742
0.052645
0.060936
0.052007
0.043715
0.037018
0.031915
0.01884
0.024262
0.022986
0.0057648
0.008316
0.019797
0.0076782
0.016289
0.0095917
-0.0085862
-0.0095429
-0.0069916
0.0013
0.015332
-0.0041214
-0.027083
-0.020705
-0.0034836
-0.016878
-0.017516
-0.035375
-0.050363
-0.035375
-0.015283
-0.023256
-0.016559
-0.020386
-0.02517
-0.019748
0.008316
-0.013689
-0.0079484
0.02458
0.02171
0.054558
0.048818
0.049774
0.035104
0.020435
0.026175
0.040845
0.028088
0.011824
0.037337
0.047542
0.050093
0.02777
-0.0047593
-0.057698
-0.084487
-0.069498
-0.061525
-0.064714
-0.072368
-0.080341
-0.054828
-0.055147
-0.046855
-0.032186
-0.057698
-0.064077
-0.045261
-0.015283
-0.012413
0.010867
0.022986
0.024899
0.018202
0.030002
0.035742
0.040207
0.011186
0.0057648
0.024899
0.046266
0.067314
0.047542
0.071779
0.06285
0.087087
0.075287
0.08326
0.083579
0.077201
0.077838
0.081984
0.075925
0.046266
0.046585
0.027132
0.019478
0.034786
0.01597
-0.00061343
-0.0031647
-0.005716
-0.011456
-0.034737
-0.034099
-0.034737
-0.037288
-0.02804
-0.026764
-0.027402
-0.051001
-0.03665
-0.0044404
-0.018791
-0.028678
-0.026445
-0.032823
-0.022618
-0.019429
-0.033461
-0.015921
-0.0089051
-0.020705
-0.033142
-0.024851
-0.030591
-0.036012
-0.029634
-0.012732
-0.0060349
0.0016189
-0.00029452
0.013419
-0.002208
-0.012413
-0.0044404
-0.00061343
0.0051269
-0.01337
-0.0031647
0.0041702
-0.0018891
0.0054459
-0.0076295
-0.012732
-0.022937
-0.016878
-0.023894
-0.024851
0.0025757
0.020116
0.019797
0.031278
0.015013
0.037337
0.03638
0.031278
0.014694
0.029045
0.031278
0.032553
0.038931
0.044034
0.054877
0.046904
0.035742
0.023943
0.011505
0.02458
0.031278
0.030002
0.03064
0.029045
0.013738
0.0038513
0.016289
-0.0038025
-0.005716
0.014694
0.00098112
-0.0085862
-0.0095429
-0.024851
-0.016559
-0.015283
-0.024532
-0.036012
-0.042072
-0.05132
-0.049407
-0.040477
-0.049088
-0.05132
-0.052596
-0.047174
-0.046855
-0.024213
-0.027402
-0.034418
-0.023575
-0.020386
-0.0063538
0.011824
-0.0015702
-0.0028458
2.4388e-05
0.0022568
0.014375
0.016927
0.014375
0.0003433
0.017246
0.016608
0.016289
0.017883
0.016927
0.021072
0.01597
0.021072
0.030321
0.028407
0.019478
0.0131
0.01884
0.017246
0.018521
0.010548
-0.0044404
0.0057648
0.01597
-0.00061343
0.0035324
-0.0044404
-0.0105
-0.01337
0.0131
-0.00093234
-0.0073105
-0.0034836
0.023624
0.0076782
0.0013
-0.00061343
-0.00029452
0.020754
0.01884
0.02458
0.029045
0.04818
0.03351
0.018202
0.04818
0.066995
0.035742
0.031915
0.029683
0.0095917
0.0025757
0.0038513
0.0076782
0.00098112
0.0092728
0.012462
0.02171
0.015332
0.0092728
-0.0053971
-0.00093234
0.023305
0.011505
-0.0041214
-0.0079484
0.017883
0.0041702
0.0073593
0.008635
-0.011456
-0.029953
-0.01624
-0.016559
-0.022299
-0.021343
-0.018791
-0.024532
-0.024213
-0.0098618
-0.030591
-0.018153
-0.023575
-0.023575
-0.020386
-0.02517
-0.023894
-0.036331
-0.03378
-0.028359
-0.01911
-0.018791
-0.022618
-0.021024
-0.016559
-0.0066727
0.012462
0.0044891
-0.0038025
2.4388e-05
0.0067215
0.0131
0.015332
0.013738
0.0019378
0.017883
0.022029
0.022986
0.022029
0.016608
0.021391
0.02458
0.038931
0.026494
0.022029
0.0057648
0.0089539
0.0092728
-0.00029452
-0.0076295
-0.01911
-0.009224
0.0041702
0.010548
0.020435
0.039888
0.02458
0.024899
0.017246
0.03351
0.047542
0.05679
0.05105
0.046585
0.061893
0.052645
0.031915
0.019159
0.020116
0.026494
0.031915
0.015332
0.011505
0.0079971
0.013419
0.023943
0.017564
0.012143
0.0131
0.0054459
0.015013
0.019797
0.013419
0.0022568
-0.022299
-0.014008
-0.0041214
0.0003433
0.0028946
-0.0015702
-0.024213
-0.042072
-0.026764
-0.030591
-0.026126
-0.023894
-0.032186
-0.05132
-0.031229
-0.039839
-0.02804
-0.04271
-0.061206
-0.057379
-0.036012
-0.04271
-0.051001
-0.040158
-0.024851
-0.020067
-0.029315
-0.031548
-0.044942
-0.030272
-0.0076295
-0.015921
-0.017516
-0.027083
-0.017516
-0.013689
0.0013
0.0003433
-0.0015702
0.004808
0.0032135
0.010548
0.020754
0.01023
0.0041702
0.0070404
0.0095917
0.0099106
0.01597
0.017883
2.4388e-05
0.017564
0.018521
0.018202
0.019159
0.032872
0.030959
0.028407
0.050731
0.04531
0.03638
0.041164
0.039888
0.023624
0.028407
0.026494
0.0099106
0.0054459
0.010548
0.010867
0.0028946
0.01023
0.0003433
-0.014964
-0.0012513
0.023943
0.010867
0.016289
0.0095917
0.027132
0.035423
0.039569
0.041164
0.024262
0.039569
0.043077
0.067633
0.066995
0.046585
0.058066
0.047861
0.050412
0.079752
0.063487
0.040207
0.028726
0.029045
0.026494
0.017564
0.0044891
-0.020386
-0.018791
-0.016878
-0.022299
-0.034418
-0.022299
-0.040158
-0.058974
-0.057061
-0.059612
-0.045261
-0.041434
-0.036331
-0.03952
-0.052277
-0.036969
-0.042391
-0.045899
-0.04845
-0.034099
-0.030272
-0.039839
-0.028996
-0.023575
-0.023894
-0.021343
-0.037607
-0.035375
-0.037607
-0.031229
-0.030272
-0.026126
-0.028678
-0.037288
-0.029953
-0.027721
-0.027402
-0.027721
-0.015283
-0.015921
-0.017516
-0.005716
0.0044891
-0.00029452
-0.0085862
-0.0012513
-0.00093234
0.00066221
-0.0031647
-0.011137
-0.029634
-0.0105
-0.0047593
-0.011137
-0.013689
-0.016878
-0.017835
-0.018153
-0.0031647
-0.0063538
-0.0060349
-0.016559
-0.011775
-0.0034836
-0.0047593
-0.0028458
-0.0066727
-0.0066727
0.0092728
0.012781
0.018521
0.032553
0.028088
0.012143
0.020116
0.038612
0.025218
0.017246
0.02171
0.031278
0.024262
0.018202
0.021072
0.0025757
0.0089539
0.012781
0.025218
-0.0076295
-0.0041214
0.013419
0.027451
0.028726
0.029683
0.015651
0.012143
0.029364
0.016289
0.020435
0.02458
0.028407
-0.0012513
0.011505
0.021072
0.0038513
-0.015921
-0.023894
-0.0085862
-0.012094
-0.0012513
-0.021024
-0.033461
-0.036969
-0.03952
-0.028996
-0.04271
-0.044942
-0.049407
-0.052915
-0.044304
-0.032186
-0.037288
-0.032823
-0.034418
-0.034418
-0.029953
-0.017835
-0.027721
-0.032823
-0.021343
-0.023256
-0.021661
-0.014645
-0.018153
-0.024851
-0.0050782
0.0019378
2.4388e-05
-0.0028458
-0.0041214
0.0025757
0.010548
0.014056
0.0099106
0.0051269
0.004808
0.0013
0.0057648
0.0044891
-0.0018891
-0.0089051
-0.021024
-0.0076295
-0.0028458
-0.0085862
-0.0060349
-0.0076295
-0.0085862
-0.0069916
0.0095917
-0.0044404
-0.0063538
-0.0038025
-0.00093234
-0.00029452
-0.00061343
-0.00061343
-0.0098618
-0.0085862
-0.0015702
0.0089539
0.0003433
0.0054459
0.011505
0.00098112
0.0067215
0.020754
0.010548
0.0028946
0.008635
-0.0034836
0.0022568
0.01023
0.0092728
-0.0038025
0.025856
0.030002
0.028407
0.036699
0.041164
0.038294
0.039569
0.051369
0.049137
0.039888
0.043396
0.033829
0.022986
0.027451
0.029683
0.01023
-0.0018891
0.0054459
-0.00029452
-0.017516
-0.0060349
-0.0063538
-0.0028458
-0.00061343
0.011186
0.0013
0.0070404
-0.0034836
0.0032135
0.0073593
-0.013051
-0.017835
-0.01911
-0.01624
-0.011456
-0.017197
-0.030591
-0.031867
-0.03091
-0.040477
-0.047174
-0.022937
-0.034737
-0.049407
-0.045899
-0.043347
-0.041753
-0.043347
-0.040796
-0.054509
-0.036012
-0.03378
-0.03091
-0.033461
-0.035375
-0.028359
-0.021661
-0.012094
-0.012413
-0.014964
-0.018791
-0.010819
-0.0028458
0.00066221
-0.0073105
-0.0050782
-0.012413
0.0054459
0.0099106
0.01023
0.012462
0.012781
0.012143
0.015013
0.032234
0.031915
0.026494
0.015332
0.01884
0.017246
0.022348
0.018521
0.0067215
0.010867
0.012781
0.013738
0.0044891
0.0054459
0.0044891
0.00098112
0.0057648
0.016608
0.023624
0.038294
0.033829
0.022348
0.026175
0.029045
0.03064
0.02777
0.041483
0.033829
0.039569
0.037018
0.0041702
0.018202
0.036699
0.036061
0.0057648
-0.0018891
-0.0095429
-0.014645
-0.027402
-0.02804
-0.018791
-0.024213
-0.056104
-0.039202
-0.038245
-0.033142
-0.035694
-0.03665
-0.029953
-0.037288
-0.027721
-0.026445
-0.028359
-0.026445
-0.01624
-0.0098618
-0.012413
-0.0063538
-0.011456
-0.0066727
0.0025757
0.0067215
0.008316
0.0079971
-0.005716
-0.0066727
0.012462
0.02171
0.00098112
-0.0060349
-0.0082673
-0.0073105
-0.010819
-0.011456
-0.016878
-0.032186
-0.015921
-0.016878
-0.016878
-0.01911
-0.020386
-0.017516
-0.01624
-0.0069916
-0.0076295
-0.011456
-0.017197
-0.012094
-0.011137
-0.0105
-0.0079484
-0.015283
-0.026445
-0.010181
-0.0012513
-0.005716
-0.0063538
-0.005716
-0.0066727
-0.0041214
0.012143
-0.00061343
-0.0015702
2.4388e-05
0.00098112
0.0016189
-0.00093234
-0.0015702
-0.010181
-0.0041214
2.4388e-05
0.0051269
-0.0012513
-0.0018891
0.0019378
0.0003433
0.0073593
0.018521
0.0064026
-0.002208
0.0025757
0.0032135
0.0022568
0.0016189
2.4388e-05
-0.012413
-0.00029452
0.0028946
0.0016189
-0.0028458
-0.0025269
-0.00061343
-0.00093234
0.0067215
0.0060837
0.0070404
0.0003433
0.012462
0.016608
0.012143
0.008635
0.00098112
2.4388e-05
0.017246
0.026494
0.026813
0.042121
0.054558
0.030959
0.031278
0.052326
0.043077
0.03925
0.052963
0.049137
0.044991
0.046585
0.037975
0.00098112
0.0131
0.018521
0.0032135
-0.0098618
-0.0089051
-0.01337
-0.023894
-0.028678
-0.02517
-0.042072
-0.054509
-0.051639
-0.044942
-0.045899
-0.050682
-0.05132
-0.064077
-0.047493
-0.041753
-0.042391
-0.04271
-0.03952
-0.037607
-0.036969
-0.021024
-0.027083
-0.026445
-0.030272
-0.024851
-0.023575
-0.02198
-0.020705
-0.026445
-0.030272
-0.019748
-0.0098618
-0.0069916
-0.0082673
-0.010819
-0.0089051
-0.0079484
0.015013
0.00098112
-0.0050782
-0.005716
-0.0015702
0.008316
0.004808
0.0038513
0.0060837
0.016927
0.0079971
0.0025757
-0.00093234
0.0044891
0.015332
0.012462
0.019797
0.026813
0.012143
0.0079971
0.019478
0.034786
0.028088
0.011824
0.021391
0.025856
0.042758
0.034786
0.032872
0.035104
0.040526
0.03925
0.046585
0.037018
0.029045
0.019478
0.008635
0.015013
0.014694
0.0054459
-0.010819
-0.020705
-0.022299
0.0003433
-0.00061343
-0.011775
-0.015283
-0.012413
-0.012094
-0.0073105
0.017883
-0.0041214
-0.0095429
-0.0076295
-0.0031647
-0.010819
-0.013689
-0.012413
-0.026445
-0.023894
-0.016878
-0.012094
-0.014327
-0.019429
-0.013051
-0.010819
-0.0089051
0.0054459
-0.0076295
-0.01911
-0.0073105
-0.0012513
-0.0079484
-0.0047593
-0.010819
-0.025488
-0.0079484
-0.014327
-0.017835
-0.018472
-0.019748
-0.02198
-0.018791
-0.0060349
-0.014645
-0.013689
-0.025807
-0.017197
-0.012413
-0.013051
-0.015283
-0.022618
-0.021661
-0.014327
-0.0053971
-0.005716
-0.0012513
0.0073593
0.0057648
0.016927
0.02777
0.0131
0.020116
0.023305
0.020754
0.021391
0.022667
0.024899
0.0131
0.019478
0.0131
0.019478
0.016927
0.0054459
0.00098112
-0.0015702
0.0079971
0.014375
0.0041702
-0.0085862
-0.0069916
-0.005716
-0.0076295
-0.0018891
-0.0073105
-0.015283
-0.00061343
0.0016189
0.0076782
0.0076782
0.0044891
0.0064026
0.010548
0.022986
0.012143
0.015651
0.017564
0.025537
0.025856
0.013419
0.014694
0.0022568
0.0028946
0.0076782
0.016927
0.014694
0.010548
0.011505
0.012781
0.011186
0.02171
-0.0095429
-0.01337
0.0022568
0.0019378
-0.0069916
-0.014327
-0.015283
-0.022299
-0.014645
-0.014645
-0.0076295
-0.021343
-0.018791
-0.0098618
-0.0098618
-0.0025269
0.0073593
0.0041702
-0.0050782
-0.0060349
-0.0076295
-0.0098618
-0.002208
-0.0038025
-0.01624
0.0022568
0.0079971
0.0076782
-0.0041214
-0.012732
-0.0063538
0.01023
0.042758
0.034786
0.029683
0.030321
0.032553
0.028088
0.024899
0.038612
0.023305
0.021072
0.026813
0.02777
0.013419
0.021072
0.025218
0.0073593
-0.00061343
0.011505
-0.0076295
-0.012732
-0.0069916
-0.0038025
-0.0076295
-0.009224
-0.011775
-0.027402
-0.017516
-0.020705
-0.021343
-0.0085862
-0.019429
-0.025807
-0.03091
-0.022618
-0.01624
-0.026445
-0.030272
-0.023256
-0.027721
-0.027083
-0.025488
-0.029953
-0.040796
-0.021024
-0.011137
-0.012094
-0.0085862
-0.0085862
-0.0047593
0.0019378
0.019478
0.0035324
0.0041702
0.0067215
0.0073593
0.0131
0.0051269
0.0028946
2.4388e-05
-0.0025269
-0.0085862
-0.0012513
-0.009224
-0.012094
-0.0098618
-0.0079484
-0.0063538
0.0044891
-0.013051
-0.019748
-0.0095429
-0.0066727
-0.0089051
-0.0076295
-0.0089051
-0.020705
-0.0038025
-0.0015702
-0.014327
-0.021024
-0.023256
-0.014645
-0.015283
-0.0069916
-0.0076295
-0.015921
-0.016559
-0.01624
-0.014964
-0.0105
-0.0050782
-0.014964
-0.025488
-0.0038025
0.0041702
0.0016189
-0.00061343
0.014694
0.010867
0.0079971
0.022029
0.004808
0.0070404
0.02171
0.030959
0.029364
0.022029
0.033191
0.023943
0.028407
0.03925
0.045947
0.036061
0.029683
0.032872
0.029683
0.032872
0.045629
0.016289
-0.00093234
-0.0018891
-0.0053971
-0.0050782
-0.015283
-0.011775
-0.032504
-0.0044404
-0.017197
-0.02517
-0.026126
-0.022299
-0.01337
-0.009224
0.0003433
0.0099106
0.0073593
-0.0053971
-0.00029452
-0.0079484
-0.0038025
-0.0079484
-0.011137
-0.027721
-0.014964
-0.0069916
-0.014964
-0.021661
-0.027721
-0.030272
-0.027083
-0.017835
-0.026445
-0.029315
-0.027083
-0.024851
-0.022937
-0.02517
-0.021661
-0.035375
-0.028678
-0.020705
-0.012413
-0.017835
-0.020705
-0.01624
-0.013051
-0.010181
0.0079971
-0.0053971
-0.0089051
-0.0031647
-0.0073105
-0.0085862
0.00098112
0.0051269
-0.012094
0.0038513
0.0035324
0.0038513
-0.00061343
-0.0034836
0.0057648
0.0070404
0.014375
0.02777
0.019159
0.008316
0.014056
0.01597
0.01597
0.016927
0.012143
-0.0015702
0.0095917
0.0131
0.012143
0.0003433
0.008316
0.013738
0.0051269
0.030002
0.0076782
0.0041702
0.0035324
0.008316
0.017564
0.02171
0.019797
0.0073593
0.0067215
0.0131
0.015651
0.013738
0.01023
0.008316
0.0003433
0.004808
0.014375
0.0019378
0.0073593
0.0041702
-0.0047593
0.0025757
0.0054459
0.0003433
-0.011137
0.010867
0.025856
0.020754
0.011824
0.014375
0.032553
0.033829
0.048818
0.037018
0.027132
0.017883
0.017883
0.012781
0.017883
0.017564
0.0016189
-0.026126
-0.021661
-0.010181
-0.01911
-0.03665
-0.041434
-0.042391
-0.046218
-0.036969
-0.047174
-0.058336
-0.054828
-0.04845
-0.047812
-0.049407
-0.048131
-0.052915
-0.047812
-0.023894
-0.0089051
-0.021024
-0.018791
-0.010181
-0.0047593
-0.0018891
0.019159
0.0131
0.0054459
0.014375
0.013738
0.012143
0.014694
0.0073593
-0.014645
0.00066221
0.0089539
0.0003433
-0.010181
-0.0034836
0.0044891
-0.0012513
0.0057648
0.0013
-0.0044404
-0.0076295
0.0003433
0.0013
0.0028946
-0.0015702
-0.0079484
-0.0053971
0.013419
-0.0079484
-0.0066727
0.0041702
-0.00093234
0.0022568
-0.0034836
0.019478
0.0016189
-0.010819
-0.014645
-0.0031647
2.4388e-05
0.0032135
0.0016189
-0.0066727
0.0022568
0.0025757
0.00066221
0.0051269
0.00066221
0.0003433
0.0073593
0.0079971
0.022348
0.008635
-0.013051
-0.020067
-0.0073105
-0.0038025
-0.0082673
-0.0085862
-0.019748
0.0073593
0.0076782
0.013738
0.03064
0.025218
0.01884
0.024899
0.045629
0.039569
0.052007
0.061574
0.059342
0.051688
0.038612
0.020754
0.019478
0.0076782
0.014375
0.012781
0.011186
0.0025757
-0.015921
-0.018791
-0.018472
-0.0018891
-0.015921
-0.023575
-0.016559
-0.022299
-0.024213
-0.014645
-0.017197
-0.022618
-0.0076295
0.0038513
-0.0018891
-0.00029452
2.4388e-05
0.0076782
0.014056
0.012781
0.021072
-0.00061343
0.0044891
-0.0018891
-0.0018891
0.0131
-0.0018891
-0.0047593
-0.014645
-0.0031647
0.0038513
0.0003433
-0.014645
-0.01911
0.0067215
0.016927
0.017564
0.02171
0.024262
0.01023
0.017564
0.03925
0.029364
0.03351
0.02458
0.008316
0.020754
0.029045
0.015332
0.0070404
-0.0089051
0.014694
0.0067215
0.018202
-0.0069916
-0.016559
-0.038883
-0.052596
-0.029634
-0.021343
-0.018153
-0.020705
-0.0038025
-0.023256
-0.0085862
-0.0028458
0.0051269
0.0070404
0.0019378
0.0022568
0.008635
0.015651
-0.014327
0.0041702
-0.0095429
-0.010181
-0.0085862
-0.027721
-0.040796
-0.021343
-0.01624
-0.014645
-0.026764
-0.027083
-0.01337
0.0067215
0.013738
0.013419
0.004808
0.0051269
0.014375
0.01023
0.024262
0.022986
0.023943
-0.0041214
0.00098112
0.020435
0.023943
0.0070404
-0.0015702
-0.0073105
-0.0079484
0.0089539
-0.017516
-0.010181
-0.014008
-0.0050782
-0.0063538
-0.01337
-0.01337
-0.031867
-0.014327
-0.011456
0.00098112
-0.017835
0.0073593
0.02777
0.032234
0.017564
0.021391
0.025218
0.025537
0.030002
0.0095917
-0.00029452
0.010867
0.0095917
-0.016878
-0.013689
-0.0105
-0.023894
-0.029953
-0.024851
-0.037288
-0.038883
-0.012094
-0.015602
-0.013689
-0.01624
-0.0085862
0.0019378
2.4388e-05
-0.0018891
-0.010181
-0.0060349
0.0099106
0.0035324
-0.00029452
-0.01624
-0.0076295
-0.028996
-0.0095429
-0.005716
-0.024532
-0.035694
-0.043666
-0.035375
-0.042072
-0.041115
-0.04271
-0.060569
-0.040796
-0.038883
-0.034418
-0.028678
-0.027083
-0.047174
-0.051639
-0.032823
-0.012094
-0.031229
-0.022299
-0.0079484
-0.025488
-0.015602
-0.0089051
-0.01911
-0.027721
0.00066221
0.035104
0.03351
0.016927
0.035423
0.015332
0.028407
0.048499
0.053282
0.046904
0.038612
0.056471
0.03638
0.037018
0.020435
0.015651
-0.0015702
-0.0050782
-0.026445
-0.031548
-0.01337
-0.03665
-0.053234
-0.050682
-0.019748
-0.023894
-0.057379
-0.089908
-0.086719
-0.075238
-0.062801
-0.068541
-0.054509
-0.033142
-0.037926
-0.016878
-0.011775
0.013738
0.011505
0.0070404
0.013738
0.028726
0.038294
0.050093
0.068909
0.048499
0.032234
0.040845
0.031915
0.018521
0.016608
0.011186
0.020754
0.020754
0.011505
0.0070404
0.012781
0.0064026
-0.015283
-0.014645
-0.0076295
-0.009224
-0.0060349
-0.010819
-0.010181
-0.015602
-0.0063538
-0.029315
-0.022618
-0.029315
-0.035056
-0.034737
-0.018472
-0.0066727
0.01023
-0.002208
0.0067215
0.012781
0.008635
0.010867
-0.0089051
-0.005716
0.012781
-0.018472
-0.031548
-0.024213
-0.032186
-0.026764
-0.031229
-0.046855
-0.046218
-0.03378
-0.035375
-0.042072
-0.048769
-0.032823
-0.029953
-0.02517
-0.0038025
0.0038513
0.023305
0.029364
0.025537
0.038294
0.037975
0.044353
0.046266
0.05392
0.035742
0.027132
0.043077
0.060617
0.070185
0.041164
0.035104
0.033829
0.043396
0.037975
0.048818
0.054239
0.050093
0.027132
0.0067215
-0.0073105
0.028407
0.0070404
2.4388e-05
-0.019429
-0.018153
-0.029953
-0.034737
-0.029634
-0.023894
-0.0044404
-0.0079484
-0.023894
-0.03091
-0.010819
0.00098112
-0.0063538
0.013419
0.01884
-0.0034836
-0.014645
-0.0098618
-0.014964
-0.012094
-0.011775
-0.033142
-0.055147
-0.040477
-0.026126
-0.02198
-0.018153
0.0092728
0.0003433
-0.0047593
0.012462
0.0025757
0.0070404
-0.0031647
-0.017516
-0.033142
-0.057698
-0.050363
-0.038245
-0.029953
-0.058017
-0.054828
-0.065352
-0.060569
-0.046218
-0.027721
-0.01911
-0.002208
0.0041702
-0.014645
2.4388e-05
0.029045
0.028088
0.052645
0.047542
0.03351
0.060936
0.058066
0.049455
0.026813
0.013738
0.027451
0.01884
0.029364
0.030002
0.039888
0.035423
0.036699
0.013419
-0.0050782
0.0095917
0.0079971
-0.012413
0.0089539
0.01884
0.013419
-0.0053971
-0.022618
-0.00061343
0.025537
0.040845
0.02458
0.036061
0.025218
0.013738
0.019478
0.040845
0.070503
0.051369
0.042758
0.030002
0.034148
0.044353
0.051688
0.040207
0.047542
0.052007
0.044991
0.033829
0.022667
0.023943
0.0076782
0.01884
0.042758
0.040207
0.008316
-0.0053971
0.01023
0.0092728
-0.012094
-0.0066727
0.0067215
-0.0047593
-0.002208
-0.0066727
0.0016189
0.014694
0.020754
0.021072
-0.023256
-0.016878
-0.028678
-0.043347
-0.0012513
0.0073593
-0.0060349
0.0070404
-0.0012513
-0.012094
-0.025488
-0.012094
-0.018153
-0.020386
-0.01337
-0.0069916
-0.01337
-0.018791
-0.038564
-0.033461
-0.032823
-0.032186
-0.043347
-0.043347
-0.039839
-0.036969
-0.036012
-0.018791
-0.041434
-0.067266
-0.06025
-0.045261
-0.041434
-0.03378
-0.029634
-0.019429
-0.0098618
0.026813
0.046904
0.059979
0.05679
0.065401
0.092189
0.073693
0.074012
0.12472
0.10526
0.11196
0.10495
0.080709
0.09793
0.085811
0.074012
0.075287
0.02777
-0.011456
0.015332
0.022986
0.01597
-0.0079484
-0.010181
0.019478
0.0013
-0.024213
-0.035694
-0.066947
-0.060887
-0.056742
-0.064395
-0.095649
-0.10043
-0.10107
-0.085125
-0.080022
-0.074282
-0.063758
-0.064395
-0.065671
-0.040158
-0.031867
-0.055785
-0.0095429
0.0044891
0.019797
0.059979
0.049137
0.042439
0.072736
0.077201
0.052326
0.072098
0.066995
0.076244
0.05679
0.064763
0.05105
0.055196
0.034786
0.054877
0.038294
-0.0066727
-0.0089051
-0.043347
-0.060569
-0.025488
-0.026126
-0.021024
-0.024851
-0.014327
-0.0025269
-0.021024
-0.019748
-0.037288
-0.036969
-0.031867
-0.0069916
-0.015283
-0.04271
-0.013051
0.015332
-0.0076295
0.0054459
-0.0066727
-0.011456
-0.0041214
0.040845
0.038294
0.027451
0.015332
0.033191
0.024262
0.044991
0.038294
0.053282
0.062531
0.064125
0.0060837
-0.012413
-0.015283
-0.024213
-0.02517
-0.011456
0.0035324
-0.0089051
-0.012413
-0.046536
-0.061206
-0.031229
-0.031229
-0.034099
-0.023575
-0.011775
-0.020067
-0.026445
0.018202
0.03351
0.04531
0.012781
0.012781
0.044672
0.035104
0.031278
0.063169
0.020435
-0.010181
-0.0069916
-0.0063538
-0.0047593
-0.011775
-0.034418
-0.052915
-0.058017
-0.055466
-0.06599
-0.054828
-0.060569
-0.062801
-0.063439
-0.03952
-0.041115
-0.051958
-0.043347
-0.023575
0.0016189
-0.0066727
-0.036331
-0.0041214
0.047223
0.055834
0.024899
0.031596
0.02458
0.0044891
0.032553
0.055515
0.062212
0.079752
0.078476
0.070185
0.055515
0.048499
0.015332
0.028407
0.0067215
-0.002208
-0.0082673
-0.0079484
-0.0041214
0.027132
-0.017516
-0.036331
-0.0047593
-0.035056
-0.033142
-0.0034836
-0.023256
-0.020386
0.031596
0.058385
0.044991
0.024899
0.01884
0.047223
0.038294
0.021391
0.038612
0.0035324
0.030321
0.055196
0.0057648
-0.026764
-0.043347
-0.03091
-0.063758
-0.035694
-0.031229
-0.036331
-0.042391
-0.046536
-0.028996
-0.037288
-0.030591
-0.037926
-0.053871
-0.069179
-0.084806
-0.055466
-0.061525
-0.053234
-0.046855
-0.048131
-0.072687
-0.076195
-0.058974
-0.036331
-0.047174
-0.052915
-0.031229
-0.0041214
0.019797
-0.0053971
0.026494
0.0054459
-0.012094
0.025218
0.041483
0.018202
0.029364
0.054239
0.038612
0.079752
0.041483
0.024899
0.033829
0.076244
0.070822
0.058385
0.082941
0.10048
0.051369
0.049137
0.038294
0.041483
0.048499
0.0076782
-0.012413
0.015013
0.0028946
-0.01624
0.0070404
-0.0089051
-0.032504
-0.057061
-0.064077
-0.047493
-0.041434
-0.050363
-0.028996
-0.010181
-0.030591
-0.050682
-0.073644
-0.10298
-0.10043
-0.082892
-0.057061
-0.069817
-0.050044
-0.061844
-0.073006
-0.057379
-0.051639
-0.060887
-0.065352
-0.048769
-0.036012
-0.024851
-0.022937
-0.033461
-0.044623
-0.028359
-0.010819
-0.0025269
-0.012413
-0.0082673
-0.00029452
-0.011456
-0.0098618
0.018202
0.013738
0.038612
0.017564
0.039888
0.040526
0.06285
0.049137
0.035742
0.013738
0.010867
0.024899
0.035742
0.0095917
-0.011456
-0.031548
-0.015283
-0.015283
-0.051958
-0.062482
-0.059293
-0.07779
-0.081298
-0.038245
-0.038564
-0.049088
-0.071411
-0.039202
-0.036331
-0.038245
-0.020067
-0.058017
-0.060887
-0.0034836
-0.01337
-0.050363
-0.013051
-0.0085862
-0.012094
-0.020067
-0.076195
-0.055785
-0.013689
-0.033461
-0.0073105
-0.0050782
-0.02517
-0.050682
-0.028359
-0.020705
-0.012094
-0.026764
-0.059293
-0.075876
-0.055466
-0.085762
-0.084487
-0.060887
-0.06312
-0.06025
-0.048769
-0.039839
-0.040477
-0.061525
-0.029953
-0.011137
0.012143
-0.0085862
-0.021661
0.0032135
-0.0060349
-0.0047593
0.0089539
0.015332
0.012462
0.0025757
-0.020067
-0.022299
-0.04845
-0.024532
-0.01624
-0.028996
-0.032823
-0.031229
-0.037288
-0.036012
-0.012413
-0.029953
-0.0012513
-0.014008
-0.034418
-0.039202
-0.033142
-0.026445
0.025537
0.052326
0.021391
0.025537
0.022029
2.4388e-05
0.028726
0.025856
0.066358
0.05105
0.0079971
-0.005716
0.011186
0.073374
0.044672
0.03064
0.0016189
0.0038513
0.010548
0.008635
0.022029
0.022029
0.011186
0.026813
0.0028946
-0.034099
-0.073006
-0.070455
-0.043028
-0.044304
-0.037926
-0.096286
-0.11415
-0.10203
-0.15688
-0.14317
-0.10553
-0.10649
-0.11702
-0.077152
-0.081617
-0.099794
-0.093735
-0.091503
-0.094692
-0.10043
-0.093416
-0.10362
-0.081298
-0.083849
-0.077471
-0.10522
-0.077471
-0.11128
-0.1285
-0.11287
-0.13487
-0.12116
-0.12786
-0.095011
-0.056742
-0.037926
-0.036012
-0.052596
-0.096924
-0.077152
-0.04558
-0.016878
-0.028359
-0.016559
-0.0060349
-0.027402
-0.017197
-0.041753
-0.038883
-0.037926
-0.037926
-0.016878
-0.014008
0.057428
0.062531
0.014056
0.026175
0.045947
0.044672
0.049774
0.041802
0.043077
0.059979
0.07433
0.037656
0.0057648
0.0073593
-0.0015702
0.023943
0.030959
0.041164
0.015651
0.020116
-0.0069916
-0.012413
0.0064026
-0.009224
0.013419
0.0028946
0.004808
-0.0044404
-0.053552
-0.058655
-0.0864
-0.087676
-0.086719
-0.095011
-0.10075
-0.09246
-0.068541
-0.05132
-0.067903
-0.09246
-0.083211
-0.087038
-0.036012
-0.022618
-0.06312
-0.086719
-0.082892
-0.068541
-0.081935
-0.099794
-0.10171
-0.10043
-0.132
-0.11957
-0.11925
-0.11096
-0.073006
-0.073644
-0.075876
-0.084806
-0.084168
-0.084168
-0.086081
-0.06886
-0.070774
-0.074919
-0.038245
-0.067266
-0.089908
-0.058336
-0.035694
-0.053552
-0.038245
-0.033142
-0.020386
-0.011456
-0.038883
-0.036969
-0.042072
-0.011775
0.0044891
0.059979
0.064763
0.065082
0.043396
-0.00093234
0.022348
0.038612
0.04818
0.021391
-0.0076295
-0.0060349
-0.014327
-0.0050782
-0.03378
-0.046536
-0.080341
-0.086081
-0.077152
-0.10139
-0.12531
-0.13169
-0.10585
-0.074282
-0.046855
-0.051001
-0.080022
-0.052915
-0.024851
-0.012094
0.020754
-0.0089051
0.018521
0.014694
-0.005716
-0.021024
-0.027083
-0.023894
-0.02198
0.018202
0.035423
-0.0095429
-0.039839
-0.01911
-0.010181
-0.020067
0.011186
-0.00093234
0.012781
0.00098112
-0.0073105
-0.013689
0.026494
0.020754
-0.022618
-0.056104
-0.070136
-0.059931
-0.037607
-0.048131
-0.066947
-0.076833
-0.093735
-0.088633
-0.060569
-0.02517
-0.020386
-0.0018891
0.0067215
-0.0044404
-0.023894
-0.024532
-0.017197
0.028726
0.05392
0.017883
0.0060837
-0.0076295
-0.029634
-0.04845
-0.052277
-0.08066
-0.11287
-0.1167
-0.10458
-0.099157
-0.097881
-0.086719
-0.087676
-0.061844
-0.0079484
0.0076782
-0.015602
-0.0031647
0.008635
0.029683
0.034148
0.07146
0.063169
0.045947
0.0013
0.030959
0.069866
0.079752
0.048818
0.0044891
0.026494
0.0067215
0.030959
0.041164
0.067314
0.026494
0.016289
0.0095917
0.025856
0.047223
0.037975
0.011824
0.019159
-0.0012513
-0.015921
-0.03091
-0.058974
-0.03378
-0.035375
-0.0076295
-0.020386
0.008316
-0.005716
-0.0095429
-0.0066727
-0.020386
-0.01337
-0.021343
-0.002208
-0.022937
-0.047812
-0.036331
-0.019748
-0.015921
-0.02198
-0.0076295
-0.051001
-0.064714
-0.066309
-0.03378
-0.036969
-0.037607
-0.059293
-0.0031647
0.030002
-0.0095429
-0.036969
-0.06599
-0.054828
-0.056104
-0.041753
-0.032823
-0.053552
-0.080341
-0.073006
-0.062163
-0.066628
-0.069817
-0.095011
-0.087357
-0.076195
-0.064714
-0.058336
-0.053552
-0.043985
-0.017835
0.083898
0.1582
0.14162
0.099843
0.069547
0.089
0.069866
0.072736
0.14513
0.095378
0.059023
0.060617
0.058385
0.050412
0.026813
-0.018472
-0.02198
-0.018791
-0.023575
-0.0018891
-0.0031647
-0.0025269
0.038294
0.073374
0.080071
0.048499
0.087725
0.08613
0.073693
0.050731
0.042439
0.030002
0.022348
-0.024532
-0.011456
-0.05132
-0.039202
-0.036331
-0.067903
-0.074601
-0.072687
-0.067585
-0.086719
-0.096286
-0.075876
-0.075557
-0.069179
-0.064077
-0.040158
-0.057698
-0.005716
0.00066221
-0.016878
-0.057698
-0.048131
-0.026764
0.028407
0.029364
0.020754
-0.00093234
0.041483
0.024899
0.0019378
-0.018791
0.039569
0.024899
0.015332
0.0028946
0.022029
0.0028946
0.022348
0.053601
0.035104
0.014694
0.020754
0.010867
0.050412
0.055834
0.048818
0.023943
0.024899
0.044034
0.078157
0.06285
0.013419
0.016608
0.022029
0.004808
0.0057648
-0.0028458
-0.029634
-0.01624
-0.015921
-0.017516
-0.015283
0.0038513
-0.0047593
-0.036969
-0.033461
-0.0089051
-0.017197
-0.018153
0.0060837
-0.017197
-0.040477
-0.056742
2.4388e-05
0.015013
0.03638
0.025856
0.010867
0.028726
0.037975
0.029683
-0.0053971
0.016608
0.028407
0.17638
0.1228
0.082622
0.078795
0.11005
0.096654
0.077201
0.010548
0.0051269
0.031596
0.055834
0.071779
0.046904
0.0092728
-0.017197
-0.020705
-0.065352
-0.064395
-0.057379
-0.085125
-0.12084
-0.097881
-0.097881
-0.10809
-0.088952
-0.11989
-0.12786
-0.11861
-0.12626
-0.078109
-0.084806
-0.074919
-0.085762
-0.065352
0.02777
0.00066221
0.011824
-0.014645
0.043396
0.076882
0.072098
0.040526
0.039888
0.050093
0.024262
0.00098112
-0.0082673
0.01597
-0.0034836
-0.011775
-0.058655
-0.045261
0.0076782
0.038294
-0.0095429
-0.012094
0.067314
0.049774
0.046585
-0.018472
-0.081617
-0.012413
0.054239
0.042439
-0.0060349
-0.055147
-0.064714
-0.039839
-0.064077
-0.096605
-0.14476
-0.16613
-0.1741
-0.16453
-0.081617
-0.07779
-0.11478
-0.1033
-0.05132
-0.056423
-0.081617
-0.065033
-0.087676
-0.056104
-0.082892
-0.039839
-0.064714
-0.097243
-0.045899
-0.041115
-0.074601
-0.079703
-0.0073105
0.022348
0.073055
0.088044
0.12057
0.084536
0.04818
-0.0012513
0.060617
0.057747
0.089
0.092508
0.083579
0.05679
0.03064
-0.016878
-0.090865
-0.12435
-0.11797
-0.1218
-0.11446
-0.084168
-0.043347
-0.076833
-0.096924
-0.032823
-0.0028458
0.026175
0.0051269
-0.020386
-0.018153
0.032553
-0.013689
-0.075557
-0.059931
-0.031229
0.0019378
-0.014327
-0.073325
-0.10936
-0.13998
-0.13424
-0.13711
-0.097562
-0.094373
-0.086719
-0.075238
-0.076195
-0.068541
-0.031548
-0.041434
-0.043347
0.0079971
0.01597
0.012781
0.031278
0.040526
-0.026445
0.01597
-0.0015702
0.029364
0.024899
0.035104
0.093784
0.13492
0.074012
0.046585
0.015332
0.05105
0.010548
0.0070404
-0.019429
-0.01911
-0.0066727
-0.0069916
-0.057698
-0.046536
-0.063439
-0.088314
-0.084487
-0.10362
-0.11893
-0.10235
-0.13296
-0.074601
-0.076514
-0.073006
-0.043985
-0.017516
-0.0063538
-0.036012
-0.028996
-0.0050782
0.060298
0.052007
0.031278
0.019797
0.035104
0.069547
0.0060837
0.033191
0.022348
-0.0050782
-0.02517
-0.088314
-0.074601
-0.053552
-0.092778
-0.08927
-0.09533
-0.12371
-0.0864
-0.0047593
0.022667
-0.02517
0.036699
0.044034
0.10112
0.1126
0.09506
0.15948
0.24431
0.14258
0.12121
0.030002
0.12472
0.018202
0.0099106
-0.028996
-0.049726
-0.058655
-0.075238
-0.11446
-0.16995
-0.22385
-0.22194
-0.19929
-0.19674
-0.18303
-0.14891
-0.13296
-0.097881
-0.081617
-0.052915
-0.054509
-0.023256
-0.021661
-0.078427
-0.057379
-0.00061343
0.029683
0.02458
0.017883
0.017564
0.0060837
0.044672
0.045629
0.040845
-0.0053971
0.02458
0.035742
0.022667
-0.043347
-0.021661
-0.002208
0.008316
0.0003433
-0.030591
-0.073006
-0.070774
-0.087357
-0.11606
-0.11446
-0.11829
-0.093735
-0.070774
-0.047174
-0.017516
-0.014645
-0.016559
-0.0089051
0.0067215
0.036061
0.069547
0.05392
0.028726
0.054877
0.074968
0.058066
0.012781
-0.037288
-0.069817
0.046904
0.091233
0.049455
0.044672
0.00098112
-0.031229
-0.055147
-0.018153
-0.042391
-0.0018891
0.0099106
0.0022568
-0.012094
0.0044891
-0.009224
-0.026445
0.0022568
0.036699
0.035742
0.026175
-0.031548
-0.086719
-0.0076295
0.0070404
-0.024532
-0.019748
-0.067266
-0.038883
-0.043666
-0.086719
-0.14349
-0.1269
-0.12403
-0.11702
-0.11638
-0.11893
-0.088633
-0.03665
-0.049088
-0.073006
-0.011456
-0.017197
-0.026445
-0.027721
-0.024213
0.0060837
0.0073593
0.0092728
-0.0098618
0.022986
0.022029
-0.016878
-0.013689
-0.010181
-0.0015702
0.012462
0.079752
0.052963
0.072417
0.069547
0.074649
0.054239
-0.020705
0.0038513
0.027132
0.015013
0.052326
0.032553
0.0073593
-0.038245
-0.05419
-0.050682
-0.059293
-0.066947
-0.081617
-0.056423
-0.068222
-0.093416
-0.074601
-0.039202
-0.044304
-0.034418
-0.032186
-0.038883
-0.04845
-0.043347
-0.033461
-0.039202
-0.014645
-0.02517
0.028088
0.0092728
-0.036969
-0.022299
-0.011775
-0.016559
0.021072
-0.00061343
-0.032823
-0.014327
-0.011775
-0.024851
-0.033142
-0.026445
0.0095917
-0.0098618
-0.01911
-0.014964
-0.043347
-0.043666
-0.023894
-0.015921
-0.02517
-0.025488
-0.027083
-0.046536
-0.035375
-0.0073105
-0.00061343
0.014694
0.032234
0.033829
0.045629
0.056153
0.052645
0.092508
0.085811
0.05679
0.064763
0.086449
0.08039
0.09506
0.050731
0.022667
-0.0031647
0.01023
0.032234
-0.014964
-0.050682
-0.040158
-0.031867
-0.052915
-0.0082673
-0.0076295
-0.014008
-0.018472
-0.0089051
-0.0018891
-0.019748
-0.0085862
-0.011775
0.022348
0.12982
0.11388
0.03351
0.029364
0.019159
0.052963
0.043715
-0.018153
-0.031229
0.0028946
0.03638
0.0013
-0.03091
-0.044942
-0.038883
-0.029315
-0.043666
-0.052915
-0.054509
-0.055466
-0.047174
-0.058336
-0.058017
-0.02198
-0.019748
-0.013689
0.0054459
-0.0038025
-0.010181
-0.038564
-0.028678
-0.022299
0.015013
0.0073593
0.0131
0.0035324
0.0022568
0.0060837
0.015332
-0.0089051
-0.02804
-0.026445
-0.031867
-0.022299
-0.016559
-0.028996
-0.051639
-0.044942
-0.046855
-0.042072
-0.034418
-0.033461
-0.032504
-0.022618
-0.009224
-0.02517
-0.011137
-0.0105
-0.0060349
-0.00093234
-0.0044404
-0.0069916
-0.023894
-0.018153
-0.00093234
0.025856
0.0064026
0.0022568
-0.00029452
0.0092728
0.0032135
0.0003433
0.0051269
0.022986
0.020435
0.0067215
0.00066221
0.014375
0.023943
0.032553
0.084536
0.13046
0.11132
0.095697
0.096016
0.12918
0.14736
0.10208
0.12918
0.14864
0.14481
0.096335
0.065082
0.049137
0.052326
0.07146
0.019478
-0.012094
-0.049407
-0.035375
-0.044623
-0.056104
-0.087357
-0.092778
-0.037288
-0.044304
-0.058017
-0.054509
-0.044942
-0.037607
-0.00061343
-0.017516
-0.020067
-0.013051
0.0095917
0.012143
0.020116
0.012143
0.011186
0.036061
0.022986
0.065401
-0.029634
0.0076782
-0.012413
-0.031867
-0.028678
-0.027083
-0.034418
-0.049407
-0.044942
-0.047493
-0.03952
-0.043347
-0.036012
-0.028996
-0.03378
-0.027721
0.0057648
-0.010181
-0.023894
-0.0060349
0.004808
0.0041702
0.0067215
0.011505
-0.0050782
-0.0015702
0.0070404
0.015332
0.017883
0.020116
0.016289
0.012781
0.020116
0.026175
0.025856
0.022986
0.025537
0.025856
0.043077
0.057109
0.041802
0.028088
0.051688
0.12057
0.15661
0.14003
0.12312
0.11037
0.11579
0.12663
0.1346
0.1193
0.070503
0.078157
0.096973
0.066995
0.081984
0.059023
0.034786
-0.0028458
-0.020067
-0.034418
-0.041753
-0.049407
-0.038564
-0.026445
-0.0073105
-0.083211
-0.061525
-0.073006
-0.084487
-0.067266
-0.064395
-0.069179
-0.10203
-0.077152
-0.061844
-0.05132
-0.040796
-0.033142
-0.029953
-0.021343
-0.027721
-0.02804
0.020116
0.016608
0.0057648
0.0131
0.010548
0.0095917
0.0092728
0.008635
0.040845
0.032553
0.031915
0.040845
0.043396
0.03925
0.043396
0.076882
0.059342
0.041802
0.051369
0.066677
0.07752
0.075287
0.040526
0.060617
0.083579
0.061255
0.071141
0.060617
0.059023
0.066677
0.11388
0.10208
0.083579
0.085173
0.039569
0.046585
0.057109
0.065082
0.053601
0.042758
0.025218
0.015651
0.024899
0.01023
-0.0018891
-0.0063538
-0.016559
-0.024213
-0.014645
-0.03378
-0.023256
0.012143
0.0044891
-0.0082673
0.014694
0.016608
0.015651
0.026494
0.051369
0.043715
0.059023
0.083898
0.080709
0.055196
0.08039
0.10271
0.080709
0.052645
0.074649
0.06285
0.03064
0.0067215
0.0003433
-0.009224
-0.0095429
-0.020386
-0.025807
-0.036331
-0.026126
-0.040158
-0.054828
-0.032504
-0.021343
-0.043028
-0.052915
-0.027721
-0.030272
-0.026126
-0.043028
-0.037926
-0.043347
0.0025757
-0.0047593
-0.01337
-0.009224
0.0070404
2.4388e-05
0.013738
0.014694
0.0099106
-0.0060349
-0.0047593
0.02458
0.062531
0.094103
0.10686
0.063487
0.033191
0.030959
0.072736
0.1126
0.11675
0.096973
0.060298
0.071141
0.10144
0.093146
0.098886
0.089957
0.095697
0.069228
0.05105
0.019159
0.027132
0.048818
0.065401
0.043715
0.034148
0.049455
0.041483
0.042439
0.097611
0.1075
0.052963
0.044034
0.042439
0.071779
0.066995
0.05392
0.004808
-0.049407
-0.0076295
0.0067215
-0.018791
-0.061844
-0.07779
-0.10553
-0.099476
-0.097562
-0.11574
-0.11032
-0.1151
-0.10585
-0.10235
-0.087676
-0.085762
-0.10011
-0.082573
-0.053871
-0.021343
0.0028946
-0.01337
-0.04845
-0.029315
-0.026126
0.013738
0.004808
-0.0060349
-0.033142
-0.029315
-0.015921
-0.042072
-0.048769
-0.053871
-0.048131
-0.046536
-0.031548
-0.0073105
0.022029
0.03351
0.014375
0.022029
0.042121
0.041483
0.03351
0.054239
0.080071
0.076563
0.078157
0.072098
0.012781
0.025218
0.041483
0.049774
0.024262
-0.0105
-0.043985
-0.036331
-0.023256
0.0051269
0.011186
0.011505
-0.014008
-0.021343
-0.054509
-0.05419
-0.057698
-0.057698
-0.0069916
-0.0060349
0.036699
0.026494
0.020754
0.016289
-0.02804
-0.00093234
0.00098112
-0.005716
0.00098112
0.0025757
0.023305
0.011186
-0.032504
-0.097562
-0.069179
-0.10171
-0.10011
-0.089908
-0.10968
-0.16007
-0.15337
-0.13169
-0.1167
-0.1285
-0.14667
-0.13137
-0.12403
-0.13169
-0.1269
-0.12499
-0.11829
-0.065352
-0.044304
-0.054509
-0.044304
-0.014964
-0.013051
-0.0031647
0.026494
0.015013
0.011186
0.03351
0.03925
-0.009224
0.004808
0.019478
0.01023
-0.011456
-0.020386
-0.0012513
0.00066221
-0.012413
-0.043666
-0.017835
-0.00029452
0.036061
0.029364
0.010867
0.042121
0.076244
0.075287
0.11738
0.1295
0.10367
0.075287
0.067314
0.10399
0.067952
0.084536
0.10176
0.098568
0.081984
0.07433
0.022348
-0.032186
-0.020705
0.016289
0.0044891
-0.037607
-0.067903
-0.065033
-0.043347
-0.034418
-0.027083
0.011186
0.0025757
-0.019429
-0.017516
-0.031548
-0.025807
-0.031229
-0.041434
-0.045261
-0.020386
-0.009224
-0.059293
-0.091822
-0.10553
-0.10968
-0.074919
-0.11478
-0.15369
-0.15337
-0.14189
-0.14125
-0.10458
-0.12499
-0.12467
-0.12563
-0.12116
-0.11128
-0.11925
-0.11064
-0.12307
-0.10139
-0.084806
-0.078109
-0.089908
-0.078746
-0.04845
-0.037288
-0.026126
0.01884
0.017564
-0.014008
0.038612
0.099524
0.11292
0.11834
0.11419
0.11005
0.1295
0.15501
0.19328
0.18786
0.18786
0.14577
0.13524
0.14991
0.13875
0.093465
0.072417
0.093784
0.080709
0.067952
0.057109
0.019478
0.014375
0.041164
0.054239
0.017564
0.0076782
0.01023
0.035742
0.024899
0.01884
0.0089539
-0.01624
0.0028946
0.019478
0.0025757
-0.015602
-0.057379
-0.097243
-0.084168
-0.076833
-0.074601
-0.08066
-0.10872
-0.13296
-0.13105
-0.10298
-0.10522
-0.11415
-0.12467
-0.11797
-0.11287
-0.09533
-0.077152
-0.069817
-0.091503
-0.062801
-0.047174
-0.04271
-0.031548
-0.021343
0.01023
-0.0089051
0.0028946
-0.011456
-0.022299
-0.010819
-0.026126
-0.011456
-0.0085862
-0.013051
-0.021343
-0.021024
-0.015283
-0.005716
-0.00029452
0.026175
0.035423
0.041164
0.097292
0.12855
0.1059
0.088681
0.10558
0.13365
0.1311
0.14896
0.15342
0.13524
0.15374
0.11993
0.10622
0.092189
0.099843
0.096973
0.056471
0.053282
0.096973
0.076563
0.040845
0.08039
0.028088
-0.015921
0.016608
-0.013051
-0.018791
-0.020705
-0.0066727
0.010548
-0.014964
-0.058017
-0.074601
-0.10585
-0.054509
-0.069179
-0.064714
-0.073006
-0.067266
-0.085125
-0.089589
-0.063439
-0.070774
-0.073963
-0.067266
-0.070136
-0.076195
-0.057379
-0.047174
-0.053871
-0.056742
-0.039839
-0.046855
-0.053234
-0.056104
-0.047174
-0.043985
-0.034737
-0.024532
-0.038564
-0.015283
-0.0066727
0.004808
2.4388e-05
-0.0076295
0.014694
0.015013
0.03351
0.034786
0.029364
0.036061
0.028088
0.021391
0.048818
0.039888
0.055515
0.060298
0.073055
0.11483
0.10335
0.08613
0.10909
0.093784
0.092827
0.10654
0.08613
0.064763
0.028407
0.03351
0.020754
-0.0098618
-0.022299
-0.047812
-0.0060349
0.0013
-0.037288
-0.086719
-0.073644
-0.066628
-0.058336
-0.056742
-0.027402
-0.012094
0.00098112
0.020754
0.026813
0.02458
0.050412
0.089319
0.097611
0.11419
0.088044
0.1008
0.10782
0.10558
0.1193
0.12153
0.12153
0.10782
0.090914
0.039569
0.0051269
-0.021343
-0.024213
-0.041753
-0.081298
-0.11032
-0.10426
-0.10362
-0.10171
-0.095011
-0.091184
-0.094054
-0.085443
-0.084168
-0.069817
-0.031548
-0.043028
-0.036012
-0.01337
-0.0085862
0.0025757
-0.010819
0.0003433
0.022348
0.048499
0.032872
0.043077
0.048499
0.030959
0.032234
0.053601
0.042121
0.026494
0.031596
0.064125
0.027451
0.046266
0.063806
0.062212
0.10909
0.063487
0.054239
0.079114
0.094422
0.099205
0.089
0.13301
0.13843
0.12536
0.11515
0.048818
0.030321
0.050412
0.040845
0.0095917
0.0092728
0.011186
-0.046855
-0.080979
-0.10107
-0.10171
-0.11064
-0.095011
-0.093416
-0.1049
-0.096924
-0.08066
-0.078746
-0.11989
-0.10458
-0.07173
-0.062163
-0.037607
-0.033461
-0.017835
0.0016189
0.0060837
0.013419
0.011505
0.017564
0.037018
0.031596
0.041483
0.02171
0.031915
0.029683
0.038612
0.036061
0.025537
0.0131
0.0131
0.02777
0.020116
0.017883
0.016289
0.015013
0.01597
0.011186
0.016927
0.0032135
-0.0012513
0.00098112
-0.0069916
-0.0076295
-0.011137
-0.015283
-0.0073105
0.018521
0.025856
0.0013
0.0099106
0.039888
0.037656
0.088362
0.1311
0.11962
0.082941
0.084217
0.076244
0.085811
0.093146
0.10048
0.089957
0.089
0.068909
0.041164
0.040845
0.046585
0.024899
0.050093
0.067314
0.032234
0.022029
0.043077
0.03064
0.028088
0.016289
0.023943
-0.031867
-0.031867
-0.035375
-0.035694
-0.050044
-0.065671
-0.066947
-0.089908
-0.1033
-0.11702
-0.15911
-0.12722
-0.10745
-0.10936
-0.10298
-0.092141
-0.078427
-0.07779
-0.034418
-0.038883
-0.050044
-0.064077
-0.025807
0.0016189
0.0025757
0.016289
0.015651
0.0028946
0.0076782
0.032234
0.012143
-0.015602
0.0041702
-0.0060349
-0.00029452
0.0025757
0.0028946
0.00098112
-0.0076295
-0.015283
-0.014645
-0.0028458
0.008316
-0.0069916
-0.020386
-0.0015702
0.0044891
0.038931
0.054558
0.052326
0.023305
0.049774
0.074012
0.085492
0.075606
0.078476
0.082303
0.13492
0.17511
0.13588
0.11388
0.084536
0.11802
0.11292
0.12727
0.081665
0.056153
0.07146
0.082941
0.05105
0.043077
0.025856
0.026175
0.025537
0.018202
-0.015921
-0.043347
-0.039202
-0.058655
-0.036012
-0.044942
-0.035694
-0.054828
-0.081935
-0.088952
-0.075557
-0.094692
-0.11255
-0.14189
-0.12977
-0.11797
-0.12052
-0.10649
-0.1151
-0.12403
-0.097562
-0.097562
-0.096286
-0.12882
-0.088314
-0.083849
-0.088314
-0.047812
-0.036012
-0.027721
-0.0038025
-0.0047593
0.016289
0.053601
0.047223
0.023943
0.041164
0.073693
0.072417
0.078476
0.086449
0.09187
0.097292
0.092827
0.10813
0.10909
0.10782
0.071779
0.053601
0.089638
0.081984
0.057428
0.034148
0.032234
0.023624
0.012462
-0.011137
-0.026445
-0.041115
-0.03091
-0.036969
-0.03091
-0.061206
-0.058017
-0.049088
-0.058336
-0.061844
-0.041753
-0.059612
-0.047493
-0.033142
-0.0079484
-0.042072
-0.050044
-0.064395
-0.055147
-0.046536
-0.033142
-0.0069916
-0.024213
-0.011137
0.0131
0.047542
0.015013
-0.027721
-0.010819
0.0022568
0.028407
0.012462
-0.010181
0.02171
0.0070404
-0.031229
-0.024532
-0.022299
-0.022937
-0.018153
-0.012413
-0.011775
-0.010181
0.056153
0.047542
0.020754
0.035742
0.040526
0.036699
0.056471
0.093784
0.10973
0.084536
0.071141
0.044353
0.061893
0.057428
0.058066
0.04531
0.011186
0.0089539
-0.0025269
-0.020705
-0.035056
-0.040796
-0.044304
-0.05132
-0.071093
-0.086081
-0.070774
-0.05132
-0.06886
-0.064714
-0.050044
-0.035694
-0.026764
-0.0066727
0.012781
-0.0089051
-0.014327
-0.01624
-0.0073105
0.0028946
0.0095917
-0.0034836
0.0041702
-0.0044404
-0.031229
-0.026126
-0.042391
-0.050682
-0.053552
-0.055147
-0.032504
-0.029634
-0.035375
-0.030272
-0.02517
-0.038245
-0.036012
-0.024851
-0.034418
-0.0095429
0.0025757
0.0051269
0.011824
0.014056
-0.0044404
-0.0041214
-0.00093234
0.011186
-0.00061343
-0.0012513
-0.011775
-0.021661
0.0076782
0.0044891
-0.00029452
-0.012732
-0.0085862
-0.005716
0.011824
0.034786
0.029045
0.046266
0.059661
0.066995
0.065401
0.053601
0.057109
0.066677
0.079114
0.059342
0.05392
0.043077
0.069866
0.052963
0.036061
0.026494
0.022348
0.022986
0.023624
0.024899
0.037018
0.0079971
0.014694
0.0064026
0.010867
-0.002208
-0.021343
-0.028678
-0.041753
-0.0069916
-0.015921
-0.016559
-0.012413
-0.031867
-0.042072
-0.058655
-0.040796
-0.023256
-0.040796
-0.058974
-0.067266
-0.053234
-0.032186
-0.030272
-0.04558
-0.058974
-0.029953
-0.017197
-0.020067
0.0019378
0.0067215
0.022029
0.0057648
0.029683
0.036061
0.033191
0.023305
0.052326
0.070185
0.043077
0.044034
0.030321
0.026175
0.035423
0.02171
-0.00029452
-0.0060349
-0.01624
-0.014645
-0.029634
-0.0034836
-0.024213
-0.038564
-0.040158
-0.034418
-0.038564
-0.032186
-0.035056
-0.045261
-0.033142
-0.019429
-0.015283
-0.024851
-0.02198
-0.0047593
-0.0047593
0.0060837
-0.00029452
-0.0028458
-0.012413
-0.009224
-0.0105
-0.009224
-0.005716
-0.0069916
-0.02198
-0.0050782
0.011824
0.010867
0.004808
-0.00029452
0.0003433
-0.0034836
0.01597
0.019797
0.010867
0.0057648
0.012781
0.0076782
0.0070404
0.014694
0.016289
-0.0018891
0.0041702
0.027132
0.031915
0.026175
0.029045
0.029683
0.033829
0.055834
0.042439
0.037656
0.034786
0.034467
0.034148
0.025537
0.037018
0.024262
0.026175
0.01884
0.028726
0.034467
0.033829
0.038612
0.043396
0.054877
0.061574
0.052645
0.057747
0.077201
0.05392
0.064444
0.071779
0.055834
0.057428
0.068271
0.043715
0.025537
0.010548
0.011186
-0.0028458
-0.009224
0.0099106
-0.014645
-0.028678
-0.046855
-0.051958
-0.056742
-0.057698
-0.061844
-0.067903
-0.070455
-0.062801
-0.051639
-0.056423
-0.050044
-0.03665
-0.041434
-0.058655
-0.042072
-0.0085862
-0.0085862
-0.020386
-0.015283
-0.0105
-0.012094
-0.0079484
-0.019429
-0.0063538
-0.0025269
-0.0076295
-0.015921
-0.016878
-0.0018891
-0.0038025
-0.010181
-0.013689
-0.014645
-0.019748
-0.011775
-0.0105
-0.01337
-0.01337
-0.011775
-0.023575
-0.0098618
-0.0028458
0.0022568
-0.002208
-0.0050782
2.4388e-05
0.0044891
0.021072
0.008635
0.0044891
0.0044891
0.010867
0.011824
0.0076782
0.0095917
0.0057648
0.008635
0.0028946
0.011824
0.011186
0.0079971
0.012781
0.012462
0.014056
0.037656
0.026494
0.028407
0.031915
0.033829
0.040845
0.048499
0.048499
0.027451
0.055515
0.057747
0.06572
0.071779
0.044034
0.032553
0.035423
0.035104
0.030002
0.023624
0.020116
0.0051269
-0.0063538
-0.0018891
0.008635
-0.01337
-0.023575
-0.013051
0.015013
0.011824
0.012781
0.023624
0.019797
0.022348
0.036699
0.021072
0.040207
0.03638
0.022667
0.01597
0.011824
-0.0047593
0.0032135
-0.0105
-0.012732
-0.017835
-0.03091
-0.03091
-0.035056
-0.038883
-0.025488
-0.009224
-0.019748
-0.028996
-0.02804
-0.024851
-0.02198
-0.017516
-0.018791
-0.034418
-0.0073105
-0.00061343
-0.018153
-0.014327
-0.0066727
-0.0076295
-0.012413
-0.0047593
-0.0047593
-0.009224
-0.017835
-0.018153
-0.012094
-0.0082673
-0.0105
-0.022618
-0.030591
-0.012094
-0.011775
-0.014008
-0.014645
-0.012732
-0.011775
-0.0069916
0.010548
-0.0028458
-0.0018891
-0.0031647
0.0016189
0.0016189
0.0016189
0.0013
-0.0063538
0.0016189
0.0038513
0.01023
0.0070404
0.0041702
0.0073593
0.0092728
0.011186
0.023943
0.015013
0.0070404
0.011186
0.010867
0.012462
0.011824
0.008635
-0.0047593
0.0079971
0.011824
0.0131
0.0095917
0.0095917
0.0089539
0.010548
0.018521
0.017564
0.014375
0.0064026
0.012143
0.012143
0.011505
0.012143
0.0041702
-0.0031647
0.015332
0.029364
0.028407
0.019797
0.035423
0.048818
0.056153
0.068909
0.054877
0.062531
0.062212
0.067314
0.061255
0.060936
0.048818
0.03925
0.021072
0.0067215
0.030959
0.01884
0.01023
0.0022568
-0.0076295
-0.012094
-0.009224
-0.02804
-0.030591
-0.022937
-0.021343
-0.024213
-0.0031647
-0.011456
-0.023256
-0.0031647
-0.0053971
-0.002208
-0.0018891
2.4388e-05
-0.0031647
-0.00029452
0.0070404
0.0054459
0.0095917
-0.0063538
-0.0018891
-0.0066727
-0.0050782
-0.010819
-0.023575
-0.03091
-0.018791
-0.017197
-0.019429
-0.020705
-0.021343
-0.020705
-0.018153
-0.0018891
-0.0073105
-0.016878
-0.020386
-0.0105
-0.0060349
-0.0082673
-0.0085862
-0.019429
-0.010819
-0.0044404
0.0016189
-0.0034836
-0.0025269
0.00066221
0.0013
0.0060837
0.019797
0.0099106
0.00066221
0.0051269
0.0089539
0.0095917
0.012462
0.0064026
-0.009224
0.0060837
0.0079971
0.012781
0.0076782
0.0067215
0.0092728
0.01023
0.017883
0.011824
0.011186
0.0073593
0.014694
0.011824
0.008635
0.0067215
0.0025757
-0.0044404
0.0057648
0.013738
0.0099106
0.0076782
0.0060837
0.0067215
0.0095917
0.024899
0.011505
0.0076782
0.008316
0.0092728
0.008635
0.0092728
0.0067215
-0.0028458
0.0076782
0.0067215
0.011824
0.008316
0.0038513
0.004808
0.0099106
0.015651
0.026813
0.016927
0.011824
0.0070404
0.0054459
0.012462
0.016289
0.015651
-0.0031647
0.0092728
0.008635
0.013419
0.017246
0.013419
0.010548
0.013419
0.028088
0.020116
0.021391
0.013738
0.020435
0.018521
0.016289
0.015013
0.0099106
0.0044891
0.011824
0.01023
0.0057648
0.0092728
0.0070404
0.01023
0.0092728
0.02458
0.011186
0.004808
0.0076782
0.015013
0.015332
0.015013
0.0099106
-0.0060349
-0.0038025
0.0099106
0.0131
0.0064026
-0.0034836
0.0035324
0.0067215
0.0089539
0.022029
0.013419
0.00098112
-0.0034836
-0.0073105
0.01023
0.013738
0.0089539
-0.018791
-0.0063538
0.0003433
0.0025757
-0.0060349
-0.0095429
-0.0098618
-0.0047593
0.0013
-0.0073105
-0.0098618
-0.01337
-0.010181
-0.0089051
-0.0073105
-0.0063538
-0.017835
-0.019748
-0.0073105
2.4388e-05
-0.0015702
-0.0044404
-0.0041214
-0.0031647
-0.00029452
0.016289
0.0051269
0.0013
-0.0012513
0.0041702
0.0095917
0.0022568
0.0022568
-0.0060349
0.0022568
0.0016189
0.0067215
0.0035324
0.0016189
0.0044891
0.0076782
0.010548
0.01597
0.010548
0.0032135
0.0067215
0.0076782
0.0067215
0.0051269
0.0057648
-0.01337
0.0051269
0.0076782
0.0064026
0.0041702
0.0016189
0.0016189
0.0038513
0.015651
0.0079971
0.0067215
0.0041702
0.0073593
0.008316
0.0064026
0.0076782
0.00098112
-0.0025269
0.008635
0.01884
0.0131
0.0089539
0.011824
0.011505
0.0044891
0.024899
0.019159
0.020435
0.017246
0.018521
0.013738
0.004808
0.0022568
-0.005716
0.0038513
0.010548
0.015013
0.0057648
-0.00093234
-0.00029452
-0.0050782
0.0016189
0.012462
0.0025757
-0.0085862
-0.005716
-0.0050782
-0.0044404
-0.0079484
-0.0082673
-0.023894
-0.0066727
-0.0044404
-0.0034836
-0.0066727
-0.0063538
-0.0031647
-0.0025269
0.010548
0.00066221
-0.00029452
-0.0015702
-0.002208
0.0013
0.0028946
-0.0015702
-0.0098618
-0.009224
-0.0025269
0.0054459
-0.0012513
-0.0034836
-0.0034836
-0.0025269
-0.00029452
0.017883
0.0044891
-0.0012513
-0.0012513
0.00098112
0.0013
0.0003433
-0.0034836
-0.012094
-0.00093234
-0.00061343
0.0025757
2.4388e-05
-0.0015702
0.0016189
0.00098112
0.0067215
0.011824
0.0051269
-0.0053971
0.0035324
0.0067215
0.0054459
0.010548
0.0025757
-0.017197
-0.0038025
0.0013
0.0028946
0.0028946
-0.00029452
2.4388e-05
0.0003433
0.0099106
0.0013
-0.00029452
-0.00029452
2.4388e-05
-0.00029452
-0.00093234
-0.0018891
-0.0076295
-0.009224
-0.0044404
0.0022568
-0.0012513
-0.0018891
-0.0018891
-0.0018891
-0.00029452
0.017564
0.0076782
0.0044891
0.0028946
0.00098112
0.0022568
0.0035324
0.0028946
-0.0073105
0.0025757
0.0016189
0.0054459
-0.0012513
-0.0028458
-0.0031647
-0.00061343
0.0041702
0.0051269
0.0016189
-0.0082673
-0.0047593
-0.0041214
-0.0038025
-0.0044404
-0.0073105
-0.023575
-0.0089051
0.00066221
-0.00061343
-0.002208
-0.0025269
-0.0060349
-0.0073105
0.004808
0.0016189
0.0051269
0.0019378
0.00098112
-0.00061343
-0.00093234
-0.00029452
-0.0095429
-0.0082673
-0.0015702
0.0051269
0.0013
-0.0050782
-0.00061343
-0.00093234
0.0019378
0.01597
0.0025757
-0.00029452
0.00066221
2.4388e-05
2.4388e-05
0.0016189
-0.0034836
-0.014008
-0.0018891
2.4388e-05
0.0016189
-0.0060349
-0.0038025
-0.0018891
-0.00029452
0.0060837
0.0073593
0.0016189
-0.0028458
-0.00093234
2.4388e-05
2.4388e-05
-0.0015702
-0.0044404
-0.019748
-0.0044404
0.0016189
-0.0012513
-0.0047593
-0.0047593
-0.0041214
-0.0012513
0.0095917
-0.00061343
-0.0015702
-0.0015702
0.0025757
0.004808
0.0013
0.0016189
-0.0105
-0.0073105
-0.002208
0.0057648
0.00066221
0.0025757
0.0016189
-0.00093234
-0.0018891
0.017564
0.0044891
-0.0028458
0.00066221
0.0022568
0.0019378
0.0019378
0.00098112
-0.012094
-0.0018891
-0.0025269
0.0028946
-0.0028458
-0.0038025
-0.00061343
-0.00061343
0.0044891
0.0057648
0.00098112
-0.0066727
-0.0034836
-0.0012513
-0.0066727
-0.0028458
-0.0076295
-0.018791
-0.0041214
-0.00061343
-0.0012513
-0.0044404
-0.0082673
-0.0082673
-0.0063538
0.010867
0.00098112
-0.0025269
-0.0028458
-0.00093234
-0.0031647
-0.0050782
-0.005716
-0.010181
-0.0073105
-0.005716
0.00066221
-0.0044404
-0.0041214
-0.0018891
-0.0015702
-0.00029452
0.015332
0.0035324
-0.0041214
-0.0041214
2.4388e-05
0.0038513
0.004808
-0.00093234
-0.014327
-0.002208
0.0003433
2.4388e-05
-0.0034836
-0.00029452
0.00098112
-0.0066727
0.0003433
0.0089539
0.0054459
-0.0063538
-0.0012513
-0.0025269
-0.0034836
-0.002208
-0.0073105
-0.019748
-0.0047593
0.0019378
-0.0012513
-0.0015702
-0.002208
-0.0041214
-0.0018891
0.013738
0.0019378
2.4388e-05
-0.002208
-0.002208
0.0013
0.0025757
-0.0018891
-0.011137
-0.0050782
-0.0028458
0.00066221
-0.0041214
-0.0041214
-0.0018891
-0.002208
0.0013
0.015651
0.0038513
-0.0044404
-0.0031647
-0.00029452
0.0016189
0.0035324
0.00098112
-0.014008
0.00098112
0.0016189
0.0013
-0.0028458
-0.002208
-0.00061343
0.00066221
0.011505
0.008316
0.0025757
-0.005716
-0.00029452
-0.00061343
-0.002208
-0.0015702
-0.0076295
-0.017835
-0.0063538
0.00066221
-0.0015702
-0.0050782
-0.0044404
-0.0034836
-0.002208
0.012143
-0.00029452
-0.0038025
-0.0041214
2.4388e-05
-0.0012513
-0.002208
-0.0028458
-0.012732
-0.0069916
-0.0050782
0.00066221
-0.0038025
-0.0066727
-0.0034836
-0.0034836
-0.0031647
0.0131
0.0028946
-0.0050782
-0.0025269
-0.00029452
-0.00061343
-0.0044404
-0.0041214
-0.017835
-0.0034836
-0.0012513
-0.00061343
-0.0053971
-0.0060349
-0.0034836
-0.0034836
0.0038513
0.0019378
0.0003433
-0.0044404
-0.00093234
-0.00093234
-0.00093234
-0.0031647
-0.0085862
-0.016878
-0.0034836
0.00098112
-0.0015702
-0.0028458
-0.0044404
-0.0060349
-0.0015702
0.016608
0.0041702
2.4388e-05
-0.0012513
0.0013
0.0022568
-0.00093234
0.0013
-0.010181
-0.00029452
0.0013
0.0051269
-0.00061343
2.4388e-05
-0.00093234
2.4388e-05
0.0025757
0.016289
0.0054459
-0.0015702
0.0038513
0.0025757
2.4388e-05
2.4388e-05
0.0003433
-0.012413
0.0032135
0.0025757
0.0028946
-0.0025269
-0.0041214
-0.00093234
0.00098112
0.0092728
0.0054459
0.0035324
-0.0031647
-0.00029452
0.0003433
-0.00029452
-0.00029452
-0.005716
-0.014964
-0.0031647
0.0032135
0.0019378
-0.002208
-0.00029452
-0.0028458
-0.00093234
0.017883
0.0057648
0.0013
0.0013
0.0051269
0.004808
0.0032135
0.0013
-0.0073105
0.0013
0.0016189
0.010548
0.0028946
0.0028946
0.0019378
0.0044891
0.0060837
0.017883
0.0092728
0.0019378
0.0041702
0.004808
0.0054459
0.0035324
0.0016189
-0.014964
0.0035324
0.0060837
0.0073593
0.0038513
0.0019378
0.0044891
0.0060837
0.010867
0.0073593
0.0076782
0.0028946
0.0070404
0.008635
0.0064026
0.0041702
-0.0028458
-0.0085862
0.0013
0.0089539
0.0041702
0.0022568
0.0028946
0.0019378
0.0060837
0.022667
0.0089539
0.0051269
0.0019378
0.0060837
0.0051269
0.0070404
0.0025757
-0.0079484
0.0022568
0.0025757
0.008635
0.0044891
0.0016189
0.0054459
0.0038513
0.0076782
0.017883
0.0095917
0.00098112
0.004808
0.0057648
0.0067215
0.0060837
0.0025757
-0.01337
0.0022568
0.0051269
0.0035324
-0.00061343
-0.00093234
2.4388e-05
0.0035324
0.012462
0.0054459
0.0054459
0.0013
0.0035324
0.0035324
0.0028946
2.4388e-05
-0.0034836
-0.010181
-0.00061343
0.008316
0.0025757
2.4388e-05
-0.00061343
-0.00061343
0.0041702
0.020754
0.0073593
0.0035324
0.004808
0.0025757
0.0025757
0.004808
0.0022568
-0.0073105
0.00098112
0.0013
0.0060837
0.0013
-0.0015702
0.00098112
0.0032135
0.0041702
0.014375
0.0070404
-0.0012513
0.0025757
0.0022568
0.0022568
0.0032135
2.4388e-05
-0.016878
-0.0012513
0.0035324
0.0035324
-0.00061343
-0.0028458
-0.00029452
0.0028946
0.010867
0.0057648
0.0044891
0.0016189
0.0035324
0.0041702
0.0019378
0.0019378
-0.0047593
-0.0085862
2.4388e-05
0.0073593
0.0025757
2.4388e-05
0.0003433
0.00098112
0.0038513
0.020116
0.0064026
0.0022568
0.0016189
0.0032135
0.0041702
0.004808
0.0013
-0.010819
-0.00061343
0.00066221
0.004808
0.0003433
-0.0018891
0.00098112
-0.00093234
0.0051269
0.011824
0.0060837
-0.002208
-0.00029452
0.0038513
0.0019378
0.0028946
0.0016189
-0.016878
0.00098112
0.0028946
0.0035324
2.4388e-05
-0.00061343
0.0003433
0.0025757
0.012781
0.0051269
0.0041702
-0.00061343
0.0025757
0.0028946
0.0016189
0.0041702
-0.0060349
-0.010181
2.4388e-05
0.0067215
0.0016189
2.4388e-05
0.00066221
0.0016189
0.0019378
0.019478
0.008316
0.0035324
0.0035324
0.004808
0.0051269
0.0067215
0.0019378
-0.0095429
0.00098112
0.0038513
0.0079971
0.0032135
0.0016189
0.0025757
0.0028946
0.0067215
0.013419
0.0089539
0.0016189
0.004808
0.004808
0.0054459
0.0028946
-0.00029452
-0.016559
0.0019378
0.0073593
0.004808
0.0019378
2.4388e-05
0.00098112
0.0028946
0.014375
0.0070404
0.0051269
0.0019378
0.0057648
0.0067215
0.0057648
0.0038513
-0.002208
-0.0060349
0.0016189
0.011505
0.0057648
0.0016189
0.0019378
0.0022568
0.0067215
0.02458
0.0073593
0.0032135
0.0054459
0.0057648
0.0070404
0.0044891
0.0028946
-0.0060349
0.0054459
0.0057648
0.0095917
0.0025757
0.0016189
0.004808
0.0057648
0.011186
0.015332
0.0092728
0.0032135
0.0064026
0.0070404
0.0067215
0.0057648
0.0041702
-0.013051
0.0038513
0.0089539
0.0076782
0.0051269
0.0022568
0.0041702
0.0064026
0.018202
0.0095917
0.0095917
0.0076782
0.01023
0.0079971
0.0054459
0.0067215
-0.0018891
-0.00061343
0.0054459
0.013738
0.0073593
0.0044891
0.0057648
0.0054459
0.0057648
0.023943
0.012781
0.0070404
0.0070404
0.008635
0.010548
0.0099106
0.0067215
-0.0041214
0.008635
0.008316
0.0076782
0.0038513
0.0044891
0.0070404
0.0089539
0.013419
0.016289
0.012462
0.0032135
0.0070404
0.0089539
0.01023
0.0089539
0.0057648
-0.010819
0.0060837
0.011186
0.0099106
0.004808
0.0044891
0.0067215
0.0070404
0.021072
0.011505
0.0092728
0.0073593
0.01023
0.01023
0.008316
0.0070404
0.0003433
0.0003433
0.0051269
0.011824
0.008316
0.0060837
0.0079971
0.0070404
0.0095917
0.026175
0.013738
0.0076782
0.0073593
0.010548
0.010867
0.011505
0.0070404
-0.0044404
0.010548
0.011505
0.013419
0.0092728
0.008635
0.010867
0.0131
0.017883
0.020435
0.016608
0.01023
0.014375
0.0131
0.015332
0.014375
0.011824
-0.0034836
0.013738
0.017883
0.016927
0.012781
0.012462
0.014375
0.016608
0.02777
0.018202
0.017883
0.015332
0.016927
0.016608
0.015651
0.014694
0.0067215
0.0092728
0.012781
0.020116
0.014375
0.012143
0.01597
0.015651
0.016289
0.033829
0.020754
0.012781
0.013419
0.020116
0.020435
0.022029
0.017246
0.0028946
0.018521
0.019159
0.02171
0.015651
0.017246
0.017246
0.018202
0.023624
0.025218
0.024262
0.014694
0.020435
0.020435
0.016289
0.016608
0.012143
0.0022568
0.015651
0.021391
0.018521
0.015013
0.013738
0.014056
0.01597
0.028088
0.01884
0.01597
0.013419
0.017246
0.017564
0.015332
0.013419
0.0044891
0.008635
0.011824
0.019797
0.013419
0.012781
0.0131
0.012462
0.013738
0.03351
0.019159
0.010867
0.013738
0.015013
0.014694
0.015332
0.014375
2.4388e-05
0.013419
0.014375
0.015651
0.010548
0.011505
0.014375
0.010548
0.017883
0.018521
0.018521
0.0079971
0.0131
0.014694
0.0099106
0.0095917
0.0057648
-0.0073105
0.0070404
0.011824
0.0099106
0.0057648
0.0060837
0.004808
0.0076782
0.022667
0.0079971
0.0067215
0.0044891
0.0073593
0.0060837
0.0041702
0.0028946
-0.0082673
-0.0060349
-0.0018891
0.0038513
-0.00093234
-0.0044404
-0.0050782
-0.005716
-0.0047593
0.011186
-0.0031647
-0.0085862
-0.0069916
-0.0063538
-0.0079484
-0.0066727
-0.009224
-0.023894
-0.010181
-0.0085862
-0.0044404
-0.0105
-0.013051
-0.0098618
-0.0082673
-0.0028458
-0.0012513
-0.0050782
-0.012732
-0.009224
-0.0076295
-0.0079484
-0.009224
-0.014008
-0.026764
-0.012094
-0.0053971
-0.0069916
-0.010819
-0.010181
-0.009224
-0.0069916
0.0067215
-0.0073105
-0.0082673
-0.0095429
-0.0044404
-0.0031647
-0.0050782
-0.0082673
-0.017516
-0.011775
-0.010181
-0.0044404
-0.0073105
-0.0082673
-0.0089051
-0.010819
-0.005716
0.01023
-0.0041214
-0.011456
-0.0085862
-0.0066727
-0.0076295
-0.0076295
-0.0098618
-0.023894
-0.010819
-0.0082673
-0.0085862
-0.011775
-0.014008
-0.011775
-0.0105
-0.0031647
-0.0050782
-0.0082673
-0.015921
-0.012413
-0.011456
-0.011456
-0.014645
-0.018472
-0.030272
-0.016559
-0.011775
-0.015602
-0.018153
-0.019429
-0.01911
-0.017197
-0.002208
-0.01624
-0.016878
-0.019748
-0.01624
-0.016878
-0.017835
-0.02198
-0.030272
-0.023256
-0.021024
-0.015921
-0.022618
-0.02198
-0.019748
-0.021661
-0.018153
-0.0041214
-0.015283
-0.022618
-0.01911
-0.017197
-0.018153
-0.019429
-0.020705
-0.03378
-0.018791
-0.016559
-0.013689
-0.018791
-0.021661
-0.017835
-0.014645
-0.0089051
-0.011456
-0.012732
-0.016878
-0.013689
-0.012732
-0.014327
-0.014008
-0.021343
-0.028996
-0.01624
-0.0098618
-0.011456
-0.015283
-0.015921
-0.014645
-0.012413
0.0051269
-0.0085862
-0.011456
-0.011775
-0.0095429
-0.009224
-0.0105
-0.010819
-0.017516
-0.011456
-0.0105
-0.0044404
-0.010181
-0.012094
-0.0079484
-0.0079484
-0.0038025
0.0079971
-0.002208
-0.0105
-0.0060349
-0.0047593
-0.0034836
-0.0047593
-0.0050782
-0.022299
-0.0066727
-0.0031647
0.00066221
-0.0047593
-0.0073105
-0.0053971
-0.0028458
0.0057648
0.0019378
-0.00093234
-0.0047593
-0.0012513
-0.00061343
-0.0031647
-0.0053971
-0.009224
-0.016878
-0.0050782
0.0016189
-0.0025269
-0.005716
-0.0063538
-0.0060349
-0.0034836
0.013419
0.0013
-0.0047593
-0.0053971
-0.0015702
-0.002208
-0.0038025
-0.0050782
-0.014645
-0.0076295
-0.0053971
0.00066221
-0.0050782
-0.0066727
-0.0041214
-0.0041214
-0.0031647
0.010867
0.0028946
-0.0073105
-0.002208
-0.0034836
-0.0034836
-0.0025269
-0.0044404
-0.020705
-0.0050782
-0.0031647
-0.00061343
-0.0041214
-0.0073105
-0.0073105
-0.0015702
0.0067215
0.00066221
-0.00061343
-0.0060349
-0.0031647
-0.00093234
-0.002208
-0.0047593
-0.0095429
-0.014327
-0.0047593
0.0025757
-0.0028458
-0.0044404
-0.0044404
-0.0034836
-0.002208
0.014694
0.0016189
-0.0025269
-0.002208
2.4388e-05
0.0013
0.00098112
-0.0031647
-0.013051
-0.0025269
-0.0025269
0.0019378
-0.0034836
-0.0050782
-0.0015702
-0.0012513
0.0019378
0.013738
0.0038513
-0.0044404
-0.0015702
0.0003433
0.0016189
-0.00029452
-0.002208
-0.017197
-0.0015702
0.0022568
0.0025757
-0.0034836
-0.0031647
-0.00061343
-0.00093234
0.012143
0.004808
0.0028946
2.4388e-05
0.0028946
0.0022568
0.0013
0.0003433
-0.0050782
-0.0076295
-0.00093234
0.0067215
0.0038513
-0.00061343
0.0016189
0.0019378
0.0022568
0.022348
0.008316
0.00098112
0.0041702
0.0060837
0.0067215
0.0057648
0.0019378
-0.0073105
0.0051269
0.0044891
0.0092728
0.0051269
0.0019378
0.0070404
0.0070404
0.008635
0.018202
0.010867
0.0028946
0.0070404
0.0073593
0.0079971
0.0076782
0.0057648
-0.012732
0.0044891
0.0060837
0.0064026
0.0025757
0.0057648
0.0035324
0.0051269
0.016289
0.0092728
0.0051269
0.0003433
0.0054459
0.0067215
0.0041702
0.0016189
-0.0047593
-0.0066727
0.0016189
0.0070404
0.0032135
0.00098112
-0.0012513
-0.00061343
0.0041702
0.021072
0.0070404
0.0028946
0.0013
0.0044891
0.0038513
0.0044891
2.4388e-05
-0.0095429
0.00098112
0.00098112
0.0044891
0.00066221
-0.00061343
0.0022568
0.0022568
0.008316
0.013419
0.0070404
-0.0025269
0.0028946
0.0035324
0.0028946
0.0019378
-0.0012513
-0.016878
0.00098112
0.0041702
0.0019378
-0.0015702
-0.002208
-0.0012513
0.00098112
0.012143
0.0022568
0.0041702
0.00066221
0.0022568
0.0025757
0.00098112
-0.00061343
-0.0076295
-0.0089051
0.0003433
0.0067215
0.0019378
-0.002208
-0.0012513
-0.00061343
0.0032135
0.020116
0.0044891
2.4388e-05
0.0013
0.0054459
0.004808
0.0025757
-0.00061343
-0.0095429
0.0016189
0.0022568
0.0054459
0.0013
-0.00029452
0.0019378
0.0028946
0.0079971
0.013419
0.0070404
-0.0015702
0.0025757
0.0057648
0.0032135
0.0013
0.00098112
-0.017516
0.0022568
0.0054459
0.0041702
-0.0012513
-0.0015702
0.00066221
0.0028946
0.012462
0.0044891
0.0044891
0.0019378
0.0051269
0.0044891
0.0028946
0.0013
-0.0053971
-0.0069916
-0.00061343
0.0079971
0.0028946
0.0019378
0.0019378
0.0019378
0.0057648
0.022986
0.0064026
0.0028946
0.0044891
0.0070404
0.0057648
0.004808
0.0025757
-0.0079484
0.0038513
0.0035324
0.0079971
0.0038513
0.0016189
0.0038513
0.0054459
0.0092728
0.013419
0.01023
0.0019378
0.004808
0.008316
0.0073593
0.0057648
0.00098112
-0.013051
0.0025757
0.0073593
0.008635
0.0022568
0.0016189
0.0032135
0.0038513
0.015332
0.0051269
0.0044891
0.0025757
0.0067215
0.0064026
0.0016189
0.0016189
-0.005716
-0.0066727
2.4388e-05
0.008635
0.0028946
-0.00093234
0.0019378
0.00066221
0.0041702
0.019797
0.0060837
0.00066221
0.00066221
0.0038513
0.0041702
0.0035324
0.00098112
-0.0105
0.00098112
0.0013
0.004808
2.4388e-05
-0.0012513
0.00098112
0.0022568
0.0038513
0.0099106
0.008316
-0.00093234
0.0019378
0.0025757
0.0028946
0.0019378
-0.0015702
-0.016878
2.4388e-05
0.0025757
0.0019378
-0.0012513
-0.0015702
-0.0018891
2.4388e-05
0.010548
0.0038513
0.0016189
-0.0031647
-0.002208
0.0019378
0.0016189
-0.0012513
-0.009224
-0.0066727
-0.0028458
0.0019378
-0.00093234
-0.0031647
0.0013
-0.00061343
-0.00061343
0.016289
0.0038513
-0.0028458
2.4388e-05
0.0022568
0.0025757
2.4388e-05
-0.0015702
-0.01337
-0.00061343
0.0003433
0.0025757
-0.0015702
-0.0047593
-0.00093234
0.00098112
0.0041702
0.008316
0.0041702
-0.0041214
-0.00029452
0.0013
0.0003433
-0.00029452
-0.0034836
-0.019748
-0.0028458
0.0013
0.0003433
-0.0034836
-0.0028458
-0.0015702
0.00098112
0.012781
0.0016189
0.0019378
-0.00061343
0.0019378
0.0022568
0.00098112
-0.0015702
-0.009224
-0.0050782
-0.0018891
0.0044891
-0.0015702
-0.0038025
-0.0018891
-0.00061343
-0.0018891
0.016289
0.0019378
-0.0041214
-0.0034836
-0.00093234
-0.00093234
-0.0015702
-0.0038025
-0.017835
-0.0044404
-0.0038025
-0.0018891
-0.0069916
-0.0076295
-0.0044404
-0.0041214
0.00066221
0.0028946
-0.00061343
-0.0079484
-0.0044404
-0.002208
-0.0038025
-0.0050782
-0.009224
-0.02198
-0.005716
-0.002208
-0.002208
-0.0066727
-0.0089051
-0.0073105
-0.0041214
0.0076782
2.4388e-05
-0.0018891
-0.0050782
-0.0031647
-0.0015702
-0.0018891
-0.0031647
-0.011775
-0.0082673
-0.0047593
0.0028946
-0.002208
-0.0047593
-0.0018891
-0.0031647
-0.0012513
0.015013
0.0028946
-0.0034836
-0.0018891
-0.0018891
-0.00093234
-0.0018891
-0.0047593
-0.015921
-0.0018891
0.0003433
0.0013
-0.0050782
-0.0060349
-0.0044404
-0.0025269
0.0044891
0.0028946
0.0025757
-0.0050782
-0.00093234
-0.00093234
-0.0034836
-0.0038025
-0.0069916
-0.020386
-0.0060349
0.0013
-0.0028458
-0.0073105
-0.0063538
-0.005716
-0.0034836
0.010867
-0.00093234
-0.0034836
-0.0025269
0.0003433
0.0016189
-0.0015702
-0.0018891
-0.009224
-0.005716
-0.0044404
0.0070404
0.0016189
0.0003433
0.0054459
0.0022568
0.0054459
0.022029
0.010867
0.0044891
0.0067215
0.011186
0.0099106
0.010867
0.0073593
-0.0050782
0.008316
0.0099106
0.010548
0.0067215
0.0057648
0.0079971
0.0079971
0.013738
0.013419
0.0095917
0.0022568
0.0060837
0.0064026
0.0044891
0.0032135
-0.0047593
-0.015283
-0.00061343
0.0054459
0.0013
-0.0031647
-0.0038025
-0.0044404
-0.002208
0.01023
-0.0025269
-0.0038025
-0.0034836
-0.0025269
-0.00061343
-0.0050782
-0.0063538
-0.015283
-0.0076295
-0.0069916
-0.0018891
-0.005716
-0.0050782
-0.005716
-0.0047593
-0.0028458
0.010867
2.4388e-05
-0.0079484
-0.0050782
-0.0018891
-0.002208
-0.0015702
-0.0060349
-0.019429
-0.0028458
-0.00093234
-0.00061343
-0.0063538
-0.0053971
-0.0028458
-0.0038025
0.0044891
0.0051269
2.4388e-05
-0.0095429
-0.0044404
0.0028946
0.0035324
-0.0031647
-0.009224
-0.017516
-0.0031647
0.00098112
-0.00093234
-0.0038025
-0.0038025
-0.0018891
-0.002208
0.01597
0.0032135
0.0013
-0.00061343
0.0016189
0.0013
-0.00061343
-0.002208
-0.0095429
-0.0038025
-0.0038025
0.0044891
-0.0012513
-0.0066727
-0.0044404
2.4388e-05
0.0028946
0.015013
0.0019378
-0.0047593
-0.002208
-0.00061343
0.00098112
0.00066221
-0.002208
-0.018153
-0.002208
-0.002208
2.4388e-05
-0.0066727
-0.0095429
-0.0044404
-0.0041214
0.0025757
-0.0018891
-0.0041214
-0.012094
-0.0060349
-0.0047593
-0.0066727
-0.009224
-0.016559
-0.024851
-0.012094
-0.0073105
-0.0095429
-0.011775
-0.012732
-0.015921
-0.009224
0.0041702
-0.011775
-0.017197
-0.016878
-0.015283
-0.011456
-0.0085862
-0.014645
-0.031229
-0.023256
-0.020067
-0.012732
-0.018472
-0.01624
-0.015283
-0.015602
-0.015921
-0.0041214
-0.012413
-0.021661
-0.021343
-0.017835
-0.018153
-0.019429
-0.023575
-0.039202
-0.021024
-0.022937
-0.014964
-0.02198
-0.023894
-0.02517
-0.022937
-0.010819
-0.014964
-0.014645
-0.019748
-0.011775
-0.011456
-0.01624
-0.01337
-0.019429
-0.02517
-0.015921
-0.010181
-0.0105
-0.016878
-0.016878
-0.013051
-0.013051
-0.0015702
-0.0089051
-0.011775
-0.015921
-0.014645
-0.0085862
-0.010181
-0.016878
-0.02804
-0.016878
-0.013051
-0.0095429
-0.01911
-0.013051
-0.0082673
-0.0098618
-0.0082673
-0.0015702
-0.0079484
-0.015921
-0.013689
-0.010819
-0.011137
-0.009224
-0.01337
-0.031548
-0.0089051
-0.0076295
-0.0085862
-0.015283
-0.015283
-0.009224
-0.0095429
-0.002208
-0.0063538
-0.0063538
-0.010819
-0.010819
-0.0105
-0.0105
-0.0095429
-0.013689
-0.024213
-0.012732
-0.0079484
-0.012413
-0.015921
-0.014008
-0.012413
-0.0076295
0.0067215
-0.0073105
-0.014008
-0.0095429
-0.0063538
-0.0076295
-0.0076295
-0.009224
-0.023575
-0.011137
-0.012413
-0.0085862
-0.010819
-0.016878
-0.009224
-0.011775
-0.0069916
0.0032135
-0.0095429
-0.017516
-0.014008
-0.014327
-0.0069916
-0.009224
-0.013051
-0.031229
-0.012732
-0.0079484
-0.0085862
-0.015602
-0.016878
-0.014964
-0.011456
0.0019378
-0.0044404
-0.0079484
-0.014964
-0.0076295
-0.005716
-0.012413
-0.012094
-0.017835
-0.022299
-0.012413
-0.0079484
-0.011456
-0.012732
-0.014645
-0.015602
-0.012094
0.0051269
-0.011456
-0.013689
-0.01337
-0.011137
-0.011137
-0.011456
-0.01337
-0.023894
-0.012413
-0.014645
-0.010181
-0.011775
-0.014645
-0.01337
-0.015283
-0.009224
-0.0015702
-0.0053971
-0.014645
-0.011775
-0.009224
-0.0105
-0.011775
-0.01337
-0.03091
-0.013051
-0.010819
-0.0095429
-0.01337
-0.015283
-0.013689
-0.013689
-0.00061343
-0.010819
-0.0095429
-0.014327
-0.0105
-0.0079484
-0.011137
-0.012094
-0.020067
-0.024213
-0.013689
-0.002208
-0.009224
-0.012094
-0.013051
-0.013051
-0.012413
0.0060837
-0.005716
-0.012094
-0.012094
-0.0047593
-0.005716
-0.0089051
-0.011137
-0.021343
-0.0089051
-0.0089051
-0.0031647
-0.0095429
-0.012094
-0.0085862
-0.0041214
-0.0031647
0.0041702
-0.0031647
-0.0095429
-0.0050782
-0.0047593
-0.0018891
-0.0038025
-0.0079484
-0.026764
-0.0085862
0.00066221
-0.00061343
-0.0085862
-0.009224
-0.009224
-0.0041214
0.004808
-0.0031647
-0.0018891
-0.0076295
-0.0038025
-0.0031647
-0.0050782
-0.0063538
-0.014008
-0.013689
-0.0085862
0.00098112
-0.005716
-0.0076295
-0.0069916
-0.0082673
-0.0069916
0.01597
0.00098112
-0.010181
-0.0082673
-0.0028458
-0.0038025
-0.00061343
-0.0028458
-0.017835
-0.0079484
-0.0050782
-0.0018891
-0.0069916
-0.0060349
-0.0053971
-0.0038025
-0.00029452
0.008316
-0.0012513
-0.0073105
-0.0028458
-0.0012513
-0.0041214
-0.0041214
-0.005716
-0.022937
-0.0069916
-0.0012513
-0.0038025
-0.0047593
-0.009224
-0.0082673
-0.0069916
0.0003433
-0.0012513
-0.00093234
-0.0079484
-0.0028458
-0.0073105
-0.0031647
-0.0028458
-0.015283
-0.016559
-0.0085862
0.0003433
-0.0038025
-0.0053971
-0.0038025
-0.005716
-0.0041214
0.013419
2.4388e-05
-0.0034836
-0.0028458
-0.00061343
0.0003433
0.0019378
-0.00061343
-0.011775
-0.0012513
0.0003433
0.0032135
-0.00061343
-0.0034836
2.4388e-05
0.00098112
0.0032135
0.0099106
0.0070404
-0.0044404
0.00098112
-0.0018891
-0.0015702
-0.0015702
-0.0047593
-0.022618
-0.0063538
-0.00093234
-0.0053971
-0.0085862
-0.013689
-0.011137
-0.0095429
0.0019378
-0.0069916
-0.0085862
-0.012413
-0.009224
-0.0079484
-0.011775
-0.01337
-0.021024
-0.020705
-0.014645
-0.0105
-0.013689
-0.017835
-0.014008
-0.014964
-0.012732
0.0051269
-0.012094
-0.017516
-0.01911
-0.015921
-0.015921
-0.017516
-0.015921
-0.031867
-0.020386
-0.017835
-0.014645
-0.024213
-0.028678
-0.022937
-0.024532
-0.019429
-0.015602
-0.018153
-0.027402
-0.026764
-0.026126
-0.026445
-0.024851
-0.03091
-0.046855
-0.029315
-0.025807
-0.029634
-0.032504
-0.034418
-0.032823
-0.034737
-0.022299
-0.03091
-0.029953
-0.038245
-0.032823
-0.029634
-0.032823
-0.035694
-0.043347
-0.040477
-0.037926
-0.028678
-0.034737
-0.03378
-0.034737
-0.035056
-0.034737
-0.018472
-0.029953
-0.038564
-0.035056
-0.03378
-0.036012
-0.036012
-0.038245
-0.052277
-0.039839
-0.040158
-0.034737
-0.040158
-0.041434
-0.040477
-0.040477
-0.034099
-0.03091
-0.035375
-0.04271
-0.034099
-0.035056
-0.037288
-0.040477
-0.039202
-0.053234
-0.037607
-0.037607
-0.032823
-0.034418
-0.038564
-0.03952
-0.03665
-0.01911
-0.02804
-0.031867
-0.034418
-0.030272
-0.031548
-0.031867
-0.028996
-0.037288
-0.035056
-0.034418
-0.027721
-0.029315
-0.031867
-0.028996
-0.029634
-0.028996
-0.0098618
-0.023894
-0.028678
-0.027721
-0.024213
-0.024213
-0.024213
-0.027402
-0.040158
-0.026764
-0.026764
-0.024532
-0.030272
-0.026764
-0.02804
-0.026764
-0.021343
-0.020067
-0.023256
-0.02804
-0.022299
-0.023256
-0.022299
-0.020705
-0.02517
-0.037607
-0.020386
-0.014008
-0.016559
-0.018791
-0.019429
-0.018791
-0.01624
-0.00061343
-0.011456
-0.014008
-0.010819
-0.009224
-0.0076295
-0.0098618
-0.009224
-0.015921
-0.010819
-0.005716
0.0032135
-0.0038025
-0.0053971
-0.0015702
0.0016189
0.0028946
0.020754
0.0095917
0.0028946
0.0044891
0.0089539
0.010867
0.010867
0.0079971
-0.0063538
0.0099106
0.012143
0.016608
0.012143
0.010867
0.0131
0.018202
0.022667
0.024899
0.022986
0.017564
0.023305
0.028088
0.028088
0.029683
0.020435
0.01023
0.026813
0.033829
0.034786
0.031915
0.030002
0.03064
0.031596
0.049137
0.03638
0.032872
0.032872
0.034148
0.034148
0.035423
0.030321
0.020754
0.023943
0.028088
0.035104
0.029364
0.026813
0.028407
0.026175
0.029683
0.04531
0.032872
0.025218
0.026175
0.029045
0.030959
0.029683
0.026175
0.011505
0.027451
0.02777
0.029683
0.023305
0.023943
0.023943
0.026813
0.035742
0.028726
0.028407
0.024262
0.026175
0.027451
0.026175
0.023943
0.019797
0.0092728
0.022029
0.027451
0.023624
0.01884
0.019478
0.016927
0.017883
0.03064
0.018202
0.012781
0.011505
0.011824
0.011505
0.0099106
0.0054459
-0.009224
-0.002208
0.0025757
0.0067215
-0.002208
-0.0018891
-0.00061343
-0.0018891
-0.00061343
0.015651
0.0060837
-0.00029452
0.0041702
0.0019378
0.0022568
0.0044891
0.0022568
-0.012413
0.0051269
0.0067215
0.008316
0.0054459
0.0019378
0.004808
0.0022568
0.014375
0.012143
0.0070404
2.4388e-05
0.0054459
0.0041702
0.0032135
0.0016189
-0.0073105
-0.014327
-0.002208
0.0032135
-0.0018891
-0.0050782
-0.0079484
-0.0073105
-0.0063538
0.008635
-0.0069916
-0.011456
-0.010819
-0.0066727
-0.0085862
-0.011775
-0.012732
-0.023894
-0.014008
-0.013051
-0.0089051
-0.013689
-0.014964
-0.014327
-0.014008
-0.0089051
0.0003433
-0.0105
-0.017197
-0.014645
-0.014327
-0.014008
-0.015283
-0.018791
-0.035694
-0.018791
-0.014008
-0.014645
-0.018153
-0.020705
-0.019748
-0.016878
-0.0073105
-0.0105
-0.011775
-0.017835
-0.014645
-0.005716
-0.0069916
-0.0105
-0.017835
-0.020386
-0.009224
-0.00093234
-0.0044404
-0.0066727
-0.0053971
2.4388e-05
-0.00029452
0.019797
0.0070404
0.0060837
0.0051269
0.011824
0.0131
0.0131
0.010548
0.0013
0.01597
0.016289
0.022667
0.020116
0.01884
0.022348
0.025856
0.02458
0.035423
0.033829
0.027132
0.031596
0.035423
0.032872
0.034467
0.03064
0.016927
0.035742
0.040207
0.040207
0.03638
0.033829
0.034148
0.037018
0.045629
0.040207
0.037337
0.03064
0.034148
0.030959
0.029683
0.026494
0.018202
0.011505
0.021072
0.025856
0.019797
0.017883
0.014694
0.011824
0.014694
0.03064
0.014056
0.010548
0.012143
0.011824
0.010548
0.0089539
0.0067215
-0.0041214
0.0051269
0.0060837
0.0099106
0.0038513
0.0016189
0.0044891
0.0038513
0.0067215
0.017246
0.0073593
-0.0015702
0.0013
